! 16C energy loss (dE/dX) in H
! apply ZOOM for details
Energy (MeV/u)1	0 - [He-base] F.Hubert et al, AD&ND Tables 46(1990)1	Energy (MeV/u)2	1 - [H -base] J.F.Ziegler et al,Pergamon Press,NY(low energy)	Energy (MeV/u)3	2 - ATIMA 1.2 LS-theory (recommended for high energy)	Energy (MeV/u)4	3 - ATIMA 1.2 without LS-correction	Energy (MeV/u)5	4 - ATIMA 1.4 H.Weick, improved mean charge formula for HI	Energy (MeV/u)6	5 - electrical component of [1] - J.F.Ziegler et al	Energy (MeV/u)7	6 - nuclear component of [1] - J.F.Ziegler et al	
0.001000	5.09176   	0.001000	5.09176   	0.001000	5.17441   	0.001000	5.17441   	0.001000	5.17437   	0.001000	2.17343   	0.001000	2.91833   	
0.002000	5.00361   	0.002000	5.00361   	0.002000	5.37555   	0.002000	5.37555   	0.002000	5.37553   	0.002000	2.81859   	0.002000	2.18502   	
0.005000	5.2992    	0.005000	5.2992    	0.005000	6.36954   	0.005000	6.36954   	0.005000	6.36954   	0.005000	3.97429   	0.005000	1.32491   	
0.008000	5.72434   	0.008000	5.72434   	0.008000	7.36505   	0.008000	7.36505   	0.008000	7.36505   	0.008000	4.74029   	0.008000	0.984055  	
0.010000	6.00186   	0.010000	6.00186   	0.010000	7.98201   	0.010000	7.98201   	0.010000	7.98201   	0.010000	5.15402   	0.010000	0.84784   	
0.015000	7.00456   	0.015000	7.00456   	0.015000	9.13876   	0.015000	9.13876   	0.015000	9.13877   	0.015000	6.37089   	0.015000	0.633668  	
0.020000	8.25476   	0.020000	8.25476   	0.020000	10.1198   	0.020000	10.1198   	0.020000	10.1198   	0.020000	7.7396    	0.020000	0.515169  	
0.025000	9.48126   	0.025000	9.48126   	0.025000	11.0813   	0.025000	11.0813   	0.025000	11.0813   	0.025000	9.04436   	0.025000	0.436905  	
0.030000	10.6802   	0.030000	10.6802   	0.030000	12.3443   	0.030000	12.3443   	0.030000	12.3443   	0.030000	10.2992   	0.030000	0.380953  	
0.035000	11.8476   	0.035000	11.8476   	0.035000	13.5462   	0.035000	13.5462   	0.035000	13.5463   	0.035000	11.5088   	0.035000	0.338753  	
0.040000	12.9799   	0.040000	12.9799   	0.040000	14.6856   	0.040000	14.6856   	0.040000	14.6856   	0.040000	12.6742   	0.040000	0.305673  	
0.045000	14.0739   	0.045000	14.0739   	0.045000	15.7615   	0.045000	15.7615   	0.045000	15.7615   	0.045000	13.7949   	0.045000	0.278973  	
0.050000	15.127    	0.050000	15.127    	0.050000	16.7735   	0.050000	16.7735   	0.050000	16.7735   	0.050000	14.87     	0.050000	0.256924  	
0.055000	16.1367   	0.055000	16.1367   	0.055000	17.7218   	0.055000	17.7218   	0.055000	17.7218   	0.055000	15.8983   	0.055000	0.238376  	
0.060000	17.101    	0.060000	17.101    	0.060000	18.6071   	0.060000	18.6071   	0.060000	18.6071   	0.060000	16.8785   	0.060000	0.222536  	
0.070000	18.8883   	0.070000	18.8883   	0.070000	20.1938   	0.070000	20.1938   	0.070000	20.1939   	0.070000	18.6914   	0.070000	0.196856  	
0.080000	20.4818   	0.080000	20.4818   	0.080000	21.5473   	0.080000	21.5473   	0.080000	21.5473   	0.080000	20.3049   	0.080000	0.176881  	
0.090000	21.8966   	0.090000	21.8966   	0.090000	22.6852   	0.090000	22.6852   	0.090000	22.6852   	0.090000	21.7358   	0.090000	0.16086   	
0.100000	23.1504   	0.100000	23.1504   	0.100000	23.6277   	0.100000	23.6277   	0.100000	23.6277   	0.100000	23.0027   	0.100000	0.147697  	
0.120000	25.1136   	0.120000	25.1136   	0.120000	25.0107   	0.120000	25.0107   	0.120000	25.0107   	0.120000	24.9863   	0.120000	0.127298  	
0.140000	26.4407   	0.140000	26.4407   	0.140000	25.8574   	0.140000	25.8574   	0.140000	25.8574   	0.140000	26.3285   	0.140000	0.112168  	
0.160000	27.2195   	0.160000	27.2195   	0.160000	26.3076   	0.160000	26.3076   	0.160000	26.3076   	0.160000	27.119    	0.160000	0.100463  	
0.180000	27.5103   	0.180000	27.5103   	0.180000	26.4732   	0.180000	26.4732   	0.180000	26.4732   	0.180000	27.4192   	0.180000	0.0911162 	
0.200000	27.5384   	0.200000	27.5384   	0.200000	26.4396   	0.200000	26.4396   	0.200000	26.4396   	0.200000	27.455    	0.200000	0.0834666 	
0.250000	26.9184   	0.250000	26.9184   	0.250000	25.8576   	0.250000	25.8576   	0.250000	25.8576   	0.250000	26.8491   	0.250000	0.0692502 	
0.300000	26.2413   	0.300000	26.2413   	0.300000	24.9732   	0.300000	24.9732   	0.300000	24.9733   	0.300000	26.1819   	0.300000	0.0593951 	
0.350000	25.4838   	0.350000	25.4838   	0.350000	24.0347   	0.350000	24.0347   	0.350000	24.0347   	0.350000	25.4317   	0.350000	0.0521323 	
0.400000	24.519    	0.400000	24.519    	0.400000	23.1746   	0.400000	23.1746   	0.400000	23.1746   	0.400000	24.4724   	0.400000	0.0465422 	
0.450000	23.5716   	0.450000	23.5716   	0.450000	22.5265   	0.450000	22.5265   	0.450000	22.5265   	0.450000	23.5295   	0.450000	0.0420972 	
0.500000	22.8132   	0.500000	22.8132   	0.500000	21.8899   	0.500000	21.8899   	0.500000	21.8899   	0.500000	22.7747   	0.500000	0.0384722 	
0.600000	21.5058   	0.600000	21.5058   	0.600000	20.7023   	0.600000	20.7023   	0.600000	20.7024   	0.600000	21.4729   	0.600000	0.0329035 	
0.700000	20.3988   	0.700000	20.3988   	0.700000	19.594    	0.700000	19.594    	0.700000	19.594    	0.700000	20.37     	0.700000	0.0288141 	
0.800000	19.4097   	0.800000	19.4097   	0.800000	18.6112   	0.800000	18.6112   	0.800000	18.6112   	0.800000	19.384    	0.800000	0.0256755 	
0.900000	18.5393   	0.900000	18.5393   	0.900000	17.7423   	0.900000	17.7423   	0.900000	17.7423   	0.900000	18.5161   	0.900000	0.0231859 	
1.000000	17.7588   	1.000000	17.7588   	1.000000	16.9647   	1.000000	16.9647   	1.000000	16.9647   	1.000000	17.7376   	1.000000	0.0211597 	
1.250000	15.9793   	1.250000	15.9793   	1.250000	15.2991   	1.250000	15.2991   	1.250000	15.2991   	1.250000	15.9619   	1.250000	0.0174232 	
1.500000	14.3891   	1.500000	14.3891   	1.500000	13.9114   	1.500000	13.9114   	1.500000	13.9115   	1.500000	14.3742   	1.500000	0.0148566 	
1.750000	13.1138   	1.750000	13.1138   	1.750000	12.7891   	1.750000	12.7891   	1.750000	12.7891   	1.750000	13.1008   	1.750000	0.0129787 	
2.000000	11.9795   	2.000000	11.9795   	2.000000	11.8508   	2.000000	11.8508   	2.000000	11.8508   	2.000000	11.9679   	2.000000	0.0115416 	
2.250000	11.0403   	2.250000	11.0403   	2.250000	11.0492   	2.250000	11.0492   	2.250000	11.0492   	2.250000	11.0299   	2.250000	0.0104045 	
2.500000	10.8445   	2.500000	10.2603   	2.500000	10.3541   	2.500000	10.3541   	2.500000	10.3542   	2.500000	10.2508   	2.500000	0.009481  	
3.000000	9.51818   	3.000000	9.02376   	3.000000	9.20489   	3.000000	9.20489   	3.000000	9.2049    	3.000000	9.01569   	3.000000	0.00806949	
3.500000	8.49037   	3.500000	8.0712    	3.500000	8.29166   	3.500000	8.29166   	3.500000	8.29166   	3.500000	8.06416   	3.500000	0.00703893	
4.000000	7.67028   	4.000000	7.31179   	4.000000	7.54777   	4.000000	7.54777   	4.000000	7.54777   	4.000000	7.30554   	4.000000	0.0062517 	
4.500000	7.00047   	4.500000	6.68974   	4.500000	6.9299    	4.500000	6.9299    	4.500000	6.92991   	4.500000	6.68411   	4.500000	0.00562971	
5.000000	6.4429    	5.000000	6.16889   	5.000000	6.40844   	5.000000	6.40844   	5.000000	6.40845   	5.000000	6.16376   	5.000000	0.00512521	
5.500000	5.97138   	5.500000	5.72545   	5.500000	5.96238   	5.500000	5.96238   	5.500000	5.96238   	5.500000	5.72074   	5.500000	0.00470737	
6.000000	5.5673    	6.000000	5.3429    	6.000000	5.5764    	6.000000	5.5764    	6.000000	5.5764    	6.000000	5.33855   	6.000000	0.00435534	
6.500000	5.21705   	6.500000	5.00927   	6.500000	5.23907   	6.500000	5.23907   	6.500000	5.23907   	6.500000	5.00521   	6.500000	0.00405449	
7.000000	4.91047   	7.000000	4.71559   	7.000000	4.94168   	7.000000	4.94168   	7.000000	4.94168   	7.000000	4.7118    	7.000000	0.00379426	
7.500000	4.63982   	7.500000	4.45504   	7.500000	4.67748   	7.500000	4.67748   	7.500000	4.67749   	7.500000	4.45147   	7.500000	0.00356684	
8.000000	4.39907   	8.000000	4.22225   	8.000000	4.44118   	8.000000	4.44118   	8.000000	4.44118   	8.000000	4.21888   	8.000000	0.0033663 	
8.500000	4.18349   	8.500000	4.01299   	8.500000	4.22853   	8.500000	4.22853   	8.500000	4.22853   	8.500000	4.0098    	8.500000	0.00318807	
9.000000	3.9893    	9.000000	3.82385   	9.000000	4.03613   	9.000000	4.03613   	9.000000	4.03613   	9.000000	3.82082   	9.000000	0.00302858	
9.500000	3.81344   	9.500000	3.65204   	9.500000	3.86119   	9.500000	3.86119   	9.500000	3.86119   	9.500000	3.64916   	9.500000	0.00288498	
10.000000	3.6534    	10.000000	3.33178   	10.000000	3.70141   	10.000000	3.70141   	10.000000	3.70141   	10.000000	3.32903   	10.000000	0.00275496	
11.000000	3.37289   	11.000000	3.11167   	11.000000	3.41474   	11.000000	3.4166    	11.000000	3.41556   	11.000000	3.10914   	11.000000	0.00252856	
12.000000	3.13501   	12.000000	2.91967   	12.000000	3.17071   	12.000000	3.17379   	12.000000	3.17188   	12.000000	2.91733   	12.000000	0.00233797	
13.000000	2.93063   	13.000000	2.75087   	13.000000	2.96049   	13.000000	2.96435   	13.000000	2.96175   	13.000000	2.7487    	13.000000	0.00217521	
14.000000	2.75308   	14.000000	2.6014    	14.000000	2.7775    	14.000000	2.78188   	14.000000	2.77875   	14.000000	2.59936   	14.000000	0.00203453	
15.000000	2.59735   	15.000000	2.46816   	15.000000	2.6168    	15.000000	2.62151   	15.000000	2.618     	15.000000	2.46624   	15.000000	0.00191166	
16.000000	2.45961   	16.000000	2.34866   	16.000000	2.47463   	16.000000	2.47949   	16.000000	2.47572   	16.000000	2.34686   	16.000000	0.00180337	
17.000000	2.33688   	17.000000	2.24091   	17.000000	2.34801   	17.000000	2.35288   	17.000000	2.34894   	17.000000	2.2392    	17.000000	0.00170719	
18.000000	2.22681   	18.000000	2.14326   	18.000000	2.23447   	18.000000	2.23932   	18.000000	2.23528   	18.000000	2.14164   	18.000000	0.00162116	
19.000000	2.12752   	19.000000	2.05435   	19.000000	2.13212   	19.000000	2.13693   	19.000000	2.13286   	19.000000	2.0528    	19.000000	0.00154373	
20.000000	2.03746   	20.000000	1.97306   	20.000000	2.03947   	20.000000	2.04417   	20.000000	2.04013   	20.000000	1.97159   	20.000000	0.00147366	
21.000000	1.95541   	21.000000	1.89845   	21.000000	1.95524   	21.000000	1.95976   	21.000000	1.95577   	21.000000	1.89704   	21.000000	0.00140993	
22.000000	1.88032   	22.000000	1.82972   	22.000000	1.87832   	22.000000	1.88266   	22.000000	1.87876   	22.000000	1.82837   	22.000000	0.00135171	
23.000000	1.81133   	23.000000	1.76621   	23.000000	1.80781   	23.000000	1.81197   	23.000000	1.80819   	23.000000	1.76491   	23.000000	0.00129831	
24.000000	1.74771   	24.000000	1.70734   	24.000000	1.74296   	24.000000	1.74696   	24.000000	1.74332   	24.000000	1.70609   	24.000000	0.00124913	
25.000000	1.68887   	25.000000	1.65261   	25.000000	1.68315   	25.000000	1.687     	25.000000	1.68349   	25.000000	1.65141   	25.000000	0.0012037 	
27.000000	1.58344   	27.000000	1.55394   	27.000000	1.57661   	27.000000	1.58009   	27.000000	1.57691   	27.000000	1.55282   	27.000000	0.00112245	
29.000000	1.49168   	29.000000	1.46742   	29.000000	1.48471   	29.000000	1.48775   	29.000000	1.48492   	29.000000	1.46637   	29.000000	0.00105187	
31.000000	1.41107   	31.000000	1.39092   	31.000000	1.40467   	31.000000	1.40716   	31.000000	1.4048    	31.000000	1.38993   	31.000000	0.000989981	
33.000000	1.33965   	33.000000	1.32277   	33.000000	1.33375   	33.000000	1.33574   	33.000000	1.3339    	33.000000	1.32184   	33.000000	0.000935239	
35.000000	1.27592   	35.000000	1.26167   	35.000000	1.27042   	35.000000	1.27197   	35.000000	1.27056   	35.000000	1.26079   	35.000000	0.000886463	
38.000000	1.19218   	38.000000	1.181     	38.000000	1.18715   	38.000000	1.18813   	38.000000	1.18724   	38.000000	1.18018   	38.000000	0.000822485	
41.000000	1.12001   	41.000000	1.11111   	41.000000	1.11534   	41.000000	1.11583   	41.000000	1.11534   	41.000000	1.11034   	41.000000	0.000767446	
44.000000	1.05714   	44.000000	1.04996   	44.000000	1.0526    	44.000000	1.05281   	44.000000	1.05264   	44.000000	1.04924   	44.000000	0.000719574	
47.000000	1.00184   	47.000000	0.995984  	47.000000	0.997467  	47.000000	0.997367  	47.000000	0.997458  	47.000000	0.995307  	47.000000	0.000677538	
50.000000	0.952804  	50.000000	0.947982  	50.000000	0.948544  	50.000000	0.948198  	50.000000	0.948497  	50.000000	0.947342  	50.000000	0.00064032	
55.000000	0.882314  	55.000000	0.878755  	55.000000	0.878104  	55.000000	0.877514  	55.000000	0.878076  	55.000000	0.878168  	55.000000	0.000586918	
60.000000	0.822932  	60.000000	0.82025   	60.000000	0.818756  	60.000000	0.817981  	60.000000	0.818732  	60.000000	0.819708  	60.000000	0.000542033	
65.000000	0.772183  	65.000000	0.770131  	65.000000	0.767987  	65.000000	0.767125  	65.000000	0.768016  	65.000000	0.769627  	65.000000	0.000503755	
70.000000	0.728279  	70.000000	0.726696  	70.000000	0.724182  	70.000000	0.723159  	70.000000	0.724153  	70.000000	0.726225  	70.000000	0.000470711	
75.000000	0.6899    	75.000000	0.688679  	75.000000	0.685814  	75.000000	0.684757  	75.000000	0.68583   	75.000000	0.688237  	75.000000	0.000441883	
80.000000	0.656045  	80.000000	0.655115  	80.000000	0.652069  	80.000000	0.650917  	80.000000	0.652048  	80.000000	0.654698  	80.000000	0.000416504	
85.000000	0.625943  	85.000000	0.625257  	85.000000	0.62203   	85.000000	0.620863  	85.000000	0.622038  	85.000000	0.624864  	85.000000	0.000393983	
90.000000	0.598992  	90.000000	0.598519  	90.000000	0.59523   	90.000000	0.593989  	90.000000	0.595196  	90.000000	0.598145  	90.000000	0.000373858	
95.000000	0.574711  	95.000000	0.57443   	95.000000	0.571053  	95.000000	0.56981   	95.000000	0.571043  	95.000000	0.574074  	95.000000	0.00035576	
100.000000	0.552713  	100.000000	0.552611  	100.000000	0.549184  	100.000000	0.547938  	100.000000	0.549189  	100.000000	0.552272  	100.000000	0.000339396	
105.000000	0.532685  	105.000000	0.532754  	105.000000	0.529298  	105.000000	0.528056  	105.000000	0.529319  	105.000000	0.53243   	105.000000	0.000324524	
110.000000	0.514367  	110.000000	0.514603  	110.000000	0.511188  	110.000000	0.509901  	110.000000	0.511175  	110.000000	0.514292  	110.000000	0.000310946	
115.000000	0.497545  	115.000000	0.497945  	115.000000	0.494559  	115.000000	0.493256  	115.000000	0.494535  	115.000000	0.497647  	115.000000	0.000298499	
120.000000	0.482037  	120.000000	0.482602  	120.000000	0.479233  	120.000000	0.477941  	120.000000	0.479224  	120.000000	0.482315  	120.000000	0.000287046	
125.000000	0.467693  	125.000000	0.468423  	125.000000	0.46509   	125.000000	0.4638    	125.000000	0.465084  	125.000000	0.468147  	125.000000	0.000276471	
130.000000	0.454383  	130.000000	0.45528   	130.000000	0.451989  	130.000000	0.450704  	130.000000	0.451988  	130.000000	0.455013  	130.000000	0.000266674	
135.000000	0.441996  	135.000000	0.443061  	135.000000	0.43982   	135.000000	0.438539  	135.000000	0.439822  	135.000000	0.442804  	135.000000	0.000257573	
140.000000	0.430437  	140.000000	0.431673  	140.000000	0.428487  	140.000000	0.42721   	140.000000	0.428491  	140.000000	0.431424  	140.000000	0.000249095	
145.000000	0.419624  	145.000000	0.421033  	145.000000	0.417905  	145.000000	0.416634  	145.000000	0.417911  	145.000000	0.420791  	145.000000	0.000241177	
150.000000	0.409485  	150.000000	0.411068  	150.000000	0.408004  	150.000000	0.406738  	150.000000	0.408011  	150.000000	0.410835  	150.000000	0.000233765	
155.000000	0.0988218 	155.000000	0.401718  	155.000000	0.398718  	155.000000	0.397457  	155.000000	0.398726  	155.000000	0.401491  	155.000000	0.000226811	
160.000000	0.0967299 	160.000000	0.392925  	160.000000	0.389993  	160.000000	0.388737  	160.000000	0.390001  	160.000000	0.392705  	160.000000	0.000220274	
165.000000	0.094758  	165.000000	0.384642  	165.000000	0.381779  	165.000000	0.380528  	165.000000	0.381787  	165.000000	0.384428  	165.000000	0.000214117	
170.000000	0.0928959 	170.000000	0.376825  	170.000000	0.374033  	170.000000	0.372787  	170.000000	0.37404   	170.000000	0.376617  	170.000000	0.000208307	
175.000000	0.0911345 	175.000000	0.369436  	175.000000	0.366715  	175.000000	0.365474  	175.000000	0.366722  	175.000000	0.369233  	175.000000	0.000202815	
180.000000	0.0894659 	180.000000	0.362441  	180.000000	0.359792  	180.000000	0.358556  	180.000000	0.359798  	180.000000	0.362243  	180.000000	0.000197615	
185.000000	0.0878827 	185.000000	0.355809  	185.000000	0.353232  	185.000000	0.352     	185.000000	0.353237  	185.000000	0.355616  	185.000000	0.000192685	
190.000000	0.0863785 	190.000000	0.349512  	190.000000	0.347008  	190.000000	0.345781  	190.000000	0.347012  	190.000000	0.349324  	190.000000	0.000188004	
195.000000	0.0849474 	195.000000	0.343526  	195.000000	0.341094  	195.000000	0.339872  	195.000000	0.341097  	195.000000	0.343342  	195.000000	0.000183553	
200.000000	0.0835842 	200.000000	0.337828  	200.000000	0.335468  	200.000000	0.334251  	200.000000	0.33547   	200.000000	0.337648  	200.000000	0.000179316	
210.000000	0.0810429 	210.000000	0.327217  	210.000000	0.325001  	210.000000	0.323793  	210.000000	0.325001  	210.000000	0.327045  	210.000000	0.000171422	
220.000000	0.0787212 	220.000000	0.317538  	220.000000	0.315465  	220.000000	0.314266  	220.000000	0.315462  	220.000000	0.317374  	220.000000	0.000164217	
230.000000	0.0765916 	230.000000	0.308675  	230.000000	0.306742  	230.000000	0.305552  	230.000000	0.306737  	230.000000	0.308517  	230.000000	0.000157613	
240.000000	0.0746312 	240.000000	0.300528  	240.000000	0.298732  	240.000000	0.297551  	240.000000	0.298725  	240.000000	0.300377  	240.000000	0.000151538	
250.000000	0.0728203 	250.000000	0.293015  	250.000000	0.291359  	250.000000	0.290182  	250.000000	0.291345  	250.000000	0.292869  	250.000000	0.00014593	
260.000000	0.0711425 	260.000000	0.286066  	260.000000	0.284529  	260.000000	0.283372  	260.000000	0.284525  	260.000000	0.285925  	260.000000	0.000140735	
270.000000	0.0695835 	270.000000	0.279619  	270.000000	0.278192  	270.000000	0.277062  	270.000000	0.278206  	270.000000	0.279483  	270.000000	0.000135911	
280.000000	0.0681311 	280.000000	0.273622  	280.000000	0.272325  	280.000000	0.2712    	280.000000	0.272333  	280.000000	0.273491  	280.000000	0.000131417	
290.000000	0.0667748 	290.000000	0.268032  	290.000000	0.26686   	290.000000	0.26574   	290.000000	0.266865  	290.000000	0.267905  	290.000000	0.000127222	
300.000000	0.0655053 	300.000000	0.262808  	300.000000	0.261756  	300.000000	0.260644  	300.000000	0.261759  	300.000000	0.262684  	300.000000	0.000123294	
310.000000	0.0643147 	310.000000	0.257916  	310.000000	0.256983  	310.000000	0.255876  	310.000000	0.256983  	310.000000	0.257796  	310.000000	0.000119611	
320.000000	0.0631957 	320.000000	0.253326  	320.000000	0.252509  	320.000000	0.251408  	320.000000	0.252506  	320.000000	0.25321   	320.000000	0.000116148	
330.000000	0.0621422 	330.000000	0.249012  	330.000000	0.248307  	330.000000	0.247211  	330.000000	0.248302  	330.000000	0.248899  	330.000000	0.000112887	
340.000000	0.0611487 	340.000000	0.244949  	340.000000	0.244355  	340.000000	0.243264  	340.000000	0.244347  	340.000000	0.24484   	340.000000	0.000109811	
350.000000	0.0602102 	350.000000	0.241118  	350.000000	0.240633  	350.000000	0.239545  	350.000000	0.24062   	350.000000	0.241011  	350.000000	0.000106903	
360.000000	0.0593224 	360.000000	0.237499  	360.000000	0.237111  	360.000000	0.236036  	360.000000	0.237104  	360.000000	0.237395  	360.000000	0.000104151	
370.000000	0.0584813 	370.000000	0.234076  	370.000000	0.233775  	370.000000	0.232719  	370.000000	0.23378   	370.000000	0.233975  	370.000000	0.000101541	
380.000000	0.0576834 	380.000000	0.230834  	380.000000	0.230627  	380.000000	0.22958   	380.000000	0.230635  	380.000000	0.230735  	380.000000	9.90641e-05	
390.000000	0.0569255 	390.000000	0.227759  	390.000000	0.227651  	390.000000	0.226606  	390.000000	0.227654  	390.000000	0.227663  	390.000000	9.67088e-05	
400.000000	0.0562047 	400.000000	0.22484   	400.000000	0.224826  	400.000000	0.223785  	400.000000	0.224827  	400.000000	0.224745  	400.000000	9.44667e-05	
410.000000	0.0555186 	410.000000	0.222064  	410.000000	0.222142  	410.000000	0.221105  	410.000000	0.222141  	410.000000	0.221972  	410.000000	9.23298e-05	
420.000000	0.0548646 	420.000000	0.219423  	420.000000	0.219589  	420.000000	0.218556  	420.000000	0.219587  	420.000000	0.219333  	420.000000	9.02907e-05	
430.000000	0.0542406 	430.000000	0.216907  	430.000000	0.21716   	430.000000	0.216131  	430.000000	0.217156  	430.000000	0.216818  	430.000000	8.83428e-05	
440.000000	0.0536448 	440.000000	0.214508  	440.000000	0.214847  	440.000000	0.21382   	440.000000	0.214839  	440.000000	0.214421  	440.000000	8.648e-05 	
450.000000	0.0530753 	450.000000	0.212218  	450.000000	0.212639  	450.000000	0.211615  	450.000000	0.212629  	450.000000	0.212133  	450.000000	8.46968e-05	
460.000000	0.0525304 	460.000000	0.21003   	460.000000	0.210525  	460.000000	0.209511  	460.000000	0.21052   	460.000000	0.209947  	460.000000	8.29882e-05	
470.000000	0.0520088 	470.000000	0.207938  	470.000000	0.208502  	470.000000	0.207501  	470.000000	0.208505  	470.000000	0.207857  	470.000000	8.13494e-05	
480.000000	0.0515089 	480.000000	0.205937  	480.000000	0.20657   	480.000000	0.205578  	480.000000	0.206578  	480.000000	0.205857  	480.000000	7.97764e-05	
490.000000	0.0510296 	490.000000	0.204021  	490.000000	0.204727  	490.000000	0.203738  	490.000000	0.204733  	490.000000	0.203943  	490.000000	7.82651e-05	
500.000000	0.0505696 	500.000000	0.202184  	500.000000	0.202964  	500.000000	0.201976  	500.000000	0.202967  	500.000000	0.202107  	500.000000	7.68119e-05	
520.000000	0.0497034 	520.000000	0.198733  	520.000000	0.19965   	520.000000	0.198668  	520.000000	0.19965   	520.000000	0.198659  	520.000000	7.40669e-05	
540.000000	0.0489025 	540.000000	0.195551  	540.000000	0.196599  	540.000000	0.195621  	540.000000	0.196595  	540.000000	0.19548   	540.000000	7.15176e-05	
560.000000	0.0481604 	560.000000	0.192611  	560.000000	0.193779  	560.000000	0.192807  	560.000000	0.193774  	560.000000	0.192541  	560.000000	6.91437e-05	
580.000000	0.0474713 	580.000000	0.189887  	580.000000	0.191163  	580.000000	0.190203  	580.000000	0.191163  	580.000000	0.18982   	580.000000	6.69273e-05	
600.000000	0.04683   	600.000000	0.187359  	600.000000	0.188736  	600.000000	0.187787  	600.000000	0.188741  	600.000000	0.187294  	600.000000	6.48532e-05	
620.000000	0.0462322 	620.000000	0.185008  	620.000000	0.186485  	620.000000	0.185542  	620.000000	0.186489  	620.000000	0.184945  	620.000000	6.29079e-05	
640.000000	0.045674  	640.000000	0.182819  	640.000000	0.18439   	640.000000	0.183452  	640.000000	0.184393  	640.000000	0.182758  	640.000000	6.10797e-05	
660.000000	0.0451519 	660.000000	0.180777  	660.000000	0.182437  	660.000000	0.181502  	660.000000	0.182438  	660.000000	0.180717  	660.000000	5.93582e-05	
680.000000	0.044663  	680.000000	0.178869  	680.000000	0.180612  	680.000000	0.17968   	680.000000	0.18061   	680.000000	0.178811  	680.000000	5.77342e-05	
700.000000	0.0442046 	700.000000	0.177084  	700.000000	0.178905  	700.000000	0.177975  	700.000000	0.178901  	700.000000	0.177027  	700.000000	5.61996e-05	
720.000000	0.0437742 	720.000000	0.175412  	720.000000	0.177306  	720.000000	0.176378  	720.000000	0.177299  	720.000000	0.175357  	720.000000	5.4747e-05	
740.000000	0.0433697 	740.000000	0.173844  	740.000000	0.175802  	740.000000	0.17488   	740.000000	0.175796  	740.000000	0.173791  	740.000000	5.33701e-05	
760.000000	0.0429891 	760.000000	0.172373  	760.000000	0.174385  	760.000000	0.173472  	760.000000	0.174384  	760.000000	0.172321  	760.000000	5.2063e-05	
780.000000	0.0426307 	780.000000	0.17099   	780.000000	0.173051  	780.000000	0.172148  	780.000000	0.173055  	780.000000	0.170939  	780.000000	5.08205e-05	
800.000000	0.0422929 	800.000000	0.16969   	800.000000	0.171799  	800.000000	0.170901  	800.000000	0.171804  	800.000000	0.16964   	800.000000	4.96378e-05	
820.000000	0.0419743 	820.000000	0.168467  	820.000000	0.170622  	820.000000	0.169725  	820.000000	0.170625  	820.000000	0.168418  	820.000000	4.85107e-05	
840.000000	0.0416736 	840.000000	0.167314  	840.000000	0.169512  	840.000000	0.168617  	840.000000	0.169513  	840.000000	0.167267  	840.000000	4.74353e-05	
860.000000	0.0413896 	860.000000	0.166228  	860.000000	0.168463  	860.000000	0.16757   	860.000000	0.168462  	860.000000	0.166182  	860.000000	4.64081e-05	
880.000000	0.0411212 	880.000000	0.165204  	880.000000	0.167471  	880.000000	0.16658   	880.000000	0.167469  	880.000000	0.165159  	880.000000	4.54259e-05	
900.000000	0.0408675 	900.000000	0.164238  	900.000000	0.166533  	900.000000	0.165644  	900.000000	0.16653   	900.000000	0.164194  	900.000000	4.44857e-05	
920.000000	0.0406275 	920.000000	0.163327  	920.000000	0.165646  	920.000000	0.164757  	920.000000	0.165641  	920.000000	0.163283  	920.000000	4.35849e-05	
940.000000	0.0404004 	940.000000	0.162466  	940.000000	0.164805  	940.000000	0.163918  	940.000000	0.164798  	940.000000	0.162423  	940.000000	4.27211e-05	
960.000000	0.0401855 	960.000000	0.161652  	960.000000	0.164005  	960.000000	0.163122  	960.000000	0.163999  	960.000000	0.161611  	960.000000	4.18919e-05	
980.000000	0.039982  	980.000000	0.160884  	980.000000	0.163245  	980.000000	0.162367  	980.000000	0.163242  	980.000000	0.160843  	980.000000	4.10954e-05	
1000.000000	0.0397893 	1000.000000	0.160158  	1000.000000	0.162522  	1000.000000	0.16165   	1000.000000	0.162522  	1000.000000	0.160118  	1000.000000	4.03295e-05	
1020.000000	0.0396068 	1020.000000	0.159472  	1020.000000	0.161836  	1020.000000	0.16097   	1020.000000	0.161839  	1020.000000	0.159432  	1020.000000	3.95926e-05	
1040.000000	0.039434  	1040.000000	0.158823  	1040.000000	0.161185  	1040.000000	0.160323  	1040.000000	0.16119   	1040.000000	0.158784  	1040.000000	3.8883e-05	
1060.000000	0.0392702 	1060.000000	0.15821   	1060.000000	0.160568  	1060.000000	0.159708  	1060.000000	0.160573  	1060.000000	0.158172  	1060.000000	3.81993e-05	
1080.000000	0.0391152 	1080.000000	0.15763   	1080.000000	0.159983  	1080.000000	0.159123  	1080.000000	0.159986  	1080.000000	0.157593  	1080.000000	3.75399e-05	
1100.000000	0.0389683 	1100.000000	0.157083  	1100.000000	0.159425  	1100.000000	0.158567  	1100.000000	0.159427  	1100.000000	0.157046  	1100.000000	3.69036e-05	
1120.000000	0.0388293 	1120.000000	0.156565  	1120.000000	0.158895  	1120.000000	0.158037  	1120.000000	0.158896  	1120.000000	0.156528  	1120.000000	3.62893e-05	
1140.000000	0.0386976 	1140.000000	0.156076  	1140.000000	0.158389  	1140.000000	0.157532  	1140.000000	0.158389  	1140.000000	0.15604   	1140.000000	3.56957e-05	
1160.000000	0.038573  	1160.000000	0.155613  	1160.000000	0.157907  	1160.000000	0.157052  	1160.000000	0.157907  	1160.000000	0.155578  	1160.000000	3.51219e-05	
1180.000000	0.0384551 	1180.000000	0.155177  	1180.000000	0.157448  	1180.000000	0.156594  	1180.000000	0.157447  	1180.000000	0.155142  	1180.000000	3.45668e-05	
1200.000000	0.0383437 	1200.000000	0.154765  	1200.000000	0.15701   	1200.000000	0.156157  	1200.000000	0.157008  	1200.000000	0.154731  	1200.000000	3.40296e-05	
1220.000000	0.0382383 	1220.000000	0.154377  	1220.000000	0.156593  	1220.000000	0.155741  	1220.000000	0.15659   	1220.000000	0.154343  	1220.000000	3.35093e-05	
1240.000000	0.0381387 	1240.000000	0.15401   	1240.000000	0.156196  	1240.000000	0.155344  	1240.000000	0.156191  	1240.000000	0.153977  	1240.000000	3.30052e-05	
1260.000000	0.0380447 	1260.000000	0.153665  	1260.000000	0.155816  	1260.000000	0.154965  	1260.000000	0.155811  	1260.000000	0.153632  	1260.000000	3.25166e-05	
1280.000000	0.037956  	1280.000000	0.15334   	1280.000000	0.155454  	1280.000000	0.154603  	1280.000000	0.155448  	1280.000000	0.153308  	1280.000000	3.20426e-05	
1300.000000	0.0378725 	1300.000000	0.153034  	1300.000000	0.155107  	1300.000000	0.154258  	1300.000000	0.155101  	1300.000000	0.153002  	1300.000000	3.15828e-05	
1320.000000	0.0377938 	1320.000000	0.152747  	1320.000000	0.154776  	1320.000000	0.153929  	1320.000000	0.15477   	1320.000000	0.152715  	1320.000000	3.11363e-05	
1340.000000	0.0377197 	1340.000000	0.152477  	1340.000000	0.154459  	1340.000000	0.153615  	1340.000000	0.154455  	1340.000000	0.152446  	1340.000000	3.07028e-05	
1360.000000	0.0376502 	1360.000000	0.152224  	1360.000000	0.154156  	1360.000000	0.153315  	1360.000000	0.154153  	1360.000000	0.152194  	1360.000000	3.02815e-05	
1380.000000	0.0375849 	1380.000000	0.151987  	1380.000000	0.153866  	1380.000000	0.153028  	1380.000000	0.153865  	1380.000000	0.151957  	1380.000000	2.9872e-05	
1400.000000	0.0375238 	1400.000000	0.151765  	1400.000000	0.153589  	1400.000000	0.152754  	1400.000000	0.15359   	1400.000000	0.151736  	1400.000000	2.94738e-05	
1420.000000	0.0374666 	1420.000000	0.151559  	1420.000000	0.153325  	1420.000000	0.152493  	1420.000000	0.153328  	1420.000000	0.15153   	1420.000000	2.90864e-05	
1440.000000	0.0374133 	1440.000000	0.151366  	1440.000000	0.153073  	1440.000000	0.152243  	1440.000000	0.153077  	1440.000000	0.151338  	1440.000000	2.87093e-05	
1460.000000	0.0373636 	1460.000000	0.151187  	1460.000000	0.152833  	1460.000000	0.152005  	1460.000000	0.152837  	1460.000000	0.151159  	1460.000000	2.83423e-05	
1480.000000	0.0373174 	1480.000000	0.151022  	1480.000000	0.152604  	1480.000000	0.151778  	1480.000000	0.152609  	1480.000000	0.150994  	1480.000000	2.79848e-05	
1500.000000	0.0372746 	1500.000000	0.150868  	1500.000000	0.152386  	1500.000000	0.15156   	1500.000000	0.15239   	1500.000000	0.150841  	1500.000000	2.76365e-05	
1520.000000	0.0372351 	1520.000000	0.150727  	1520.000000	0.152178  	1520.000000	0.151353  	1520.000000	0.152181  	1520.000000	0.1507    	1520.000000	2.7297e-05	
1540.000000	0.0371988 	1540.000000	0.150598  	1540.000000	0.151979  	1540.000000	0.151155  	1540.000000	0.151982  	1540.000000	0.150571  	1540.000000	2.69661e-05	
1560.000000	0.0371655 	1560.000000	0.150479  	1560.000000	0.15179   	1560.000000	0.150965  	1560.000000	0.151792  	1560.000000	0.150453  	1560.000000	2.66433e-05	
1580.000000	0.0371351 	1580.000000	0.150371  	1580.000000	0.151609  	1580.000000	0.150785  	1580.000000	0.151611  	1580.000000	0.150345  	1580.000000	2.63284e-05	
1600.000000	0.0371076 	1600.000000	0.150274  	1600.000000	0.151437  	1600.000000	0.150613  	1600.000000	0.151437  	1600.000000	0.150248  	1600.000000	2.60211e-05	
1620.000000	0.0370827 	1620.000000	0.150187  	1620.000000	0.151272  	1620.000000	0.150448  	1620.000000	0.151272  	1620.000000	0.150161  	1620.000000	2.57212e-05	
1640.000000	0.0370606 	1640.000000	0.150109  	1640.000000	0.151115  	1640.000000	0.150292  	1640.000000	0.151114  	1640.000000	0.150083  	1640.000000	2.54283e-05	
1660.000000	0.037041  	1660.000000	0.15004   	1660.000000	0.150966  	1660.000000	0.150142  	1660.000000	0.150964  	1660.000000	0.150015  	1660.000000	2.51422e-05	
1680.000000	0.0370238 	1680.000000	0.149981  	1680.000000	0.150823  	1680.000000	0.15      	1680.000000	0.150821  	1680.000000	0.149956  	1680.000000	2.48626e-05	
1700.000000	0.0370091 	1700.000000	0.14993   	1700.000000	0.150686  	1700.000000	0.149864  	1700.000000	0.150684  	1700.000000	0.149905  	1700.000000	2.45895e-05	
1750.000000	0.0369822 	1750.000000	0.149838  	1750.000000	0.150373  	1750.000000	0.149552  	1750.000000	0.15037   	1750.000000	0.149814  	1750.000000	2.39329e-05	
1800.000000	0.0369687 	1800.000000	0.149794  	1800.000000	0.150096  	1800.000000	0.149276  	1800.000000	0.150092  	1800.000000	0.14977   	1800.000000	2.33115e-05	
1850.000000	0.0369675 	1850.000000	0.149793  	1850.000000	0.149851  	1850.000000	0.149034  	1850.000000	0.149848  	1850.000000	0.149771  	1850.000000	2.27226e-05	
1900.000000	0.0369778 	1900.000000	0.149834  	1900.000000	0.149636  	1900.000000	0.148822  	1900.000000	0.149634  	1900.000000	0.149811  	1900.000000	2.21635e-05	
1950.000000	0.0369988 	1950.000000	0.149911  	1950.000000	0.149448  	1950.000000	0.148637  	1950.000000	0.149447  	1950.000000	0.14989   	1950.000000	2.16322e-05	
2000.000000	0.0370298 	2000.000000	0.150023  	2000.000000	0.149285  	2000.000000	0.148477  	2000.000000	0.149286  	2000.000000	0.150002  	2000.000000	2.11265e-05	
2100.000000	0.0371189 	2100.000000	0.150341  	2100.000000	0.149027  	2100.000000	0.148223  	2100.000000	0.149029  	2100.000000	0.150321  	2100.000000	2.0185e-05	
2200.000000	0.0372408 	2200.000000	0.15077   	2200.000000	0.148846  	2200.000000	0.148045  	2200.000000	0.148849  	2200.000000	0.150751  	2200.000000	1.93262e-05	
2300.000000	0.0373914 	2300.000000	0.151296  	2300.000000	0.148731  	2300.000000	0.147932  	2300.000000	0.148733  	2300.000000	0.151277  	2300.000000	1.85395e-05	
2400.000000	0.0375677 	2400.000000	0.151905  	2400.000000	0.14867   	2400.000000	0.147873  	2400.000000	0.148672  	2400.000000	0.151887  	2400.000000	1.78163e-05	
2500.000000	0.037767  	2500.000000	0.152589  	2500.000000	0.148657  	2500.000000	0.14786   	2500.000000	0.148658  	2500.000000	0.152572  	2500.000000	1.71489e-05	
2600.000000	0.0379868 	2600.000000	0.153338  	2600.000000	0.148683  	2600.000000	0.147887  	2600.000000	0.148682  	2600.000000	0.153321  	2600.000000	1.65312e-05	
2700.000000	0.0382253 	2700.000000	0.154145  	2700.000000	0.148742  	2700.000000	0.147947  	2700.000000	0.148741  	2700.000000	0.154129  	2700.000000	1.59577e-05	
2800.000000	0.0384808 	2800.000000	0.155004  	2800.000000	0.14883   	2800.000000	0.148036  	2800.000000	0.148828  	2800.000000	0.154989  	2800.000000	1.54239e-05	
2900.000000	0.0387517 	2900.000000	0.15591   	2900.000000	0.148942  	2900.000000	0.148149  	2900.000000	0.14894   	2900.000000	0.155895  	2900.000000	1.49256e-05	
3000.000000	0.0390368 	3000.000000	0.156857  	3000.000000	0.149075  	3000.000000	0.148284  	3000.000000	0.149073  	3000.000000	0.156842  	3000.000000	1.44594e-05	
3200.000000	0.0396452 	3200.000000	0.158859  	3200.000000	0.149392  	3200.000000	0.148605  	3200.000000	0.149392  	3200.000000	0.158846  	3200.000000	1.36117e-05	
3400.000000	0.0402985 	3400.000000	0.160985  	3400.000000	0.149764  	3400.000000	0.148979  	3400.000000	0.149764  	3400.000000	0.160972  	3400.000000	1.28605e-05	
3600.000000	0.0409907 	3600.000000	0.163213  	3600.000000	0.150176  	3600.000000	0.149393  	3600.000000	0.150177  	3600.000000	0.163201  	3600.000000	1.21901e-05	
3800.000000	0.0417172 	3800.000000	0.165526  	3800.000000	0.150617  	3800.000000	0.149837  	3800.000000	0.150618  	3800.000000	0.165515  	3800.000000	1.1588e-05	
4000.000000	0.0424742 	4000.000000	0.167911  	4000.000000	0.15108   	4000.000000	0.150301  	4000.000000	0.15108   	4000.000000	0.1679    	4000.000000	1.10442e-05	
4200.000000	0.0432587 	4200.000000	0.170356  	4200.000000	0.151557  	4200.000000	0.150779  	4200.000000	0.151558  	4200.000000	0.170346  	4200.000000	1.05505e-05	
4400.000000	0.044068  	4400.000000	0.172854  	4400.000000	0.152044  	4400.000000	0.151267  	4400.000000	0.152044  	4400.000000	0.172844  	4400.000000	1.01003e-05	
4600.000000	0.0449001 	4600.000000	0.175396  	4600.000000	0.152538  	4600.000000	0.151762  	4600.000000	0.152537  	4600.000000	0.175386  	4600.000000	9.68793e-06	
4800.000000	0.0457531 	4800.000000	0.177977  	4800.000000	0.153034  	4800.000000	0.152259  	4800.000000	0.153034  	4800.000000	0.177967  	4800.000000	9.30888e-06	
5000.000000	0.0466257 	5000.000000	0.180591  	5000.000000	0.153532  	5000.000000	0.152757  	5000.000000	0.153531  	5000.000000	0.180582  	5000.000000	8.95918e-06	
5250.000000	0.0477418 	5250.000000	0.183899  	5250.000000	0.154152  	5250.000000	0.153378  	5250.000000	0.154151  	5250.000000	0.18389   	5250.000000	8.55834e-06	
5500.000000	0.0488843 	5500.000000	0.187246  	5500.000000	0.154768  	5500.000000	0.153995  	5500.000000	0.154767  	5500.000000	0.187237  	5500.000000	8.1928e-06	
6000.000000	0.0512418 	6000.000000	0.194033  	6000.000000	0.155981  	6000.000000	0.15521   	6000.000000	0.155979  	6000.000000	0.194025  	6000.000000	7.55031e-06	
6500.000000	0.053687  	6500.000000	0.200917  	6500.000000	0.157161  	6500.000000	0.156392  	6500.000000	0.157159  	6500.000000	0.20091   	6500.000000	7.00369e-06	
7000.000000	0.0562123 	7000.000000	0.207873  	7000.000000	0.158303  	7000.000000	0.157536  	7000.000000	0.1583    	7000.000000	0.207866  	7000.000000	6.53281e-06	
7500.000000	0.0588116 	7500.000000	0.214882  	7500.000000	0.1594    	7500.000000	0.15864   	7500.000000	0.159403  	7500.000000	0.214876  	7500.000000	6.12281e-06	
8000.000000	0.0614807 	8000.000000	0.221932  	8000.000000	0.160461  	8000.000000	0.159704  	8000.000000	0.160465  	8000.000000	0.221926  	8000.000000	5.76253e-06	
8500.000000	0.064216  	8500.000000	0.229012  	8500.000000	0.161487  	8500.000000	0.16073   	8500.000000	0.161488  	8500.000000	0.229006  	8500.000000	5.44335e-06	
9000.000000	0.067015  	9000.000000	0.236114  	9000.000000	0.162475  	9000.000000	0.161717  	9000.000000	0.162474  	9000.000000	0.236109  	9000.000000	5.15856e-06	
9500.000000	0.0698756 	9500.000000	0.243233  	9500.000000	0.163425  	9500.000000	0.162669  	9500.000000	0.163423  	9500.000000	0.243228  	9500.000000	4.90285e-06	
10000.000000	0.0727959 	10000.000000	0.250365  	10000.000000	0.164338  	10000.000000	0.163586  	10000.000000	0.164338  	10000.000000	0.25036   	10000.000000	4.67195e-06	
11000.000000	0.0788107 	11000.000000	0.26465   	11000.000000	0.16607   	11000.000000	0.165326  	11000.000000	0.166073  	11000.000000	0.264646  	11000.000000	4.27127e-06	
12000.000000	0.085051  	12000.000000	0.27895   	12000.000000	0.167691  	12000.000000	0.16695   	12000.000000	0.167692  	12000.000000	0.278946  	12000.000000	3.93545e-06	
13000.000000	0.0915113 	13000.000000	0.293249  	13000.000000	0.169208  	13000.000000	0.16847   	13000.000000	0.169208  	13000.000000	0.293246  	13000.000000	3.64981e-06	
14000.000000	0.0981873 	14000.000000	0.30754   	14000.000000	0.170632  	14000.000000	0.169898  	14000.000000	0.170631  	14000.000000	0.307537  	14000.000000	3.4038e-06	
15000.000000	0.105076  	15000.000000	0.321817  	15000.000000	0.171971  	15000.000000	0.171244  	15000.000000	0.171971  	15000.000000	0.321814  	15000.000000	3.18964e-06	
16000.000000	0.112176  	16000.000000	0.336076  	16000.000000	0.173235  	16000.000000	0.172516  	16000.000000	0.173237  	16000.000000	0.336073  	16000.000000	3.00149e-06	
17000.000000	0.119485  	17000.000000	0.350314  	17000.000000	0.174433  	17000.000000	0.173721  	17000.000000	0.174436  	17000.000000	0.350311  	17000.000000	2.83482e-06	
18000.000000	0.127002  	18000.000000	0.364529  	18000.000000	0.175571  	18000.000000	0.174866  	18000.000000	0.175574  	18000.000000	0.364526  	18000.000000	2.68615e-06	
19000.000000	0.134728  	19000.000000	0.378721  	19000.000000	0.176654  	19000.000000	0.175956  	19000.000000	0.176657  	19000.000000	0.378718  	19000.000000	2.55267e-06	
20000.000000	0.14266   	20000.000000	0.392889  	20000.000000	0.177688  	20000.000000	0.176996  	20000.000000	0.17769   	20000.000000	0.392886  	20000.000000	2.43215e-06	
21000.000000	0.150799  	21000.000000	0.407033  	21000.000000	0.178676  	21000.000000	0.17799   	21000.000000	0.178676  	21000.000000	0.40703   	21000.000000	2.32278e-06	
22000.000000	0.159145  	22000.000000	0.421153  	22000.000000	0.17962   	22000.000000	0.178942  	22000.000000	0.17962   	22000.000000	0.42115   	22000.000000	2.22307e-06	
23000.000000	0.167698  	23000.000000	0.435248  	23000.000000	0.180526  	23000.000000	0.179855  	23000.000000	0.180526  	23000.000000	0.435246  	23000.000000	2.13178e-06	
24000.000000	0.176458  	24000.000000	0.44932   	24000.000000	0.181396  	24000.000000	0.180733  	24000.000000	0.181394  	24000.000000	0.449318  	24000.000000	2.04787e-06	
25000.000000	0.185426  	25000.000000	0.463369  	25000.000000	0.182232  	25000.000000	0.181577  	25000.000000	0.18223   	25000.000000	0.463367  	25000.000000	1.97049e-06	
26000.000000	0.194601  	26000.000000	0.477395  	26000.000000	0.183036  	26000.000000	0.182391  	26000.000000	0.183035  	26000.000000	0.477393  	26000.000000	1.89889e-06	
27000.000000	0.203985  	27000.000000	0.491398  	27000.000000	0.183812  	27000.000000	0.183176  	27000.000000	0.18381   	27000.000000	0.491396  	27000.000000	1.83244e-06	
28000.000000	0.213577  	28000.000000	0.505379  	28000.000000	0.184561  	28000.000000	0.183935  	28000.000000	0.184559  	28000.000000	0.505377  	28000.000000	1.7706e-06	
29000.000000	0.223378  	29000.000000	0.519339  	29000.000000	0.185284  	29000.000000	0.184668  	29000.000000	0.185282  	29000.000000	0.519337  	29000.000000	1.7129e-06	
30000.000000	0.233389  	30000.000000	0.533277  	30000.000000	0.185983  	30000.000000	0.185378  	30000.000000	0.185981  	30000.000000	0.533276  	30000.000000	1.65894e-06	
32000.000000	0.254043  	32000.000000	0.561093  	32000.000000	0.187318  	32000.000000	0.186734  	32000.000000	0.187315  	32000.000000	0.561091  	32000.000000	1.56085e-06	
34000.000000	0.275542  	34000.000000	0.588829  	34000.000000	0.188575  	34000.000000	0.188011  	34000.000000	0.188569  	34000.000000	0.588827  	34000.000000	1.47399e-06	
36000.000000	0.297893  	36000.000000	0.61649   	36000.000000	0.18976   	36000.000000	0.189219  	36000.000000	0.189752  	36000.000000	0.616489  	36000.000000	1.39651e-06	
38000.000000	0.321101  	38000.000000	0.644079  	38000.000000	0.190878  	38000.000000	0.190364  	38000.000000	0.190872  	38000.000000	0.644078  	38000.000000	1.32695e-06	
40000.000000	0.345173  	40000.000000	0.6716    	40000.000000	0.191938  	40000.000000	0.191453  	40000.000000	0.191933  	40000.000000	0.671598  	40000.000000	1.26416e-06	
42000.000000	0.370115  	42000.000000	0.699054  	42000.000000	0.192946  	42000.000000	0.192491  	42000.000000	0.192942  	42000.000000	0.699053  	42000.000000	1.20719e-06	
44000.000000	0.395934  	44000.000000	0.726446  	44000.000000	0.193908  	44000.000000	0.193482  	44000.000000	0.193904  	44000.000000	0.726445  	44000.000000	1.15525e-06	
46000.000000	0.422636  	46000.000000	0.753777  	46000.000000	0.19483   	46000.000000	0.194431  	46000.000000	0.194822  	46000.000000	0.753776  	46000.000000	1.10771e-06	
48000.000000	0.450227  	48000.000000	0.78105   	48000.000000	0.195712  	48000.000000	0.19534   	48000.000000	0.195699  	48000.000000	0.781049  	48000.000000	1.06401e-06	
50000.000000	0.478716  	50000.000000	0.808268  	50000.000000	0.196557  	50000.000000	0.196214  	50000.000000	0.196539  	50000.000000	0.808267  	50000.000000	1.02372e-06	
