0 1.12157e-14 2.89837 0 171.076
0.1 0.159841 2.89841 0.00760079 171.076
0.2 0.319677 2.89852 0.0152016 171.075
0.3 0.479502 2.8987 0.0228023 171.075
0.4 0.639312 2.89896 0.030403 171.075
0.5 0.799099 2.89929 0.0380036 171.075
0.6 0.958861 2.89969 0.0456041 171.074
0.7 1.11859 2.90017 0.0532045 171.074
0.8 1.27828 2.90072 0.0608048 171.073
0.9 1.43793 2.90135 0.068405 171.073
1 1.59753 2.90205 0.076005 171.072
1.1 1.75708 2.90282 0.0836048 171.071
1.2 1.91657 2.90367 0.0912044 171.07
1.3 2.076 2.90459 0.0988037 171.069
1.4 2.23535 2.90558 0.106403 171.068
1.5 2.39464 2.90665 0.114002 171.067
1.6 2.55384 2.90779 0.1216 171.066
1.7 2.71296 2.909 0.129199 171.065
1.8 2.87199 2.91029 0.136797 171.064
1.9 3.03092 2.91165 0.144394 171.062
2 3.18975 2.91308 0.151992 171.061
2.1 3.34848 2.91459 0.159589 171.059
2.2 3.5071 2.91617 0.167185 171.058
2.3 3.6656 2.91783 0.174782 171.056
2.4 3.82398 2.91956 0.182377 171.054
2.5 3.98223 2.92136 0.189973 171.053
2.6 4.14035 2.92323 0.197568 171.051
2.7 4.29834 2.92518 0.205162 171.049
2.8 4.45618 2.92721 0.212756 171.047
2.9 4.61388 2.9293 0.22035 171.045
3 4.77143 2.93147 0.227942 171.042
3.1 4.92882 2.93372 0.235535 171.04
3.2 5.08604 2.93603 0.243127 171.038
3.3 5.24311 2.93842 0.250718 171.036
3.4 5.4 2.94089 0.258309 171.033
3.5 5.55671 2.94342 0.265899 171.031
3.6 5.71325 2.94603 0.273488 171.028
3.7 5.8696 2.94872 0.281077 171.025
3.8 6.02576 2.95147 0.288665 171.022
3.9 6.18172 2.9543 0.296252 171.02
4 6.33748 2.95721 0.303839 171.017
4.1 6.49304 2.96019 0.311425 171.014
4.2 6.64839 2.96324 0.31901 171.011
4.3 6.80352 2.96636 0.326594 171.008
4.4 6.95844 2.96956 0.334178 171.004
4.5 7.11313 2.97283 0.341761 171.001
4.6 7.2676 2.97617 0.349343 170.998
4.7 7.42183 2.97959 0.356924 170.994
4.8 7.57582 2.98308 0.364505 170.991
4.9 7.72958 2.98665 0.372084 170.987
5 7.88308 2.99028 0.379663 170.984
5.1 8.03634 2.99399 0.387241 170.98
5.2 8.18934 2.99778 0.394817 170.976
5.3 8.34209 3.00164 0.402393 170.972
5.4 8.49457 3.00557 0.409968 170.968
5.5 8.64678 3.00957 0.417542 170.964
5.6 8.79872 3.01365 0.425115 170.96
5.7 8.95039 3.0178 0.432687 170.956
5.8 9.10178 3.02202 0.440258 170.952
5.9 9.25288 3.02632 0.447828 170.948
6 9.40369 3.03069 0.455396 170.943
6.1 9.55421 3.03513 0.462964 170.939
6.2 9.70444 3.03965 0.470531 170.934
6.3 9.85436 3.04424 0.478096 170.93
6.4 10.004 3.0489 0.485661 170.925
6.5 10.1533 3.05364 0.493224 170.92
6.6 10.3023 3.05844 0.500786 170.916
6.7 10.451 3.06333 0.508347 170.911
6.8 10.5994 3.06828 0.515906 170.906
6.9 10.7474 3.07331 0.523464 170.901
7 10.8951 3.07841 0.531022 170.896
7.1 11.0425 3.08358 0.538577 170.89
7.2 11.1896 3.08883 0.546132 170.885
7.3 11.3363 3.09415 0.553685 170.88
7.4 11.4826 3.09954 0.561237 170.874
7.5 11.6287 3.10501 0.568788 170.869
7.6 11.7744 3.11055 0.576337 170.863
7.7 11.9197 3.11616 0.583885 170.858
7.79999 12.0647 3.12185 0.591431 170.852
7.89999 12.2093 3.1276 0.598977 170.846
7.99999 12.3536 3.13344 0.60652 170.841
8.09999 12.4975 3.13934 0.614062 170.835
8.2 12.641 3.14532 0.621603 170.829
8.3 12.7841 3.15136 0.629142 170.823
8.4 12.9269 3.15749 0.63668 170.816
8.5 13.0693 3.16368 0.644217 170.81
8.6 13.2114 3.16995 0.651751 170.804
8.7 13.353 3.17629 0.659284 170.798
8.8 13.4943 3.1827 0.666816 170.791
8.9 13.6352 3.18919 0.674346 170.785
9 13.7756 3.19575 0.681874 170.778
9.1 13.9157 3.20238 0.689401 170.772
9.2 14.0554 3.20908 0.696926 170.765
9.3 14.1947 3.21586 0.70445 170.758
9.4 14.3336 3.22271 0.711972 170.751
9.5 14.4721 3.22963 0.719492 170.744
9.6 14.6102 3.23662 0.72701 170.737
9.7 14.7479 3.24369 0.734527 170.73
9.8 14.8852 3.25083 0.742042 170.723
9.9 15.022 3.25804 0.749555 170.716
10 15.1585 3.26532 0.757066 170.709
10.1 15.2945 3.27268 0.764576 170.701
10.2 15.4301 3.28011 0.772083 170.694
10.3 15.5653 3.28761 0.779589 170.686
10.4 15.7 3.29519 0.787093 170.679
10.5 15.8343 3.30283 0.794595 170.671
10.6 15.9682 3.31055 0.802095 170.663
10.7 16.1017 3.31834 0.809594 170.656
10.8 16.2347 3.32621 0.81709 170.648
10.9 16.3673 3.33414 0.824585 170.64
11 16.4995 3.34215 0.832077 170.632
11.1 16.6312 3.35023 0.839567 170.624
11.2 16.7625 3.35838 0.847056 170.616
11.3 16.8933 3.36661 0.854542 170.607
11.4 17.0237 3.3749 0.862027 170.599
11.5 17.1537 3.38327 0.869509 170.591
11.6 17.2832 3.39171 0.876989 170.582
11.7 17.4122 3.40022 0.884467 170.574
11.8 17.5408 3.40881 0.891943 170.565
11.9 17.669 3.41747 0.899417 170.556
12 17.7967 3.4262 0.906889 170.548
12.1 17.9239 3.435 0.914359 170.539
12.2 18.0507 3.44387 0.921826 170.53
12.3 18.1771 3.45281 0.929291 170.521
12.4 18.3029 3.46183 0.936754 170.512
12.5 18.4284 3.47092 0.944215 170.503
12.6 18.5533 3.48008 0.951674 170.494
12.7 18.6778 3.48931 0.95913 170.485
12.8 18.8018 3.49862 0.966584 170.475
12.9 18.9254 3.50799 0.974035 170.466
13 19.0485 3.51744 0.981484 170.457
13.1 19.1711 3.52696 0.988931 170.447
13.2 19.2933 3.53655 0.996376 170.437
13.3 19.415 3.54621 1.00382 170.428
13.4 19.5362 3.55594 1.01126 170.418
13.5 19.6569 3.56575 1.0187 170.408
13.6 19.7772 3.57563 1.02613 170.398
13.7 19.897 3.58558 1.03356 170.388
13.8 20.0164 3.5956 1.04099 170.378
13.9 20.1352 3.60569 1.04842 170.368
14 20.2536 3.61585 1.05585 170.358
14.1 20.3715 3.62609 1.06327 170.348
14.2 20.489 3.63639 1.07069 170.338
14.3 20.6059 3.64677 1.0781 170.327
14.4 20.7224 3.65722 1.08552 170.317
14.5 20.8384 3.66774 1.09293 170.306
14.6 20.9539 3.67833 1.10034 170.296
14.7 21.069 3.68899 1.10775 170.285
14.8 21.1836 3.69972 1.11515 170.274
14.9 21.2977 3.71053 1.12255 170.263
15 21.4113 3.7214 1.12995 170.253
15.1 21.5244 3.73235 1.13735 170.242
15.2 21.6371 3.74337 1.14474 170.231
15.3 21.7492 3.75445 1.15213 170.22
15.4 21.8609 3.76561 1.15952 170.208
15.5 21.9721 3.77684 1.16691 170.197
15.6 22.0829 3.78815 1.17429 170.186
15.7 22.1931 3.79952 1.18167 170.174
15.8 22.3029 3.81096 1.18904 170.163
15.9 22.4122 3.82248 1.19642 170.151
16 22.521 3.83406 1.20379 170.14
16.1 22.6293 3.84572 1.21116 170.128
16.2 22.7371 3.85744 1.21852 170.117
16.3 22.8445 3.86924 1.22589 170.105
16.4 22.9514 3.88111 1.23324 170.093
16.5 23.0578 3.89304 1.2406 170.081
16.6 23.1637 3.90505 1.24795 170.069
16.7 23.2691 3.91713 1.2553 170.057
16.8 23.3741 3.92928 1.26265 170.045
16.9 23.4786 3.9415 1.27 170.032
17 23.5826 3.95379 1.27734 170.02
17.1 23.6861 3.96615 1.28468 170.008
17.2 23.7891 3.97858 1.29201 169.995
17.3 23.8917 3.99108 1.29934 169.983
17.4 23.9938 4.00366 1.30667 169.97
17.5 24.0954 4.0163 1.314 169.958
17.6 24.1965 4.02901 1.32132 169.945
17.7 24.2971 4.04179 1.32864 169.932
17.8 24.3973 4.05464 1.33596 169.919
17.9 24.497 4.06757 1.34327 169.906
18 24.5962 4.08056 1.35058 169.893
18.1 24.6949 4.09362 1.35789 169.88
18.2 24.7932 4.10675 1.36519 169.867
18.3 24.891 4.11995 1.37249 169.854
18.4 24.9883 4.13323 1.37979 169.841
18.5 25.0851 4.14657 1.38708 169.827
18.6 25.1815 4.15998 1.39437 169.814
18.7 25.2773 4.17346 1.40166 169.8
18.8 25.3728 4.18701 1.40894 169.787
18.9 25.4677 4.20063 1.41622 169.773
19 25.5622 4.21432 1.4235 169.76
19.1 25.6562 4.22808 1.43077 169.746
19.2 25.7497 4.24191 1.43804 169.732
19.3 25.8428 4.25581 1.4453 169.718
19.4 25.9353 4.26978 1.45257 169.704
19.5 26.0275 4.28382 1.45983 169.69
19.6 26.1191 4.29792 1.46708 169.676
19.7 26.2103 4.3121 1.47433 169.662
19.8 26.3011 4.32635 1.48158 169.648
19.9 26.3913 4.34066 1.48883 169.633
20 26.4811 4.35504 1.49607 169.619
20.1 26.5704 4.3695 1.50331 169.604
20.2 26.6593 4.38402 1.51054 169.59
20.3 26.7477 4.39861 1.51777 169.575
20.4 26.8357 4.41327 1.525 169.561
20.5 26.9232 4.428 1.53222 169.546
20.6 27.0102 4.4428 1.53944 169.531
20.7 27.0968 4.45767 1.54666 169.516
20.8 27.1829 4.4726 1.55387 169.501
20.9 27.2686 4.48761 1.56108 169.486
21 27.3538 4.50268 1.56828 169.471
21.1 27.4385 4.51782 1.57548 169.456
21.2 27.5228 4.53303 1.58268 169.441
21.3 27.6067 4.54831 1.58987 169.426
21.4 27.6901 4.56366 1.59706 169.41
21.5 27.773 4.57908 1.60425 169.395
21.6 27.8555 4.59456 1.61143 169.379
21.7 27.9376 4.61011 1.61861 169.364
21.8 28.0192 4.62574 1.62578 169.348
21.9 28.1004 4.64143 1.63295 169.333
22 28.1811 4.65718 1.64012 169.317
22.1 28.2614 4.67301 1.64728 169.301
22.2 28.3412 4.6889 1.65444 169.285
22.3 28.4206 4.70487 1.66159 169.269
22.4 28.4995 4.7209 1.66874 169.253
22.5 28.5781 4.737 1.67589 169.237
22.6 28.6561 4.75316 1.68303 169.221
22.7001 28.7338 4.7694 1.69017 169.205
22.8001 28.811 4.7857 1.6973 169.188
22.9001 28.8877 4.80207 1.70443 169.172
23.0001 28.9641 4.81851 1.71156 169.155
23.1001 29.04 4.83502 1.71868 169.139
23.2001 29.1155 4.85159 1.72579 169.122
23.3001 29.1905 4.86823 1.73291 169.106
23.4001 29.2651 4.88494 1.74002 169.089
23.5001 29.3393 4.90172 1.74712 169.072
23.6001 29.4131 4.91856 1.75422 169.055
23.7001 29.4864 4.93547 1.76132 169.038
23.8001 29.5593 4.95245 1.76841 169.022
23.9001 29.6318 4.96949 1.7755 169.004
24.0001 29.7039 4.98661 1.78258 168.987
24.1001 29.7755 5.00379 1.78966 168.97
24.2001 29.8468 5.02104 1.79673 168.953
24.3001 29.9176 5.03835 1.8038 168.936
24.4001 29.988 5.05573 1.81087 168.918
24.5001 30.058 5.07318 1.81793 168.901
24.6001 30.1275 5.0907 1.82499 168.883
24.7001 30.1967 5.10828 1.83204 168.866
24.8001 30.2654 5.12593 1.83909 168.848
24.9001 30.3338 5.14365 1.84613 168.83
25.0001 30.4017 5.16143 1.85317 168.813
25.1001 30.4692 5.17928 1.86021 168.795
25.2001 30.5363 5.19719 1.86724 168.777
25.3001 30.6031 5.21518 1.87426 168.759
25.4001 30.6694 5.23323 1.88128 168.741
25.5001 30.7353 5.25134 1.8883 168.723
25.6001 30.8008 5.26952 1.89531 168.704
25.7001 30.8659 5.28777 1.90232 168.686
25.8001 30.9306 5.30609 1.90932 168.668
25.9001 30.9949 5.32447 1.91632 168.649
26.0001 31.0588 5.34292 1.92331 168.631
26.1001 31.1223 5.36143 1.9303 168.613
26.2001 31.1855 5.38001 1.93729 168.594
26.3001 31.2482 5.39866 1.94427 168.575
26.4001 31.3106 5.41737 1.95124 168.557
26.5001 31.3725 5.43614 1.95821 168.538
26.6001 31.4341 5.45499 1.96518 168.519
26.7001 31.4953 5.4739 1.97214 168.5
26.8001 31.5561 5.49287 1.97909 168.481
26.9001 31.6165 5.51191 1.98604 168.462
27.0001 31.6765 5.53102 1.99299 168.443
27.1001 31.7362 5.55019 1.99993 168.424
27.2001 31.7955 5.56943 2.00687 168.405
27.3001 31.8544 5.58873 2.0138 168.385
27.4001 31.9129 5.6081 2.02072 168.366
27.5001 31.971 5.62753 2.02765 168.346
27.6001 32.0288 5.64703 2.03456 168.327
27.7001 32.0862 5.66659 2.04147 168.307
27.8001 32.1432 5.68622 2.04838 168.288
27.9001 32.1999 5.70592 2.05528 168.268
28.0001 32.2562 5.72568 2.06218 168.248
28.1001 32.3121 5.7455 2.06907 168.228
28.2001 32.3676 5.76539 2.07596 168.209
28.3001 32.4228 5.78534 2.08284 168.189
28.4001 32.4776 5.80536 2.08971 168.169
28.5001 32.5321 5.82544 2.09659 168.149
28.6001 32.5862 5.84559 2.10345 168.128
28.7001 32.64 5.8658 2.11031 168.108
28.8001 32.6933 5.88608 2.11717 168.088
28.9001 32.7464 5.90642 2.12402 168.068
29.0001 32.799 5.92683 2.13087 168.047
29.1001 32.8514 5.9473 2.13771 168.027
29.2001 32.9033 5.96783 2.14454 168.006
29.3001 32.9549 5.98843 2.15137 167.986
29.4001 33.0062 6.0091 2.15819 167.965
29.5001 33.0571 6.02982 2.16501 167.944
29.6001 33.1077 6.05061 2.17183 167.923
29.7001 33.1579 6.07147 2.17864 167.902
29.8001 33.2078 6.09239 2.18544 167.882
29.9001 33.2573 6.11337 2.19224 167.861
30.0001 33.3065 6.13442 2.19903 167.84
30.1001 33.3554 6.15553 2.20582 167.818
30.2001 33.4039 6.1767 2.2126 167.797
30.3001 33.452 6.19794 2.21938 167.776
30.4001 33.4999 6.21924 2.22615 167.755
30.5001 33.5474 6.24061 2.23291 167.733
30.6001 33.5945 6.26203 2.23967 167.712
30.7001 33.6414 6.28352 2.24643 167.69
30.8001 33.6879 6.30508 2.25318 167.669
30.9001 33.734 6.3267 2.25992 167.647
31.0001 33.7799 6.34838 2.26666 167.626
31.1001 33.8254 6.37012 2.27339 167.604
31.2001 33.8706 6.39193 2.28012 167.582
31.3001 33.9154 6.4138 2.28684 167.56
31.4001 33.96 6.43573 2.29355 167.538
31.5001 34.0042 6.45773 2.30026 167.516
31.6001 34.0481 6.47979 2.30697 167.494
31.7001 34.0917 6.50191 2.31367 167.472
31.8001 34.1349 6.52409 2.32036 167.45
31.9001 34.1778 6.54634 2.32705 167.428
32.0001 34.2205 6.56864 2.33373 167.405
32.1001 34.2628 6.59102 2.3404 167.383
32.2001 34.3048 6.61345 2.34707 167.361
32.3001 34.3464 6.63594 2.35374 167.338
32.4001 34.3878 6.6585 2.3604 167.315
32.5001 34.4288 6.68112 2.36705 167.293
32.6001 34.4696 6.7038 2.3737 167.27
32.7001 34.51 6.72655 2.38034 167.247
32.8001 34.5502 6.74935 2.38697 167.225
32.9001 34.59 6.77222 2.3936 167.202
33.0001 34.6295 6.79515 2.40022 167.179
33.1001 34.6687 6.81814 2.40684 167.156
33.2001 34.7077 6.84119 2.41345 167.133
33.3001 34.7463 6.8643 2.42006 167.11
33.4001 34.7846 6.88748 2.42666 167.086
33.5001 34.8226 6.91072 2.43325 167.063
33.6001 34.8604 6.93402 2.43984 167.04
33.7001 34.8978 6.95737 2.44642 167.017
33.8001 34.9349 6.9808 2.453 166.993
33.9001 34.9718 7.00428 2.45957 166.97
34.0001 35.0083 7.02782 2.46613 166.946
34.1001 35.0446 7.05142 2.47269 166.923
34.2001 35.0806 7.07509 2.47924 166.899
34.3 35.1162 7.09881 2.48578 166.875
34.4 35.1516 7.1226 2.49232 166.851
34.5 35.1868 7.14645 2.49885 166.828
34.6 35.2216 7.17036 2.50538 166.804
34.7 35.2561 7.19432 2.5119 166.78
34.8 35.2904 7.21835 2.51842 166.756
34.9 35.3244 7.24244 2.52492 166.732
35 35.3581 7.26659 2.53143 166.707
35.1 35.3915 7.2908 2.53792 166.683
35.2 35.4247 7.31507 2.54441 166.659
35.3 35.4575 7.3394 2.55089 166.635
35.4 35.4901 7.36379 2.55737 166.61
35.5 35.5224 7.38824 2.56384 166.586
35.6 35.5545 7.41275 2.5703 166.561
35.7 35.5863 7.43732 2.57676 166.537
35.8 35.6178 7.46195 2.58321 166.512
35.9 35.649 7.48664 2.58966 166.487
36 35.68 7.51139 2.5961 166.463
36.1 35.7107 7.5362 2.60253 166.438
36.2 35.7411 7.56107 2.60895 166.413
36.3 35.7713 7.586 2.61537 166.388
36.4 35.8012 7.61098 2.62178 166.363
36.5 35.8308 7.63603 2.62819 166.338
36.6 35.8602 7.66113 2.63459 166.313
36.7 35.8893 7.6863 2.64098 166.288
36.8 35.9182 7.71152 2.64737 166.262
36.9 35.9468 7.7368 2.65375 166.237
37 35.9752 7.76214 2.66012 166.212
37.1 36.0032 7.78754 2.66649 166.186
37.2 36.0311 7.813 2.67285 166.161
37.3 36.0587 7.83852 2.6792 166.135
37.4 36.086 7.86409 2.68555 166.11
37.5 36.1131 7.88973 2.69189 166.084
37.6 36.1399 7.91542 2.69822 166.059
37.7 36.1665 7.94117 2.70455 166.033
37.8 36.1928 7.96698 2.71087 166.007
37.9 36.2189 7.99285 2.71718 165.981
38 36.2447 8.01877 2.72349 165.955
38.1 36.2703 8.04475 2.72979 165.929
38.2 36.2956 8.07079 2.73608 165.903
38.3 36.3207 8.09689 2.74237 165.877
38.4 36.3456 8.12305 2.74864 165.851
38.5 36.3702 8.14926 2.75492 165.825
38.6 36.3946 8.17553 2.76118 165.798
38.7 36.4187 8.20186 2.76744 165.772
38.8 36.4426 8.22825 2.77369 165.746
38.9 36.4663 8.25469 2.77994 165.719
39 36.4897 8.28119 2.78617 165.693
39.1 36.5129 8.30775 2.79241 165.666
39.2 36.5359 8.33437 2.79863 165.64
39.3 36.5586 8.36104 2.80485 165.613
39.4 36.5811 8.38777 2.81106 165.586
39.5 36.6033 8.41456 2.81726 165.559
39.6 36.6254 8.4414 2.82345 165.533
39.7 36.6472 8.4683 2.82964 165.506
39.8 36.6687 8.49526 2.83582 165.479
39.9 36.6901 8.52227 2.842 165.452
40 36.7112 8.54934 2.84817 165.425
40.1 36.7321 8.57646 2.85433 165.397
40.2 36.7527 8.60364 2.86048 165.37
40.3 36.7732 8.63088 2.86663 165.343
40.4 36.7934 8.65818 2.87276 165.316
40.5 36.8134 8.68553 2.8789 165.288
40.6 36.8332 8.71293 2.88502 165.261
40.7 36.8527 8.7404 2.89114 165.234
40.7999 36.8721 8.76791 2.89725 165.206
40.8999 36.8912 8.79549 2.90335 165.178
40.9999 36.9101 8.82312 2.90945 165.151
41.0999 36.9288 8.8508 2.91553 165.123
41.1999 36.9473 8.87854 2.92161 165.095
41.2999 36.9655 8.90634 2.92769 165.068
41.3999 36.9836 8.93419 2.93375 165.04
41.4999 37.0014 8.96209 2.93981 165.012
41.5999 37.019 8.99005 2.94586 164.984
41.6999 37.0364 9.01807 2.95191 164.956
41.7999 37.0536 9.04614 2.95794 164.928
41.8999 37.0706 9.07427 2.96397 164.9
41.9999 37.0874 9.10245 2.96999 164.872
42.0999 37.104 9.13068 2.97601 164.843
42.1999 37.1204 9.15897 2.98202 164.815
42.2999 37.1365 9.18732 2.98801 164.787
42.3999 37.1525 9.21572 2.99401 164.758
42.4999 37.1683 9.24417 2.99999 164.73
42.5999 37.1838 9.27268 3.00597 164.701
42.6999 37.1992 9.30124 3.01194 164.673
42.7999 37.2143 9.32985 3.0179 164.644
42.8999 37.2293 9.35852 3.02385 164.615
42.9999 37.244 9.38725 3.0298 164.587
43.0999 37.2586 9.41602 3.03574 164.558
43.1999 37.2729 9.44485 3.04167 164.529
43.2999 37.2871 9.47374 3.04759 164.5
43.3999 37.3011 9.50268 3.0535 164.471
43.4999 37.3148 9.53167 3.05941 164.442
43.5999 37.3284 9.56071 3.06531 164.413
43.6999 37.3418 9.58981 3.07121 164.384
43.7999 37.355 9.61896 3.07709 164.355
43.8999 37.368 9.64817 3.08297 164.326
43.9999 37.3808 9.67743 3.08884 164.297
44.0999 37.3934 9.70674 3.0947 164.267
44.1999 37.4058 9.7361 3.10055 164.238
44.2999 37.4181 9.76552 3.1064 164.208
44.3999 37.4301 9.79498 3.11223 164.179
44.4999 37.442 9.82451 3.11806 164.149
44.5999 37.4537 9.85408 3.12388 164.12
44.6999 37.4652 9.88371 3.1297 164.09
44.7999 37.4765 9.91338 3.1355 164.061
44.8999 37.4876 9.94311 3.1413 164.031
44.9999 37.4986 9.9729 3.14709 164.001
45.0999 37.5093 10.0027 3.15288 163.971
45.1999 37.5199 10.0326 3.15865 163.941
45.2999 37.5303 10.0626 3.16442 163.911
45.3999 37.5405 10.0925 3.17017 163.881
45.4999 37.5506 10.1226 3.17592 163.851
45.5999 37.5604 10.1527 3.18167 163.821
45.6999 37.5701 10.1828 3.1874 163.791
45.7999 37.5796 10.213 3.19313 163.761
45.8999 37.5889 10.2433 3.19884 163.731
45.9999 37.5981 10.2736 3.20455 163.7
46.0999 37.6071 10.3039 3.21025 163.67
46.1999 37.6159 10.3343 3.21595 163.64
46.2999 37.6245 10.3648 3.22163 163.609
46.3999 37.633 10.3953 3.22731 163.579
46.4999 37.6413 10.4258 3.23298 163.548
46.5999 37.6494 10.4564 3.23864 163.518
46.6999 37.6573 10.4871 3.24429 163.487
46.7999 37.6651 10.5178 3.24993 163.456
46.8999 37.6727 10.5486 3.25557 163.425
46.9999 37.6802 10.5794 3.2612 163.395
47.0999 37.6875 10.6102 3.26682 163.364
47.1999 37.6946 10.6411 3.27243 163.333
47.2999 37.7015 10.6721 3.27803 163.302
47.3998 37.7083 10.7031 3.28362 163.271
47.4998 37.7149 10.7341 3.28921 163.24
47.5998 37.7213 10.7652 3.29479 163.209
47.6998 37.7276 10.7964 3.30036 163.178
47.7998 37.7338 10.8276 3.30592 163.146
47.8998 37.7397 10.8589 3.31147 163.115
47.9998 37.7455 10.8902 3.31701 163.084
48.0998 37.7512 10.9215 3.32255 163.052
48.1998 37.7566 10.9529 3.32807 163.021
48.2998 37.762 10.9844 3.33359 162.99
48.3998 37.7671 11.0159 3.3391 162.958
48.4998 37.7721 11.0474 3.3446 162.927
48.5998 37.777 11.079 3.35009 162.895
48.6998 37.7817 11.1107 3.35558 162.863
48.7998 37.7862 11.1424 3.36105 162.832
48.8998 37.7906 11.1741 3.36652 162.8
48.9998 37.7948 11.2059 3.37198 162.768
49.0998 37.7989 11.2377 3.37743 162.736
49.1998 37.8028 11.2696 3.38287 162.704
49.2998 37.8066 11.3016 3.3883 162.672
49.3998 37.8102 11.3335 3.39372 162.64
49.4998 37.8136 11.3656 3.39914 162.608
49.5998 37.8169 11.3976 3.40454 162.576
49.6998 37.8201 11.4298 3.40994 162.544
49.7998 37.8231 11.4619 3.41533 162.512
49.8998 37.826 11.4942 3.42071 162.48
49.9998 37.8287 11.5264 3.42608 162.448
50.0998 37.8313 11.5588 3.43144 162.415
50.1998 37.8337 11.5911 3.43679 162.383
50.2998 37.836 11.6235 3.44214 162.35
50.3998 37.8381 11.656 3.44747 162.318
50.4998 37.8401 11.6885 3.4528 162.285
50.5998 37.8419 11.721 3.45812 162.253
50.6998 37.8436 11.7536 3.46343 162.22
50.7998 37.8452 11.7863 3.46873 162.188
50.8998 37.8466 11.819 3.47402 162.155
50.9998 37.8478 11.8517 3.4793 162.122
51.0998 37.849 11.8845 3.48457 162.089
51.1998 37.8499 11.9173 3.48984 162.057
51.2998 37.8508 11.9502 3.49509 162.024
51.3998 37.8515 11.9831 3.50034 161.991
51.4998 37.852 12.0161 3.50557 161.958
51.5998 37.8525 12.0491 3.5108 161.925
51.6998 37.8528 12.0822 3.51602 161.892
51.7998 37.8529 12.1153 3.52123 161.859
51.8998 37.8529 12.1484 3.52643 161.826
51.9998 37.8528 12.1816 3.53162 161.792
52.0998 37.8525 12.2149 3.53681 161.759
52.1998 37.8521 12.2482 3.54198 161.726
52.2998 37.8516 12.2815 3.54714 161.692
52.3998 37.8509 12.3149 3.5523 161.659
52.4998 37.8501 12.3483 3.55744 161.626
52.5998 37.8492 12.3818 3.56258 161.592
52.6998 37.8481 12.4153 3.56771 161.559
52.7998 37.847 12.4488 3.57282 161.525
52.8998 37.8456 12.4824 3.57793 161.492
52.9998 37.8442 12.5161 3.58303 161.458
53.0998 37.8426 12.5498 3.58812 161.424
53.1998 37.8409 12.5835 3.5932 161.39
53.2998 37.839 12.6173 3.59827 161.357
53.3998 37.837 12.6511 3.60334 161.323
53.4998 37.8349 12.685 3.60839 161.289
53.5998 37.8327 12.7189 3.61343 161.255
53.6998 37.8303 12.7528 3.61847 161.221
53.7998 37.8278 12.7868 3.62349 161.187
53.8997 37.8252 12.8209 3.62851 161.153
53.9997 37.8225 12.8549 3.63351 161.119
54.0997 37.8196 12.8891 3.63851 161.085
54.1997 37.8166 12.9232 3.6435 161.051
54.2997 37.8135 12.9575 3.64847 161.017
54.3997 37.8103 12.9917 3.65344 160.982
54.4997 37.8069 13.026 3.6584 160.948
54.5997 37.8034 13.0604 3.66335 160.914
54.6997 37.7998 13.0947 3.66829 160.879
54.7997 37.7961 13.1292 3.67322 160.845
54.8997 37.7923 13.1636 3.67814 160.81
54.9997 37.7883 13.1981 3.68305 160.776
55.0997 37.7842 13.2327 3.68795 160.741
55.1997 37.78 13.2673 3.69284 160.707
55.2997 37.7757 13.3019 3.69772 160.672
55.3997 37.7712 13.3366 3.70259 160.637
55.4997 37.7666 13.3713 3.70745 160.603
55.5997 37.762 13.4061 3.71231 160.568
55.6997 37.7571 13.4409 3.71715 160.533
55.7997 37.7522 13.4757 3.72198 160.498
55.8997 37.7472 13.5106 3.7268 160.463
55.9997 37.742 13.5456 3.73162 160.428
56.0997 37.7368 13.5805 3.73642 160.393
56.1997 37.7314 13.6155 3.74122 160.358
56.2997 37.7259 13.6506 3.746 160.323
56.3997 37.7203 13.6857 3.75077 160.288
56.4997 37.7146 13.7208 3.75554 160.253
56.5997 37.7087 13.756 3.76029 160.218
56.6997 37.7028 13.7912 3.76504 160.183
56.7997 37.6967 13.8265 3.76977 160.148
56.8997 37.6905 13.8617 3.7745 160.112
56.9997 37.6842 13.8971 3.77921 160.077
57.0997 37.6779 13.9325 3.78392 160.041
57.1997 37.6713 13.9679 3.78861 160.006
57.2997 37.6647 14.0033 3.7933 159.971
57.3997 37.658 14.0388 3.79797 159.935
57.4997 37.6512 14.0744 3.80264 159.9
57.5997 37.6442 14.1099 3.80729 159.864
57.6997 37.6372 14.1455 3.81194 159.828
57.7997 37.63 14.1812 3.81657 159.793
57.8997 37.6227 14.2169 3.8212 159.757
57.9997 37.6153 14.2526 3.82581 159.721
58.0997 37.6079 14.2884 3.83042 159.686
58.1997 37.6003 14.3242 3.83501 159.65
58.2997 37.5926 14.36 3.8396 159.614
58.3997 37.5848 14.3959 3.84417 159.578
58.4997 37.5769 14.4319 3.84874 159.542
58.5997 37.5689 14.4678 3.85329 159.506
58.6997 37.5607 14.5038 3.85783 159.47
58.7997 37.5525 14.5399 3.86237 159.434
58.8997 37.5442 14.5759 3.86689 159.398
58.9997 37.5358 14.6121 3.8714 159.362
59.0997 37.5272 14.6482 3.87591 159.326
59.1997 37.5186 14.6844 3.8804 159.29
59.2997 37.5099 14.7206 3.88488 159.253
59.3997 37.5011 14.7569 3.88936 159.217
59.4997 37.4921 14.7932 3.89382 159.181
59.5997 37.4831 14.8295 3.89827 159.144
59.6997 37.4739 14.8659 3.90271 159.108
59.7997 37.4647 14.9023 3.90714 159.072
59.8997 37.4554 14.9388 3.91156 159.035
59.9997 37.4459 14.9753 3.91597 158.999
60.0997 37.4364 15.0118 3.92037 158.962
60.1997 37.4268 15.0484 3.92476 158.926
60.2997 37.417 15.085 3.92914 158.889
60.3997 37.4072 15.1216 3.93351 158.852
60.4996 37.3973 15.1583 3.93787 158.816
60.5996 37.3873 15.195 3.94221 158.779
60.6996 37.3772 15.2317 3.94655 158.742
60.7996 37.3669 15.2685 3.95088 158.705
60.8996 37.3566 15.3053 3.95519 158.669
60.9996 37.3462 15.3422 3.9595 158.632
61.0996 37.3357 15.3791 3.96379 158.595
61.1996 37.3251 15.416 3.96808 158.558
61.2996 37.3145 15.453 3.97235 158.521
61.3996 37.3037 15.4899 3.97661 158.484
61.4996 37.2928 15.527 3.98087 158.447
61.5996 37.2818 15.564 3.98511 158.41
61.6996 37.2708 15.6011 3.98934 158.373
61.7996 37.2596 15.6383 3.99356 158.336
61.8996 37.2484 15.6754 3.99777 158.299
61.9996 37.237 15.7126 4.00197 158.261
62.0996 37.2256 15.7499 4.00616 158.224
62.1996 37.2141 15.7872 4.01034 158.187
62.2996 37.2025 15.8245 4.0145 158.149
62.3996 37.1908 15.8618 4.01866 158.112
62.4996 37.179 15.8992 4.02281 158.075
62.5996 37.1671 15.9366 4.02694 158.037
62.6996 37.1551 15.974 4.03107 158
62.7996 37.1431 16.0115 4.03518 157.962
62.8996 37.1309 16.049 4.03928 157.925
62.9996 37.1187 16.0866 4.04337 157.887
63.0996 37.1064 16.1242 4.04745 157.85
63.1996 37.094 16.1618 4.05152 157.812
63.2996 37.0815 16.1994 4.05558 157.775
63.3996 37.0689 16.2371 4.05963 157.737
63.4996 37.0562 16.2748 4.06367 157.699
63.5996 37.0435 16.3125 4.06769 157.661
63.6996 37.0306 16.3503 4.07171 157.624
63.7996 37.0177 16.3881 4.07571 157.586
63.8996 37.0047 16.426 4.07971 157.548
63.9996 36.9916 16.4638 4.08369 157.51
64.0996 36.9784 16.5017 4.08766 157.472
64.1996 36.9651 16.5397 4.09162 157.434
64.2996 36.9518 16.5777 4.09557 157.396
64.3996 36.9383 16.6157 4.09951 157.358
64.4996 36.9248 16.6537 4.10344 157.32
64.5996 36.9112 16.6918 4.10735 157.282
64.6996 36.8975 16.7298 4.11126 157.244
64.7996 36.8838 16.768 4.11515 157.206
64.8996 36.8699 16.8061 4.11903 157.168
64.9996 36.856 16.8443 4.12291 157.13
65.0996 36.842 16.8825 4.12677 157.091
65.1996 36.8279 16.9208 4.13062 157.053
65.2996 36.8137 16.9591 4.13445 157.015
65.3996 36.7994 16.9974 4.13828 156.977
65.4996 36.7851 17.0357 4.1421 156.938
65.5996 36.7707 17.0741 4.1459 156.9
65.6996 36.7562 17.1125 4.1497 156.861
65.7996 36.7416 17.151 4.15348 156.823
65.8996 36.727 17.1894 4.15725 156.785
65.9996 36.7122 17.2279 4.16101 156.746
66.0996 36.6974 17.2665 4.16476 156.708
66.1996 36.6825 17.305 4.16849 156.669
66.2996 36.6676 17.3436 4.17222 156.63
66.3996 36.6525 17.3822 4.17593 156.592
66.4996 36.6374 17.4209 4.17964 156.553
66.5996 36.6222 17.4595 4.18333 156.514
66.6996 36.6069 17.4982 4.18701 156.476
66.7996 36.5916 17.537 4.19068 156.437
66.8996 36.5761 17.5757 4.19434 156.398
66.9995 36.5606 17.6145 4.19798 156.359
67.0995 36.5451 17.6533 4.20162 156.321
67.1995 36.5294 17.6922 4.20524 156.282
67.2995 36.5137 17.7311 4.20885 156.243
67.3995 36.4979 17.77 4.21245 156.204
67.4995 36.482 17.8089 4.21604 156.165
67.5995 36.466 17.8479 4.21962 156.126
67.6995 36.45 17.8868 4.22318 156.087
67.7995 36.4339 17.9259 4.22674 156.048
67.8995 36.4177 17.9649 4.23028 156.009
67.9995 36.4015 18.004 4.23381 155.97
68.0995 36.3852 18.0431 4.23733 155.931
68.1995 36.3688 18.0822 4.24084 155.892
68.2995 36.3523 18.1214 4.24434 155.853
68.3995 36.3358 18.1605 4.24782 155.813
68.4995 36.3191 18.1998 4.25129 155.774
68.5995 36.3025 18.239 4.25476 155.735
68.6995 36.2857 18.2783 4.25821 155.696
68.7995 36.2689 18.3175 4.26164 155.656
68.8995 36.252 18.3569 4.26507 155.617
68.9995 36.235 18.3962 4.26849 155.578
69.0995 36.218 18.4356 4.27189 155.538
69.1995 36.2009 18.475 4.27528 155.499
69.2995 36.1837 18.5144 4.27866 155.46
69.3995 36.1664 18.5538 4.28203 155.42
69.4995 36.1491 18.5933 4.28538 155.381
69.5995 36.1317 18.6328 4.28873 155.341
69.6995 36.1143 18.6723 4.29206 155.302
69.7995 36.0968 18.7119 4.29538 155.262
69.8995 36.0792 18.7515 4.29869 155.222
69.9995 36.0615 18.7911 4.30199 155.183
70.0995 36.0438 18.8307 4.30527 155.143
70.1995 36.026 18.8703 4.30855 155.104
70.2995 36.0081 18.91 4.31181 155.064
70.3995 35.9902 18.9497 4.31506 155.024
70.4995 35.9722 18.9894 4.31829 154.985
70.5995 35.9542 19.0292 4.32152 154.945
70.6995 35.936 19.069 4.32473 154.905
70.7995 35.9178 19.1088 4.32794 154.865
70.8995 35.8996 19.1486 4.33113 154.825
70.9995 35.8813 19.1884 4.3343 154.786
71.0995 35.8629 19.2283 4.33747 154.746
71.1995 35.8444 19.2682 4.34062 154.706
71.2995 35.8259 19.3081 4.34377 154.666
71.3995 35.8073 19.3481 4.3469 154.626
71.4995 35.7886 19.388 4.35001 154.586
71.5995 35.7699 19.428 4.35312 154.546
71.6995 35.7512 19.468 4.35621 154.506
71.7995 35.7323 19.5081 4.3593 154.466
71.8995 35.7134 19.5481 4.36237 154.426
71.9995 35.6944 19.5882 4.36542 154.386
72.0995 35.6754 19.6283 4.36847 154.346
72.1995 35.6563 19.6684 4.3715 154.306
72.2995 35.6372 19.7086 4.37452 154.265
72.3995 35.6179 19.7488 4.37753 154.225
72.4995 35.5986 19.789 4.38053 154.185
72.5995 35.5793 19.8292 4.38351 154.145
72.6995 35.5599 19.8694 4.38649 154.105
72.7995 35.5404 19.9097 4.38945 154.064
72.8995 35.5209 19.9499 4.39239 154.024
72.9995 35.5013 19.9903 4.39533 153.984
73.0995 35.4817 20.0306 4.39825 153.943
73.1995 35.4619 20.0709 4.40116 153.903
73.2995 35.4422 20.1113 4.40406 153.863
73.3995 35.4223 20.1517 4.40695 153.822
73.4995 35.4024 20.1921 4.40982 153.782
73.5994 35.3825 20.2325 4.41269 153.741
73.6994 35.3625 20.273 4.41554 153.701
73.7994 35.3424 20.3134 4.41837 153.661
73.8994 35.3223 20.3539 4.4212 153.62
73.9994 35.3021 20.3944 4.42401 153.58
74.0994 35.2818 20.435 4.42681 153.539
74.1994 35.2615 20.4755 4.4296 153.498
74.2994 35.2412 20.5161 4.43238 153.458
74.3994 35.2207 20.5567 4.43514 153.417
74.4994 35.2003 20.5973 4.43789 153.377
74.5994 35.1797 20.6379 4.44063 153.336
74.6994 35.1591 20.6786 4.44335 153.295
74.7994 35.1385 20.7193 4.44607 153.255
74.8994 35.1178 20.76 4.44877 153.214
74.9994 35.097 20.8007 4.45146 153.173
75.0994 35.0762 20.8414 4.45413 153.133
75.1994 35.0553 20.8821 4.4568 153.092
75.2994 35.0343 20.9229 4.45945 153.051
75.3994 35.0133 20.9637 4.46208 153.01
75.4994 34.9923 21.0045 4.46471 152.969
75.5994 34.9712 21.0453 4.46732 152.929
75.6994 34.95 21.0862 4.46992 152.888
75.7994 34.9288 21.127 4.47251 152.847
75.8994 34.9075 21.1679 4.47509 152.806
75.9994 34.8862 21.2088 4.47765 152.765
76.0994 34.8648 21.2497 4.4802 152.724
76.1994 34.8434 21.2906 4.48274 152.683
76.2994 34.8219 21.3316 4.48526 152.642
76.3994 34.8003 21.3726 4.48777 152.601
76.4994 34.7787 21.4135 4.49027 152.56
76.5994 34.7571 21.4545 4.49276 152.519
76.6994 34.7354 21.4956 4.49524 152.478
76.7994 34.7136 21.5366 4.4977 152.437
76.8994 34.6918 21.5776 4.50015 152.396
76.9994 34.6699 21.6187 4.50258 152.355
77.0994 34.648 21.6598 4.505 152.314
77.1994 34.626 21.7009 4.50741 152.273
77.2994 34.604 21.742 4.50981 152.232
77.3994 34.5819 21.7831 4.5122 152.191
77.4994 34.5598 21.8243 4.51457 152.15
77.5994 34.5376 21.8655 4.51693 152.109
77.6994 34.5154 21.9066 4.51928 152.067
77.7994 34.4931 21.9478 4.52161 152.026
77.8994 34.4708 21.989 4.52393 151.985
77.9994 34.4484 22.0303 4.52624 151.944
78.0994 34.4259 22.0715 4.52853 151.902
78.1994 34.4034 22.1128 4.53081 151.861
78.2994 34.3809 22.154 4.53308 151.82
78.3994 34.3583 22.1953 4.53534 151.779
78.4994 34.3357 22.2366 4.53758 151.737
78.5994 34.313 22.2779 4.53981 151.696
78.6994 34.2902 22.3193 4.54203 151.655
78.7994 34.2674 22.3606 4.54424 151.613
78.8994 34.2446 22.402 4.54643 151.572
78.9994 34.2217 22.4434 4.54861 151.531
79.0994 34.1987 22.4847 4.55077 151.489
79.1994 34.1758 22.5262 4.55293 151.448
79.2994 34.1527 22.5676 4.55507 151.406
79.3994 34.1296 22.609 4.55719 151.365
79.4994 34.1065 22.6504 4.55931 151.324
79.5994 34.0833 22.6919 4.56141 151.282
79.6994 34.0601 22.7334 4.56349 151.241
79.7994 34.0368 22.7749 4.56557 151.199
79.8994 34.0134 22.8163 4.56763 151.158
79.9994 33.9901 22.8579 4.56968 151.116
80.0993 33.9666 22.8994 4.57171 151.075
80.1993 33.9431 22.9409 4.57374 151.033
80.2993 33.9196 22.9825 4.57574 150.991
80.3993 33.896 23.024 4.57774 150.95
80.4993 33.8724 23.0656 4.57972 150.908
80.5993 33.8488 23.1072 4.58169 150.867
80.6993 33.825 23.1488 4.58365 150.825
80.7993 33.8013 23.1904 4.58559 150.784
80.8993 33.7775 23.232 4.58752 150.742
80.9993 33.7536 23.2736 4.58944 150.7
81.0993 33.7297 23.3153 4.59134 150.659
81.1993 33.7058 23.3569 4.59323 150.617
81.2993 33.6818 23.3986 4.59511 150.575
81.3993 33.6578 23.4403 4.59697 150.534
81.4993 33.6337 23.482 4.59882 150.492
81.5993 33.6095 23.5237 4.60066 150.45
81.6993 33.5854 23.5654 4.60249 150.409
81.7993 33.5612 23.6071 4.6043 150.367
81.8993 33.5369 23.6488 4.60609 150.325
81.9993 33.5126 23.6906 4.60788 150.283
82.0993 33.4882 23.7323 4.60965 150.242
82.1993 33.4638 23.7741 4.61141 150.2
82.2993 33.4394 23.8158 4.61315 150.158
82.3993 33.4149 23.8576 4.61488 150.116
82.4993 33.3904 23.8994 4.6166 150.075
82.5993 33.3658 23.9412 4.6183 150.033
82.6993 33.3412 23.983 4.62 149.991
82.7993 33.3165 24.0248 4.62167 149.949
82.8993 33.2918 24.0667 4.62334 149.907
82.9993 33.2671 24.1085 4.62499 149.865
83.0993 33.2423 24.1504 4.62662 149.824
83.1993 33.2174 24.1922 4.62825 149.782
83.2993 33.1925 24.2341 4.62986 149.74
83.3993 33.1676 24.2759 4.63146 149.698
83.4993 33.1427 24.3178 4.63304 149.656
83.5993 33.1177 24.3597 4.63461 149.614
83.6993 33.0926 24.4016 4.63616 149.572
83.7993 33.0675 24.4435 4.63771 149.53
83.8993 33.0424 24.4854 4.63924 149.489
83.9993 33.0172 24.5274 4.64075 149.447
84.0993 32.992 24.5693 4.64226 149.405
84.1993 32.9667 24.6112 4.64374 149.363
84.2993 32.9414 24.6532 4.64522 149.321
84.3993 32.9161 24.6951 4.64668 149.279
84.4993 32.8907 24.7371 4.64813 149.237
84.5993 32.8653 24.779 4.64956 149.195
84.6993 32.8398 24.821 4.65098 149.153
84.7993 32.8143 24.863 4.65239 149.111
84.8993 32.7887 24.905 4.65379 149.069
84.9993 32.7632 24.947 4.65517 149.027
85.0993 32.7375 24.989 4.65653 148.985
85.1993 32.7119 25.031 4.65789 148.943
85.2993 32.6861 25.073 4.65922 148.901
85.3993 32.6604 25.115 4.66055 148.859
85.4993 32.6346 25.157 4.66186 148.817
85.5993 32.6088 25.1991 4.66316 148.775
85.6993 32.5829 25.2411 4.66445 148.733
85.7993 32.557 25.2831 4.66572 148.691
85.8993 32.531 25.3252 4.66697 148.649
85.9993 32.5051 25.3672 4.66822 148.607
86.0993 32.479 25.4093 4.66945 148.565
86.1993 32.453 25.4513 4.67066 148.523
86.2993 32.4269 25.4934 4.67186 148.481
86.3993 32.4007 25.5355 4.67305 148.438
86.4993 32.3745 25.5776 4.67423 148.396
86.5993 32.3483 25.6196 4.67539 148.354
86.6992 32.322 25.6617 4.67654 148.312
86.7992 32.2957 25.7038 4.67767 148.27
86.8992 32.2694 25.7459 4.67879 148.228
86.9992 32.243 25.788 4.67989 148.186
87.0992 32.2166 25.8301 4.68099 148.144
87.1992 32.1902 25.8722 4.68206 148.102
87.2992 32.1637 25.9143 4.68313 148.06
87.3992 32.1371 25.9564 4.68418 148.018
87.4992 32.1106 25.9985 4.68522 147.975
87.5992 32.084 26.0406 4.68624 147.933
87.6992 32.0573 26.0828 4.68725 147.891
87.7992 32.0307 26.1249 4.68824 147.849
87.8992 32.004 26.167 4.68922 147.807
87.9992 31.9772 26.2091 4.69019 147.765
88.0992 31.9504 26.2513 4.69114 147.723
88.1992 31.9236 26.2934 4.69208 147.681
88.2992 31.8967 26.3355 4.69301 147.638
88.3992 31.8698 26.3777 4.69392 147.596
88.4992 31.8429 26.4198 4.69482 147.554
88.5992 31.8159 26.462 4.6957 147.512
88.6992 31.7889 26.5041 4.69657 147.47
88.7992 31.7619 26.5463 4.69743 147.428
88.8992 31.7348 26.5884 4.69827 147.386
88.9992 31.7077 26.6306 4.6991 147.343
89.0992 31.6805 26.6727 4.69991 147.301
89.1992 31.6534 26.7149 4.70071 147.259
89.2992 31.6261 26.757 4.7015 147.217
89.3992 31.5989 26.7992 4.70227 147.175
89.4992 31.5716 26.8413 4.70303 147.133
89.5992 31.5443 26.8835 4.70377 147.09
89.6992 31.5169 26.9256 4.7045 147.048
89.7992 31.4895 26.9678 4.70521 147.006
89.8992 31.4621 27.0099 4.70592 146.964
89.9992 31.4346 27.0521 4.7066 146.922
90.0992 31.4071 27.0943 4.70728 146.88
90.1992 31.3796 27.1364 4.70794 146.838
90.2992 31.352 27.1786 4.70858 146.795
90.3992 31.3244 27.2207 4.70921 146.753
90.4992 31.2968 27.2629 4.70983 146.711
90.5992 31.2691 27.305 4.71043 146.669
90.6992 31.2414 27.3472 4.71102 146.627
90.7992 31.2137 27.3893 4.7116 146.585
90.8992 31.1859 27.4315 4.71216 146.542
90.9992 31.1581 27.4736 4.7127 146.5
91.0992 31.1303 27.5158 4.71323 146.458
91.1992 31.1024 27.5579 4.71375 146.416
91.2992 31.0745 27.6001 4.71426 146.374
91.3992 31.0465 27.6422 4.71475 146.332
91.4992 31.0186 27.6844 4.71522 146.29
91.5992 30.9906 27.7265 4.71568 146.247
91.6992 30.9625 27.7686 4.71613 146.205
91.7992 30.9345 27.8108 4.71656 146.163
91.8992 30.9064 27.8529 4.71698 146.121
91.9992 30.8782 27.895 4.71739 146.079
92.0992 30.8501 27.9372 4.71778 146.037
92.1992 30.8219 27.9793 4.71815 145.995
92.2992 30.7936 28.0214 4.71851 145.953
92.3992 30.7654 28.0635 4.71886 145.91
92.4992 30.7371 28.1057 4.71919 145.868
92.5992 30.7087 28.1478 4.71951 145.826
92.6992 30.6804 28.1899 4.71982 145.784
92.7992 30.652 28.232 4.72011 145.742
92.8992 30.6236 28.2741 4.72038 145.7
92.9992 30.5951 28.3162 4.72065 145.658
93.0992 30.5666 28.3583 4.72089 145.616
93.1992 30.5381 28.4004 4.72113 145.574
93.2991 30.5096 28.4425 4.72135 145.531
93.3991 30.481 28.4846 4.72155 145.489
93.4991 30.4524 28.5266 4.72174 145.447
93.5991 30.4237 28.5687 4.72192 145.405
93.6991 30.3951 28.6108 4.72208 145.363
93.7991 30.3664 28.6529 4.72222 145.321
93.8991 30.3376 28.6949 4.72236 145.279
93.9991 30.3089 28.737 4.72248 145.237
94.0991 30.2801 28.779 4.72258 145.195
94.1991 30.2512 28.8211 4.72267 145.153
94.2991 30.2224 28.8631 4.72274 145.111
94.3991 30.1935 28.9051 4.72281 145.069
94.4991 30.1646 28.9472 4.72285 145.027
94.5991 30.1356 28.9892 4.72288 144.985
94.6991 30.1067 29.0312 4.7229 144.943
94.7991 30.0777 29.0732 4.72291 144.901
94.8991 30.0486 29.1152 4.72289 144.859
94.9991 30.0196 29.1572 4.72287 144.817
95.0991 29.9905 29.1992 4.72283 144.775
95.1991 29.9613 29.2412 4.72277 144.733
95.2991 29.9322 29.2832 4.72271 144.691
95.3991 29.903 29.3252 4.72262 144.649
95.4991 29.8738 29.3671 4.72252 144.607
95.5991 29.8445 29.4091 4.72241 144.565
95.6991 29.8153 29.451 4.72229 144.523
95.7991 29.786 29.493 4.72214 144.481
95.8991 29.7567 29.5349 4.72199 144.439
95.9991 29.7273 29.5768 4.72182 144.397
96.0991 29.6979 29.6188 4.72163 144.355
96.1991 29.6685 29.6607 4.72143 144.313
96.2991 29.6391 29.7026 4.72122 144.271
96.3991 29.6096 29.7445 4.72099 144.229
96.4991 29.5801 29.7864 4.72075 144.188
96.5991 29.5506 29.8283 4.72049 144.146
96.6991 29.521 29.8701 4.72022 144.104
96.7991 29.4914 29.912 4.71993 144.062
96.8991 29.4618 29.9538 4.71963 144.02
96.9991 29.4322 29.9957 4.71932 143.978
97.0991 29.4025 30.0375 4.71899 143.936
97.1991 29.3728 30.0794 4.71864 143.895
97.2991 29.3431 30.1212 4.71828 143.853
97.3991 29.3133 30.163 4.71791 143.811
97.4991 29.2836 30.2048 4.71752 143.769
97.5991 29.2538 30.2466 4.71712 143.727
97.6991 29.2239 30.2884 4.7167 143.686
97.7991 29.1941 30.3301 4.71627 143.644
97.8991 29.1642 30.3719 4.71582 143.602
97.9991 29.1343 30.4136 4.71536 143.56
98.0991 29.1043 30.4554 4.71489 143.519
98.1991 29.0744 30.4971 4.7144 143.477
98.2991 29.0444 30.5388 4.71389 143.435
98.3991 29.0144 30.5805 4.71337 143.393
98.4991 28.9843 30.6222 4.71284 143.352
98.5991 28.9542 30.6639 4.71229 143.31
98.6991 28.9241 30.7056 4.71173 143.268
98.7991 28.894 30.7473 4.71115 143.227
98.8991 28.8639 30.7889 4.71056 143.185
98.9991 28.8337 30.8306 4.70995 143.143
99.0991 28.8035 30.8722 4.70933 143.102
99.1991 28.7732 30.9138 4.70869 143.06
99.2991 28.743 30.9554 4.70804 143.019
99.3991 28.7127 30.997 4.70737 142.977
99.4991 28.6824 31.0386 4.70669 142.935
99.5991 28.6521 31.0802 4.706 142.894
99.6991 28.6217 31.1217 4.70529 142.852
99.799 28.5913 31.1633 4.70456 142.811
99.899 28.5609 31.2048 4.70382 142.769
99.999 28.5305 31.2463 4.70307 142.728
100.099 28.5 31.2879 4.7023 142.686
100.199 28.4695 31.3294 4.70152 142.645
100.299 28.439 31.3708 4.70072 142.603
100.399 28.4085 31.4123 4.6999 142.562
100.499 28.3779 31.4538 4.69908 142.52
100.599 28.3473 31.4952 4.69823 142.479
100.699 28.3167 31.5366 4.69738 142.437
100.799 28.2861 31.5781 4.69651 142.396
100.899 28.2554 31.6195 4.69562 142.354
100.999 28.2247 31.6608 4.69472 142.313
101.099 28.194 31.7022 4.6938 142.272
101.199 28.1633 31.7436 4.69287 142.23
101.299 28.1325 31.7849 4.69193 142.189
101.399 28.1017 31.8263 4.69097 142.148
101.499 28.0709 31.8676 4.68999 142.106
101.599 28.0401 31.9089 4.689 142.065
101.699 28.0092 31.9502 4.688 142.024
101.799 27.9784 31.9914 4.68698 141.983
101.899 27.9475 32.0327 4.68594 141.941
101.999 27.9165 32.0739 4.68489 141.9
102.099 27.8856 32.1152 4.68383 141.859
102.199 27.8546 32.1564 4.68275 141.818
102.299 27.8236 32.1976 4.68166 141.776
102.399 27.7926 32.2388 4.68055 141.735
102.499 27.7615 32.2799 4.67943 141.694
102.599 27.7305 32.3211 4.67829 141.653
102.699 27.6994 32.3622 4.67714 141.612
102.799 27.6683 32.4033 4.67597 141.571
102.899 27.6371 32.4444 4.67479 141.53
102.999 27.6059 32.4855 4.6736 141.488
103.099 27.5748 32.5266 4.67238 141.447
103.199 27.5435 32.5676 4.67116 141.406
103.299 27.5123 32.6087 4.66992 141.365
103.399 27.4811 32.6497 4.66866 141.324
103.499 27.4498 32.6907 4.66739 141.283
103.599 27.4185 32.7317 4.66611 141.242
103.699 27.3872 32.7726 4.66481 141.201
103.799 27.3558 32.8136 4.66349 141.16
103.899 27.3244 32.8545 4.66216 141.119
103.999 27.293 32.8954 4.66082 141.079
104.099 27.2616 32.9363 4.65946 141.038
104.199 27.2302 32.9772 4.65808 140.997
104.299 27.1987 33.018 4.65669 140.956
104.399 27.1672 33.0589 4.65529 140.915
104.499 27.1357 33.0997 4.65387 140.874
104.599 27.1042 33.1405 4.65244 140.833
104.699 27.0727 33.1813 4.65099 140.793
104.799 27.0411 33.2221 4.64953 140.752
104.899 27.0095 33.2628 4.64805 140.711
104.999 26.9779 33.3035 4.64656 140.67
105.099 26.9462 33.3443 4.64505 140.63
105.199 26.9146 33.3849 4.64353 140.589
105.299 26.8829 33.4256 4.64199 140.548
105.399 26.8512 33.4663 4.64044 140.508
105.499 26.8195 33.5069 4.63887 140.467
105.599 26.7877 33.5475 4.63729 140.426
105.699 26.756 33.5881 4.63569 140.386
105.799 26.7242 33.6287 4.63408 140.345
105.899 26.6924 33.6692 4.63245 140.305
105.999 26.6605 33.7098 4.63081 140.264
106.099 26.6287 33.7503 4.62916 140.224
106.199 26.5968 33.7908 4.62748 140.183
106.299 26.5649 33.8313 4.6258 140.143
106.399 26.533 33.8717 4.6241 140.102
106.499 26.5011 33.9121 4.62238 140.062
106.599 26.4691 33.9525 4.62065 140.021
106.699 26.4371 33.9929 4.61891 139.981
106.799 26.4051 34.0333 4.61715 139.941
106.899 26.3731 34.0736 4.61537 139.9
106.999 26.3411 34.114 4.61358 139.86
107.099 26.309 34.1543 4.61178 139.82
107.199 26.2769 34.1946 4.60996 139.779
107.299 26.2448 34.2348 4.60812 139.739
107.399 26.2127 34.2751 4.60627 139.699
107.499 26.1806 34.3153 4.60441 139.659
107.599 26.1484 34.3555 4.60253 139.618
107.699 26.1162 34.3956 4.60064 139.578
107.799 26.084 34.4358 4.59873 139.538
107.899 26.0518 34.4759 4.5968 139.498
107.999 26.0196 34.516 4.59487 139.458
108.099 25.9873 34.5561 4.59291 139.418
108.199 25.955 34.5962 4.59094 139.378
108.299 25.9227 34.6362 4.58896 139.338
108.399 25.8904 34.6762 4.58696 139.298
108.499 25.8581 34.7162 4.58495 139.258
108.599 25.8257 34.7562 4.58292 139.218
108.699 25.7933 34.7961 4.58088 139.178
108.799 25.7609 34.836 4.57882 139.138
108.899 25.7285 34.8759 4.57675 139.098
108.999 25.6961 34.9158 4.57466 139.058
109.099 25.6636 34.9556 4.57256 139.018
109.199 25.6311 34.9955 4.57045 138.978
109.299 25.5986 35.0353 4.56831 138.939
109.399 25.5661 35.075 4.56617 138.899
109.499 25.5336 35.1148 4.56401 138.859
109.599 25.501 35.1545 4.56183 138.819
109.699 25.4685 35.1942 4.55964 138.78
109.799 25.4359 35.2339 4.55743 138.74
109.899 25.4032 35.2735 4.55521 138.7
109.999 25.3706 35.3132 4.55298 138.661
110.099 25.338 35.3528 4.55072 138.621
110.199 25.3053 35.3924 4.54846 138.582
110.299 25.2726 35.4319 4.54618 138.542
110.399 25.2399 35.4714 4.54388 138.503
110.499 25.2072 35.5109 4.54157 138.463
110.599 25.1744 35.5504 4.53925 138.424
110.699 25.1417 35.5898 4.53691 138.384
110.799 25.1089 35.6293 4.53455 138.345
110.899 25.0761 35.6687 4.53218 138.305
110.999 25.0433 35.708 4.5298 138.266
111.099 25.0104 35.7474 4.5274 138.227
111.199 24.9776 35.7867 4.52499 138.187
111.299 24.9447 35.826 4.52256 138.148
111.399 24.9118 35.8653 4.52011 138.109
111.499 24.8789 35.9045 4.51766 138.069
111.599 24.846 35.9437 4.51518 138.03
111.699 24.8131 35.9829 4.51269 137.991
111.799 24.7801 36.022 4.51019 137.952
111.899 24.7471 36.0612 4.50767 137.913
111.999 24.7141 36.1003 4.50514 137.874
112.099 24.6811 36.1393 4.50259 137.835
112.199 24.6481 36.1784 4.50003 137.796
112.299 24.615 36.2174 4.49745 137.757
112.399 24.582 36.2564 4.49486 137.718
112.499 24.5489 36.2954 4.49226 137.679
112.599 24.5158 36.3343 4.48963 137.64
112.699 24.4826 36.3732 4.487 137.601
112.799 24.4495 36.4121 4.48435 137.562
112.899 24.4164 36.4509 4.48168 137.523
112.999 24.3832 36.4897 4.479 137.484
113.099 24.35 36.5285 4.4763 137.445
113.199 24.3168 36.5673 4.47359 137.407
113.299 24.2836 36.606 4.47087 137.368
113.399 24.2503 36.6447 4.46813 137.329
113.499 24.2171 36.6834 4.46537 137.291
113.599 24.1838 36.722 4.4626 137.252
113.699 24.1505 36.7607 4.45982 137.213
113.799 24.1172 36.7992 4.45702 137.175
113.899 24.0839 36.8378 4.4542 137.136
113.999 24.0505 36.8763 4.45138 137.098
114.099 24.0172 36.9148 4.44853 137.059
114.199 23.9838 36.9533 4.44567 137.021
114.299 23.9504 36.9917 4.4428 136.982
114.399 23.917 37.0301 4.43991 136.944
114.499 23.8836 37.0685 4.43701 136.905
114.599 23.8501 37.1069 4.43409 136.867
114.699 23.8167 37.1452 4.43116 136.829
114.799 23.7832 37.1835 4.42821 136.791
114.899 23.7497 37.2217 4.42525 136.752
114.999 23.7162 37.2599 4.42228 136.714
115.099 23.6827 37.2981 4.41928 136.676
115.199 23.6491 37.3363 4.41628 136.638
115.299 23.6156 37.3744 4.41326 136.6
115.399 23.582 37.4125 4.41022 136.561
115.499 23.5484 37.4506 4.40717 136.523
115.599 23.5148 37.4886 4.40411 136.485
115.699 23.4812 37.5266 4.40103 136.447
115.799 23.4475 37.5646 4.39793 136.409
115.899 23.4139 37.6025 4.39482 136.371
115.999 23.3802 37.6404 4.3917 136.334
116.099 23.3465 37.6783 4.38856 136.296
116.199 23.3128 37.7161 4.38541 136.258
116.299 23.2791 37.754 4.38224 136.22
116.399 23.2454 37.7917 4.37906 136.182
116.499 23.2116 37.8295 4.37586 136.144
116.599 23.1779 37.8672 4.37265 136.107
116.699 23.1441 37.9049 4.36942 136.069
116.799 23.1103 37.9425 4.36618 136.031
116.899 23.0765 37.9801 4.36293 135.994
116.999 23.0427 38.0177 4.35965 135.956
117.099 23.0088 38.0552 4.35637 135.919
117.199 22.975 38.0928 4.35307 135.881
117.299 22.9411 38.1302 4.34976 135.844
117.399 22.9072 38.1677 4.34643 135.806
117.499 22.8733 38.2051 4.34308 135.769
117.599 22.8394 38.2425 4.33972 135.731
117.699 22.8055 38.2798 4.33635 135.694
117.799 22.7715 38.3171 4.33296 135.657
117.899 22.7376 38.3544 4.32956 135.62
117.999 22.7036 38.3916 4.32614 135.582
118.099 22.6696 38.4288 4.32271 135.545
118.199 22.6356 38.466 4.31927 135.508
118.299 22.6016 38.5031 4.31581 135.471
118.399 22.5676 38.5402 4.31233 135.434
118.499 22.5335 38.5773 4.30884 135.397
118.599 22.4994 38.6143 4.30534 135.36
118.699 22.4654 38.6513 4.30182 135.323
118.799 22.4313 38.6883 4.29828 135.286
118.899 22.3972 38.7252 4.29473 135.249
118.999 22.363 38.7621 4.29117 135.212
119.099 22.3289 38.799 4.28759 135.175
119.199 22.2948 38.8358 4.284 135.138
119.299 22.2606 38.8726 4.2804 135.101
119.399 22.2264 38.9093 4.27678 135.065
119.499 22.1922 38.946 4.27314 135.028
119.599 22.158 38.9827 4.26949 134.991
119.699 22.1238 39.0193 4.26583 134.955
119.799 22.0895 39.0559 4.26215 134.918
119.899 22.0553 39.0925 4.25845 134.881
119.999 22.021 39.129 4.25475 134.845
120.099 21.9868 39.1655 4.25102 134.808
120.199 21.9525 39.202 4.24729 134.772
120.299 21.9182 39.2384 4.24353 134.736
120.399 21.8838 39.2747 4.23977 134.699
120.499 21.8495 39.3111 4.23599 134.663
120.599 21.8151 39.3474 4.23219 134.627
120.699 21.7808 39.3837 4.22838 134.59
120.799 21.7464 39.4199 4.22456 134.554
120.899 21.712 39.4561 4.22072 134.518
120.999 21.6776 39.4922 4.21687 134.482
121.099 21.6432 39.5284 4.213 134.446
121.199 21.6088 39.5644 4.20912 134.41
121.299 21.5743 39.6005 4.20523 134.373
121.399 21.5399 39.6365 4.20132 134.337
121.499 21.5054 39.6724 4.19739 134.302
121.599 21.4709 39.7084 4.19345 134.266
121.699 21.4364 39.7443 4.1895 134.23
121.799 21.4019 39.7801 4.18553 134.194
121.899 21.3674 39.8159 4.18155 134.158
121.999 21.3328 39.8517 4.17755 134.122
122.099 21.2983 39.8874 4.17354 134.087
122.199 21.2637 39.9231 4.16952 134.051
122.299 21.2291 39.9588 4.16548 134.015
122.399 21.1946 39.9944 4.16143 133.98
122.499 21.1599 40.0299 4.15736 133.944
122.599 21.1253 40.0655 4.15328 133.908
122.699 21.0907 40.101 4.14918 133.873
122.799 21.0561 40.1364 4.14507 133.838
122.899 21.0214 40.1718 4.14094 133.802
122.999 20.9867 40.2072 4.1368 133.767
123.099 20.9521 40.2426 4.13265 133.731
123.199 20.9174 40.2779 4.12848 133.696
123.299 20.8827 40.3131 4.1243 133.661
123.399 20.8479 40.3483 4.12011 133.626
123.499 20.8132 40.3835 4.1159 133.59
123.599 20.7785 40.4186 4.11167 133.555
123.699 20.7437 40.4537 4.10743 133.52
123.799 20.7089 40.4888 4.10318 133.485
123.899 20.6741 40.5238 4.09891 133.45
123.999 20.6393 40.5588 4.09463 133.415
124.099 20.6045 40.5937 4.09033 133.38
124.199 20.5697 40.6286 4.08602 133.345
124.299 20.5349 40.6634 4.0817 133.311
124.399 20.5 40.6982 4.07736 133.276
124.499 20.4652 40.733 4.07301 133.241
124.599 20.4303 40.7677 4.06864 133.206
124.699 20.3954 40.8024 4.06426 133.172
124.799 20.3605 40.837 4.05987 133.137
124.899 20.3256 40.8716 4.05546 133.102
124.999 20.2907 40.9062 4.05104 133.068
125.099 20.2558 40.9407 4.0466 133.033
125.199 20.2208 40.9752 4.04215 132.999
125.299 20.1859 41.0096 4.03769 132.964
125.399 20.1509 41.044 4.03321 132.93
125.499 20.1159 41.0783 4.02871 132.896
125.599 20.0809 41.1126 4.02421 132.861
125.699 20.0459 41.1469 4.01969 132.827
125.799 20.0109 41.1811 4.01515 132.793
125.899 19.9759 41.2153 4.0106 132.759
125.999 19.9409 41.2494 4.00604 132.725
126.099 19.9058 41.2835 4.00146 132.69
126.199 19.8707 41.3175 3.99687 132.656
126.299 19.8357 41.3515 3.99227 132.622
126.399 19.8006 41.3855 3.98765 132.589
126.499 19.7655 41.4194 3.98302 132.555
126.599 19.7304 41.4532 3.97837 132.521
126.699 19.6953 41.4871 3.97371 132.487
126.799 19.6601 41.5208 3.96903 132.453
126.899 19.625 41.5546 3.96435 132.419
126.999 19.5898 41.5883 3.95964 132.386
127.099 19.5547 41.6219 3.95493 132.352
127.199 19.5195 41.6555 3.9502 132.318
127.299 19.4843 41.6891 3.94546 132.285
127.399 19.4491 41.7226 3.9407 132.251
127.499 19.4139 41.756 3.93593 132.218
127.599 19.3787 41.7895 3.93114 132.184
127.699 19.3434 41.8228 3.92634 132.151
127.799 19.3082 41.8562 3.92153 132.118
127.899 19.2729 41.8895 3.9167 132.084
127.999 19.2377 41.9227 3.91186 132.051
128.099 19.2024 41.9559 3.90701 132.018
128.199 19.1671 41.9891 3.90214 131.985
128.299 19.1318 42.0222 3.89726 131.952
128.399 19.0965 42.0552 3.89236 131.919
128.499 19.0612 42.0882 3.88746 131.886
128.599 19.0258 42.1212 3.88253 131.853
128.699 18.9905 42.1541 3.8776 131.82
128.799 18.9551 42.187 3.87265 131.787
128.899 18.9197 42.2199 3.86768 131.754
128.999 18.8844 42.2526 3.8627 131.721
129.099 18.849 42.2854 3.85771 131.689
129.199 18.8136 42.3181 3.85271 131.656
129.299 18.7782 42.3507 3.84769 131.623
129.399 18.7427 42.3833 3.84266 131.591
129.499 18.7073 42.4159 3.83761 131.558
129.599 18.6719 42.4484 3.83255 131.526
129.699 18.6364 42.4809 3.82748 131.493
129.799 18.6009 42.5133 3.82239 131.461
129.899 18.5655 42.5456 3.8173 131.428
129.999 18.53 42.578 3.81218 131.396
130.099 18.4945 42.6102 3.80706 131.364
130.199 18.459 42.6425 3.80192 131.331
130.299 18.4235 42.6746 3.79676 131.299
130.399 18.3879 42.7068 3.79159 131.267
130.499 18.3524 42.7388 3.78641 131.235
130.599 18.3169 42.7709 3.78122 131.203
130.699 18.2813 42.8029 3.77601 131.171
130.799 18.2457 42.8348 3.77079 131.139
130.899 18.2102 42.8667 3.76556 131.107
130.999 18.1746 42.8985 3.76031 131.075
131.099 18.139 42.9303 3.75505 131.044
131.199 18.1034 42.9621 3.74978 131.012
131.299 18.0677 42.9938 3.74449 130.98
131.399 18.0321 43.0254 3.73919 130.949
131.499 17.9965 43.057 3.73387 130.917
131.599 17.9608 43.0886 3.72855 130.885
131.699 17.9252 43.1201 3.7232 130.854
131.799 17.8895 43.1515 3.71785 130.822
131.899 17.8538 43.1829 3.71248 130.791
131.999 17.8181 43.2143 3.7071 130.76
132.099 17.7824 43.2456 3.70171 130.728
132.199 17.7467 43.2769 3.6963 130.697
132.299 17.711 43.3081 3.69088 130.666
132.399 17.6753 43.3392 3.68545 130.635
132.499 17.6396 43.3703 3.68 130.604
132.599 17.6038 43.4014 3.67454 130.573
132.699 17.5681 43.4324 3.66907 130.542
132.799 17.5323 43.4634 3.66358 130.511
132.899 17.4965 43.4943 3.65808 130.48
132.999 17.4607 43.5251 3.65257 130.449
133.099 17.4249 43.5559 3.64705 130.418
133.199 17.3891 43.5867 3.64151 130.387
133.299 17.3533 43.6174 3.63596 130.357
133.399 17.3175 43.6481 3.63039 130.326
133.499 17.2817 43.6787 3.62482 130.295
133.599 17.2458 43.7092 3.61923 130.265
133.699 17.21 43.7397 3.61362 130.234
133.799 17.1741 43.7702 3.60801 130.204
133.899 17.1382 43.8006 3.60238 130.173
133.999 17.1024 43.8309 3.59673 130.143
134.099 17.0665 43.8613 3.59108 130.113
134.199 17.0306 43.8915 3.58541 130.082
134.299 16.9947 43.9217 3.57973 130.052
134.399 16.9588 43.9518 3.57404 130.022
134.499 16.9228 43.9819 3.56833 129.992
134.599 16.8869 44.012 3.56261 129.962
134.699 16.851 44.042 3.55688 129.932
134.799 16.815 44.0719 3.55113 129.902
134.899 16.779 44.1018 3.54537 129.872
134.999 16.7431 44.1317 3.5396 129.842
135.099 16.7071 44.1614 3.53382 129.813
135.199 16.6711 44.1912 3.52802 129.783
135.299 16.6351 44.2209 3.52222 129.753
135.399 16.5991 44.2505 3.51639 129.723
135.499 16.5631 44.2801 3.51056 129.694
135.599 16.5271 44.3096 3.50471 129.664
135.699 16.491 44.3391 3.49885 129.635
135.799 16.455 44.3685 3.49298 129.605
135.899 16.419 44.3978 3.4871 129.576
135.999 16.3829 44.4272 3.4812 129.547
136.099 16.3468 44.4564 3.47529 129.518
136.199 16.3108 44.4856 3.46937 129.488
136.299 16.2747 44.5148 3.46343 129.459
136.399 16.2386 44.5439 3.45748 129.43
136.499 16.2025 44.5729 3.45152 129.401
136.599 16.1664 44.6019 3.44555 129.372
136.699 16.1303 44.6309 3.43956 129.343
136.799 16.0941 44.6597 3.43357 129.314
136.899 16.058 44.6886 3.42756 129.285
136.999 16.0219 44.7174 3.42153 129.257
137.099 15.9857 44.7461 3.4155 129.228
137.199 15.9495 44.7748 3.40945 129.199
137.299 15.9134 44.8034 3.40339 129.171
137.399 15.8772 44.8319 3.39732 129.142
137.499 15.841 44.8605 3.39123 129.114
137.599 15.8048 44.8889 3.38514 129.085
137.699 15.7686 44.9173 3.37903 129.057
137.799 15.7324 44.9457 3.37291 129.028
137.899 15.6962 44.9739 3.36677 129
137.999 15.66 45.0022 3.36063 128.972
138.099 15.6237 45.0304 3.35447 128.944
138.199 15.5875 45.0585 3.3483 128.915
138.299 15.5512 45.0866 3.34211 128.887
138.399 15.515 45.1146 3.33592 128.859
138.499 15.4787 45.1426 3.32971 128.831
138.599 15.4424 45.1705 3.32349 128.803
138.699 15.4062 45.1983 3.31726 128.776
138.799 15.3699 45.2261 3.31102 128.748
138.899 15.3336 45.2539 3.30476 128.72
138.999 15.2973 45.2815 3.29849 128.692
139.099 15.261 45.3092 3.29221 128.665
139.199 15.2246 45.3367 3.28592 128.637
139.299 15.1883 45.3643 3.27962 128.61
139.399 15.152 45.3917 3.2733 128.582
139.499 15.1156 45.4191 3.26698 128.555
139.599 15.0793 45.4465 3.26064 128.527
139.699 15.0429 45.4738 3.25428 128.5
139.799 15.0066 45.501 3.24792 128.473
139.899 14.9702 45.5282 3.24155 128.446
139.999 14.9338 45.5553 3.23516 128.419
140.099 14.8974 45.5824 3.22876 128.392
140.199 14.861 45.6094 3.22235 128.365
140.299 14.8246 45.6364 3.21592 128.338
140.399 14.7882 45.6633 3.20949 128.311
140.499 14.7518 45.6901 3.20304 128.284
140.599 14.7153 45.7169 3.19659 128.257
140.699 14.6789 45.7437 3.19012 128.23
140.799 14.6425 45.7703 3.18363 128.204
140.899 14.606 45.797 3.17714 128.177
140.999 14.5696 45.8235 3.17064 128.15
141.099 14.5331 45.85 3.16412 128.124
141.199 14.4966 45.8765 3.15759 128.097
141.299 14.4601 45.9029 3.15105 128.071
141.399 14.4237 45.9292 3.1445 128.045
141.499 14.3872 45.9555 3.13794 128.019
141.599 14.3507 45.9817 3.13136 127.992
141.699 14.3141 46.0078 3.12477 127.966
141.799 14.2776 46.0339 3.11818 127.94
141.899 14.2411 46.06 3.11157 127.914
141.999 14.2046 46.086 3.10495 127.888
142.099 14.168 46.1119 3.09831 127.862
142.199 14.1315 46.1378 3.09167 127.836
142.299 14.0949 46.1636 3.08502 127.81
142.399 14.0584 46.1893 3.07835 127.785
142.499 14.0218 46.215 3.07167 127.759
142.6 13.9853 46.2407 3.06498 127.733
142.7 13.9487 46.2662 3.05828 127.708
142.8 13.9121 46.2917 3.05157 127.682
142.9 13.8755 46.3172 3.04485 127.657
143 13.8389 46.3426 3.03811 127.631
143.1 13.8023 46.368 3.03137 127.606
143.2 13.7657 46.3932 3.02461 127.581
143.3 13.7291 46.4185 3.01784 127.555
143.4 13.6924 46.4436 3.01106 127.53
143.5 13.6558 46.4687 3.00427 127.505
143.6 13.6192 46.4938 2.99747 127.48
143.7 13.5825 46.5188 2.99066 127.455
143.8 13.5459 46.5437 2.98384 127.43
143.9 13.5092 46.5686 2.977 127.405
144 13.4725 46.5934 2.97016 127.381
144.1 13.4359 46.6181 2.9633 127.356
144.2 13.3992 46.6428 2.95643 127.331
144.3 13.3625 46.6675 2.94955 127.307
144.4 13.3258 46.692 2.94266 127.282
144.5 13.2891 46.7165 2.93576 127.257
144.6 13.2524 46.741 2.92885 127.233
144.7 13.2157 46.7654 2.92193 127.209
144.8 13.1789 46.7897 2.91499 127.184
144.9 13.1422 46.814 2.90805 127.16
145 13.1055 46.8382 2.9011 127.136
145.1 13.0688 46.8624 2.89413 127.112
145.2 13.032 46.8864 2.88715 127.088
145.3 12.9953 46.9105 2.88017 127.063
145.4 12.9585 46.9344 2.87317 127.04
145.5 12.9217 46.9584 2.86616 127.016
145.6 12.885 46.9822 2.85914 126.992
145.7 12.8482 47.006 2.85211 126.968
145.8 12.8114 47.0297 2.84507 126.944
145.9 12.7746 47.0534 2.83802 126.921
146 12.7378 47.077 2.83096 126.897
146.1 12.701 47.1005 2.82388 126.873
146.2 12.6642 47.124 2.8168 126.85
146.3 12.6274 47.1474 2.80971 126.827
146.4 12.5906 47.1708 2.8026 126.803
146.5 12.5537 47.1941 2.79549 126.78
146.6 12.5169 47.2173 2.78836 126.757
146.7 12.4801 47.2405 2.78123 126.733
146.8 12.4432 47.2636 2.77408 126.71
146.9 12.4064 47.2867 2.76693 126.687
147 12.3695 47.3097 2.75976 126.664
147.1 12.3327 47.3326 2.75258 126.641
147.2 12.2958 47.3555 2.74539 126.618
147.3 12.2589 47.3783 2.7382 126.596
147.4 12.222 47.401 2.73099 126.573
147.5 12.1852 47.4237 2.72377 126.55
147.6 12.1483 47.4463 2.71654 126.528
147.7 12.1114 47.4689 2.7093 126.505
147.8 12.0745 47.4914 2.70206 126.483
147.9 12.0376 47.5138 2.6948 126.46
148 12.0006 47.5362 2.68753 126.438
148.1 11.9637 47.5585 2.68025 126.415
148.2 11.9268 47.5808 2.67296 126.393
148.3 11.8899 47.6029 2.66566 126.371
148.4 11.8529 47.6251 2.65835 126.349
148.5 11.816 47.6471 2.65103 126.327
148.6 11.779 47.6691 2.64371 126.305
148.7 11.7421 47.6911 2.63637 126.283
148.8 11.7051 47.7129 2.62902 126.261
148.9 11.6681 47.7347 2.62166 126.239
149 11.6312 47.7565 2.61429 126.217
149.1 11.5942 47.7782 2.60691 126.196
149.2 11.5572 47.7998 2.59952 126.174
149.3 11.5202 47.8213 2.59213 126.153
149.4 11.4832 47.8428 2.58472 126.131
149.5 11.4462 47.8643 2.5773 126.11
149.6 11.4092 47.8856 2.56987 126.088
149.7 11.3722 47.9069 2.56244 126.067
149.8 11.3352 47.9282 2.55499 126.046
149.9 11.2982 47.9493 2.54753 126.025
150 11.2612 47.9705 2.54007 126.003
150.1 11.2241 47.9915 2.53259 125.982
150.2 11.1871 48.0125 2.52511 125.961
150.3 11.1501 48.0334 2.51761 125.941
150.4 11.113 48.0543 2.51011 125.92
150.5 11.076 48.0751 2.5026 125.899
150.6 11.0389 48.0958 2.49507 125.878
150.7 11.0018 48.1165 2.48754 125.858
150.8 10.9648 48.1371 2.48 125.837
150.9 10.9277 48.1576 2.47245 125.816
151 10.8906 48.1781 2.46489 125.796
151.1 10.8535 48.1985 2.45732 125.775
151.2 10.8165 48.2188 2.44974 125.755
151.3 10.7794 48.2391 2.44215 125.735
151.4 10.7423 48.2593 2.43455 125.715
151.5 10.7052 48.2795 2.42695 125.695
151.6 10.6681 48.2995 2.41933 125.674
151.7 10.6309 48.3196 2.41171 125.654
151.8 10.5938 48.3395 2.40407 125.634
151.9 10.5567 48.3594 2.39643 125.615
152 10.5196 48.3792 2.38878 125.595
152.1 10.4824 48.399 2.38111 125.575
152.2 10.4453 48.4187 2.37344 125.555
152.3 10.4082 48.4383 2.36576 125.536
152.4 10.371 48.4579 2.35808 125.516
152.5 10.3339 48.4774 2.35038 125.497
152.6 10.2967 48.4968 2.34267 125.477
152.7 10.2595 48.5162 2.33496 125.458
152.8 10.2224 48.5355 2.32723 125.438
152.9 10.1852 48.5547 2.3195 125.419
153 10.148 48.5739 2.31176 125.4
153.1 10.1109 48.593 2.30401 125.381
153.2 10.0737 48.612 2.29625 125.362
153.3 10.0365 48.631 2.28848 125.343
153.4 9.99928 48.6499 2.2807 125.324
153.5 9.96208 48.6688 2.27292 125.305
153.6 9.92488 48.6875 2.26512 125.286
153.7 9.88767 48.7063 2.25732 125.268
153.8 9.85046 48.7249 2.24951 125.249
153.9 9.81324 48.7435 2.24169 125.23
154 9.77602 48.762 2.23386 125.212
154.1 9.73879 48.7805 2.22602 125.194
154.2 9.70156 48.7988 2.21818 125.175
154.3 9.66433 48.8171 2.21032 125.157
154.4 9.62709 48.8354 2.20246 125.139
154.5 9.58985 48.8536 2.19459 125.12
154.6 9.5526 48.8717 2.18671 125.102
154.7 9.51534 48.8897 2.17882 125.084
154.8 9.47809 48.9077 2.17093 125.066
154.9 9.44083 48.9256 2.16302 125.048
155 9.40356 48.9435 2.15511 125.03
155.1 9.36629 48.9613 2.14719 125.013
155.2 9.32902 48.979 2.13926 124.995
155.3 9.29174 48.9967 2.13133 124.977
155.4 9.25446 49.0142 2.12338 124.96
155.5 9.21717 49.0318 2.11543 124.942
155.6 9.17988 49.0492 2.10747 124.925
155.7 9.14258 49.0666 2.0995 124.907
155.8 9.10528 49.0839 2.09152 124.89
155.9 9.06798 49.1011 2.08354 124.873
156 9.03067 49.1183 2.07554 124.856
156.1 8.99336 49.1354 2.06754 124.839
156.2 8.95604 49.1525 2.05953 124.821
156.3 8.91872 49.1695 2.05151 124.804
156.4 8.8814 49.1864 2.04349 124.788
156.5 8.84407 49.2032 2.03546 124.771
156.6 8.80674 49.22 2.02742 124.754
156.7 8.7694 49.2367 2.01937 124.737
156.8 8.73206 49.2534 2.01131 124.721
156.9 8.69472 49.2699 2.00325 124.704
157 8.65737 49.2864 1.99518 124.688
157.1 8.62002 49.3029 1.9871 124.671
157.2 8.58266 49.3192 1.97901 124.655
157.3 8.5453 49.3355 1.97092 124.638
157.4 8.50794 49.3518 1.96282 124.622
157.5 8.47057 49.3679 1.95471 124.606
157.6 8.4332 49.384 1.94659 124.59
157.7 8.39583 49.4001 1.93847 124.574
157.8 8.35845 49.416 1.93033 124.558
157.9 8.32107 49.4319 1.92219 124.542
158 8.28368 49.4478 1.91405 124.526
158.1 8.24629 49.4635 1.90589 124.51
158.2 8.2089 49.4792 1.89773 124.495
158.3 8.1715 49.4948 1.88956 124.479
158.4 8.1341 49.5104 1.88139 124.464
158.5 8.09669 49.5259 1.87321 124.448
158.6 8.05929 49.5413 1.86502 124.433
158.7 8.02187 49.5566 1.85682 124.417
158.8 7.98446 49.5719 1.84861 124.402
158.9 7.94704 49.5871 1.8404 124.387
159.001 7.90962 49.6023 1.83218 124.372
159.101 7.87219 49.6173 1.82396 124.357
159.201 7.83476 49.6324 1.81573 124.342
159.301 7.79733 49.6473 1.80749 124.327
159.401 7.75989 49.6622 1.79924 124.312
159.501 7.72245 49.677 1.79099 124.297
159.601 7.68501 49.6917 1.78272 124.282
159.701 7.64756 49.7063 1.77446 124.268
159.801 7.61011 49.7209 1.76618 124.253
159.901 7.57266 49.7355 1.7579 124.238
160.001 7.5352 49.7499 1.74961 124.224
160.101 7.49774 49.7643 1.74132 124.21
160.201 7.46027 49.7786 1.73302 124.195
160.301 7.42281 49.7929 1.72471 124.181
160.401 7.38534 49.807 1.7164 124.167
160.501 7.34786 49.8211 1.70807 124.153
160.601 7.31038 49.8352 1.69975 124.139
160.701 7.2729 49.8492 1.69141 124.125
160.801 7.23542 49.863 1.68307 124.111
160.901 7.19793 49.8769 1.67472 124.097
161.001 7.16044 49.8906 1.66637 124.083
161.101 7.12295 49.9043 1.65801 124.07
161.201 7.08545 49.918 1.64964 124.056
161.301 7.04795 49.9315 1.64127 124.042
161.401 7.01045 49.945 1.63289 124.029
161.501 6.97295 49.9584 1.6245 124.016
161.601 6.93544 49.9717 1.61611 124.002
161.701 6.89793 49.985 1.60771 123.989
161.801 6.86041 49.9982 1.59931 123.976
161.901 6.82289 50.0113 1.5909 123.963
162.001 6.78537 50.0244 1.58248 123.95
162.101 6.74785 50.0374 1.57406 123.937
162.201 6.71032 50.0503 1.56563 123.924
162.301 6.67279 50.0632 1.5572 123.911
162.401 6.63526 50.076 1.54875 123.898
162.501 6.59772 50.0887 1.54031 123.885
162.601 6.56018 50.1013 1.53185 123.873
162.701 6.52264 50.1139 1.52339 123.86
162.801 6.4851 50.1264 1.51493 123.848
162.901 6.44755 50.1388 1.50646 123.835
163.001 6.41 50.1512 1.49798 123.823
163.101 6.37245 50.1635 1.4895 123.81
163.201 6.33489 50.1757 1.48101 123.798
163.301 6.29733 50.1878 1.47252 123.786
163.401 6.25977 50.1999 1.46402 123.774
163.501 6.22221 50.2119 1.45551 123.762
163.601 6.18464 50.2239 1.447 123.75
163.701 6.14707 50.2357 1.43849 123.738
163.801 6.1095 50.2475 1.42996 123.726
163.901 6.07192 50.2593 1.42144 123.715
164.001 6.03434 50.2709 1.4129 123.703
164.101 5.99676 50.2825 1.40436 123.691
164.201 5.95918 50.294 1.39582 123.68
164.301 5.92159 50.3054 1.38727 123.669
164.401 5.88401 50.3168 1.37872 123.657
164.501 5.84642 50.3281 1.37015 123.646
164.601 5.80882 50.3394 1.36159 123.635
164.701 5.77123 50.3505 1.35302 123.623
164.801 5.73363 50.3616 1.34444 123.612
164.901 5.69603 50.3726 1.33586 123.601
165.001 5.65842 50.3836 1.32727 123.59
165.101 5.62082 50.3944 1.31868 123.58
165.201 5.58321 50.4052 1.31009 123.569
165.301 5.5456 50.416 1.30148 123.558
165.401 5.50799 50.4266 1.29288 123.547
165.501 5.47037 50.4372 1.28426 123.537
165.601 5.43275 50.4478 1.27565 123.526
165.701 5.39513 50.4582 1.26703 123.516
165.801 5.35751 50.4686 1.2584 123.505
165.901 5.31988 50.4789 1.24977 123.495
166.001 5.28226 50.4891 1.24113 123.485
166.101 5.24463 50.4993 1.23249 123.475
166.201 5.20699 50.5094 1.22384 123.465
166.301 5.16936 50.5194 1.21519 123.455
166.401 5.13172 50.5293 1.20654 123.445
166.501 5.09408 50.5392 1.19788 123.435
166.601 5.05644 50.549 1.18921 123.425
166.701 5.0188 50.5588 1.18054 123.415
166.801 4.98116 50.5684 1.17187 123.406
166.901 4.94351 50.578 1.16319 123.396
167.001 4.90586 50.5875 1.1545 123.386
167.101 4.86821 50.597 1.14582 123.377
167.201 4.83055 50.6064 1.13712 123.368
167.301 4.7929 50.6157 1.12843 123.358
167.401 4.75524 50.6249 1.11973 123.349
167.501 4.71758 50.634 1.11102 123.34
167.601 4.67992 50.6431 1.10231 123.331
167.701 4.64225 50.6522 1.0936 123.322
167.801 4.60459 50.6611 1.08488 123.313
167.901 4.56692 50.67 1.07615 123.304
168.001 4.52925 50.6788 1.06743 123.295
168.101 4.49157 50.6875 1.0587 123.286
168.201 4.4539 50.6962 1.04996 123.278
168.301 4.41622 50.7047 1.04122 123.269
168.401 4.37855 50.7133 1.03248 123.261
168.501 4.34087 50.7217 1.02373 123.252
168.601 4.30318 50.7301 1.01498 123.244
168.701 4.2655 50.7384 1.00622 123.236
168.801 4.22782 50.7466 0.997465 123.227
168.901 4.19013 50.7547 0.988702 123.219
169.001 4.15244 50.7628 0.979935 123.211
169.101 4.11475 50.7708 0.971164 123.203
169.201 4.07706 50.7788 0.962389 123.195
169.301 4.03936 50.7866 0.953611 123.187
169.401 4.00166 50.7944 0.944829 123.18
169.501 3.96397 50.8021 0.936043 123.172
169.601 3.92627 50.8098 0.927253 123.164
169.701 3.88857 50.8173 0.91846 123.157
169.801 3.85086 50.8248 0.909663 123.149
169.901 3.81316 50.8323 0.900863 123.142
170.001 3.77545 50.8396 0.892059 123.134
170.101 3.73774 50.8469 0.883252 123.127
170.201 3.70003 50.8541 0.874441 123.12
170.301 3.66232 50.8613 0.865627 123.113
170.401 3.62461 50.8683 0.85681 123.106
170.501 3.5869 50.8753 0.847989 123.099
170.601 3.54918 50.8822 0.839165 123.092
170.701 3.51146 50.8891 0.830337 123.085
170.801 3.47374 50.8959 0.821507 123.078
170.901 3.43602 50.9026 0.812673 123.071
171.001 3.3983 50.9092 0.803836 123.065
171.101 3.36058 50.9158 0.794996 123.058
171.201 3.32285 50.9222 0.786152 123.052
171.301 3.28513 50.9287 0.777306 123.045
171.401 3.2474 50.935 0.768456 123.039
171.501 3.20967 50.9413 0.759604 123.033
171.601 3.17194 50.9475 0.750748 123.026
171.701 3.13421 50.9536 0.74189 123.02
171.801 3.09647 50.9596 0.733029 123.014
171.901 3.05874 50.9656 0.724165 123.008
172.001 3.021 50.9715 0.715298 123.002
172.101 2.98327 50.9773 0.706428 122.997
172.201 2.94553 50.9831 0.697555 122.991
172.301 2.90779 50.9888 0.68868 122.985
172.401 2.87005 50.9944 0.679802 122.98
172.501 2.83231 50.9999 0.670922 122.974
172.601 2.79456 51.0054 0.662038 122.969
172.701 2.75682 51.0108 0.653153 122.963
172.801 2.71907 51.0161 0.644264 122.958
172.901 2.68133 51.0214 0.635373 122.953
173.001 2.64358 51.0265 0.62648 122.947
173.101 2.60583 51.0316 0.617584 122.942
173.201 2.56808 51.0367 0.608686 122.937
173.301 2.53033 51.0416 0.599785 122.932
173.401 2.49257 51.0465 0.590882 122.927
173.501 2.45482 51.0513 0.581977 122.923
173.601 2.41707 51.056 0.573069 122.918
173.701 2.37931 51.0607 0.564159 122.913
173.801 2.34155 51.0653 0.555247 122.909
173.901 2.3038 51.0698 0.546333 122.904
174.001 2.26604 51.0742 0.537417 122.9
174.101 2.22828 51.0786 0.528498 122.895
174.201 2.19052 51.0829 0.519578 122.891
174.301 2.15276 51.0871 0.510655 122.887
174.401 2.11499 51.0913 0.50173 122.883
174.501 2.07723 51.0954 0.492804 122.879
174.601 2.03947 51.0994 0.483875 122.875
174.701 2.0017 51.1033 0.474945 122.871
174.801 1.96393 51.1071 0.466013 122.867
174.901 1.92617 51.1109 0.457079 122.863
175.001 1.8884 51.1146 0.448143 122.859
175.101 1.85063 51.1183 0.439205 122.856
175.201 1.81286 51.1218 0.430266 122.852
175.301 1.77509 51.1253 0.421325 122.849
175.402 1.73732 51.1287 0.412382 122.845
175.502 1.69955 51.1321 0.403438 122.842
175.602 1.66178 51.1354 0.394492 122.839
175.702 1.62401 51.1386 0.385544 122.835
175.802 1.58623 51.1417 0.376595 122.832
175.902 1.54846 51.1447 0.367645 122.829
176.002 1.51068 51.1477 0.358693 122.826
176.102 1.47291 51.1506 0.34974 122.823
176.202 1.43513 51.1534 0.340785 122.821
176.302 1.39735 51.1562 0.331829 122.818
176.402 1.35958 51.1589 0.322872 122.815
176.502 1.3218 51.1615 0.313913 122.812
176.602 1.28402 51.164 0.304954 122.81
176.702 1.24624 51.1665 0.295993 122.807
176.802 1.20846 51.1689 0.287031 122.805
176.902 1.17068 51.1712 0.278067 122.803
177.002 1.1329 51.1734 0.269103 122.801
177.102 1.09512 51.1756 0.260138 122.798
177.202 1.05734 51.1777 0.251171 122.796
177.302 1.01955 51.1797 0.242204 122.794
177.402 0.981772 51.1817 0.233235 122.792
177.502 0.943989 51.1835 0.224266 122.79
177.602 0.906206 51.1853 0.215296 122.789
177.702 0.868422 51.1871 0.206325 122.787
177.802 0.830638 51.1887 0.197353 122.785
177.902 0.792853 51.1903 0.188381 122.784
178.002 0.755068 51.1918 0.179407 122.782
178.102 0.717283 51.1932 0.170433 122.781
178.202 0.679498 51.1946 0.161459 122.779
178.302 0.641712 51.1959 0.152483 122.778
178.402 0.603926 51.1971 0.143507 122.777
178.502 0.56614 51.1982 0.134531 122.776
178.602 0.528353 51.1993 0.125554 122.775
178.702 0.490566 51.2003 0.116576 122.774
178.802 0.452779 51.2012 0.107598 122.773
178.902 0.414992 51.2021 0.0986198 122.772
179.002 0.377205 51.2028 0.0896411 122.771
179.102 0.339418 51.2035 0.0806619 122.77
179.202 0.30163 51.2042 0.0716825 122.77
179.302 0.263842 51.2047 0.0627027 122.769
179.402 0.226054 51.2052 0.0537228 122.769
179.502 0.188266 51.2056 0.0447426 122.768
179.602 0.150478 51.2059 0.0357622 122.768
179.702 0.11269 51.2062 0.0267817 122.768
179.802 0.0749019 51.2064 0.0178011 122.768
179.902 0.0371137 51.2065 0.00882041 122.767
