0 1.13707e-14 2.97916 0 178.995
0.1 0.162051 2.9792 0.00763676 178.995
0.2 0.324096 2.97932 0.0152735 178.995
0.3 0.486131 2.97951 0.0229102 178.994
0.4 0.648149 2.97978 0.0305469 178.994
0.5 0.810145 2.98013 0.0381835 178.994
0.6 0.972113 2.98055 0.0458199 178.993
0.7 1.13405 2.98106 0.0534563 178.993
0.8 1.29595 2.98164 0.0610926 178.992
0.9 1.4578 2.98229 0.0687287 178.992
1 1.6196 2.98303 0.0763646 178.991
1.1 1.78135 2.98384 0.0840004 178.99
1.2 1.94304 2.98473 0.091636 178.989
1.3 2.10466 2.9857 0.0992713 178.988
1.4 2.26621 2.98674 0.106906 178.987
1.5 2.42768 2.98786 0.114541 178.986
1.6 2.58908 2.98906 0.122176 178.985
1.7 2.75038 2.99034 0.12981 178.984
1.8 2.91159 2.99169 0.137444 178.982
1.9 3.0727 2.99312 0.145078 178.981
2 3.23371 2.99463 0.152711 178.979
2.1 3.39461 2.99621 0.160344 178.978
2.2 3.5554 2.99788 0.167977 178.976
2.3 3.71606 2.99961 0.175609 178.974
2.4 3.8766 3.00143 0.183241 178.973
2.5 4.03701 3.00333 0.190872 178.971
2.6 4.19729 3.0053 0.198503 178.969
2.7 4.35742 3.00735 0.206133 178.967
2.8 4.51741 3.00947 0.213763 178.964
2.9 4.67725 3.01167 0.221392 178.962
3 4.83693 3.01396 0.229021 178.96
3.1 4.99644 3.01631 0.23665 178.958
3.2 5.1558 3.01875 0.244277 178.955
3.3 5.31498 3.02126 0.251905 178.953
3.4 5.47398 3.02385 0.259531 178.95
3.5 5.6328 3.02652 0.267157 178.947
3.6 5.79144 3.02926 0.274782 178.945
3.7 5.94988 3.03208 0.282407 178.942
3.8 6.10813 3.03498 0.290031 178.939
3.9 6.26617 3.03795 0.297654 178.936
4 6.42401 3.04101 0.305277 178.933
4.1 6.58164 3.04414 0.312899 178.93
4.2 6.73905 3.04734 0.32052 178.927
4.3 6.89624 3.05063 0.32814 178.923
4.4 7.0532 3.05399 0.33576 178.92
4.5 7.20993 3.05742 0.343379 178.917
4.6 7.36643 3.06094 0.350997 178.913
4.7 7.52269 3.06453 0.358614 178.909
4.8 7.6787 3.0682 0.36623 178.906
4.9 7.83447 3.07195 0.373846 178.902
5 7.98998 3.07577 0.38146 178.898
5.1 8.14523 3.07967 0.389074 178.894
5.2 8.30022 3.08365 0.396686 178.89
5.3 8.45494 3.0877 0.404298 178.886
5.4 8.60939 3.09183 0.411909 178.882
5.5 8.76357 3.09604 0.419519 178.878
5.6 8.91746 3.10033 0.427128 178.874
5.7 9.07107 3.10469 0.434735 178.869
5.8 9.22439 3.10913 0.442342 178.865
5.9 9.37742 3.11365 0.449948 178.86
6 9.53015 3.11824 0.457553 178.856
6.1 9.68258 3.12291 0.465156 178.851
6.2 9.8347 3.12766 0.472759 178.846
6.3 9.98652 3.13248 0.48036 178.841
6.4 10.138 3.13738 0.48796 178.837
6.5 10.2892 3.14236 0.495559 178.832
6.6 10.4401 3.14741 0.503157 178.827
6.7 10.5906 3.15254 0.510754 178.821
6.8 10.7408 3.15775 0.518349 178.816
6.9 10.8907 3.16304 0.525943 178.811
7 11.0402 3.1684 0.533536 178.806
7.1 11.1894 3.17384 0.541128 178.8
7.2 11.3383 3.17935 0.548718 178.795
7.3 11.4868 3.18494 0.556307 178.789
7.4 11.6349 3.19061 0.563895 178.783
7.5 11.7827 3.19636 0.571481 178.778
7.6 11.9302 3.20218 0.579066 178.772
7.7 12.0773 3.20808 0.58665 178.766
7.79999 12.224 3.21405 0.594232 178.76
7.89999 12.3703 3.22011 0.601813 178.754
7.99999 12.5163 3.22623 0.609393 178.748
8.09999 12.6619 3.23244 0.616971 178.742
8.2 12.8071 3.23872 0.624547 178.735
8.3 12.952 3.24508 0.632122 178.729
8.4 13.0964 3.25151 0.639696 178.722
8.5 13.2405 3.25803 0.647268 178.716
8.6 13.3842 3.26461 0.654838 178.709
8.7 13.5275 3.27128 0.662407 178.703
8.8 13.6704 3.27802 0.669975 178.696
8.9 13.8129 3.28483 0.67754 178.689
9 13.955 3.29173 0.685104 178.682
9.1 14.0966 3.2987 0.692667 178.675
9.2 14.2379 3.30574 0.700228 178.668
9.3 14.3788 3.31287 0.707787 178.661
9.4 14.5192 3.32007 0.715344 178.654
9.5 14.6593 3.32734 0.7229 178.647
9.6 14.7989 3.33469 0.730454 178.639
9.7 14.9381 3.34212 0.738007 178.632
9.8 15.0769 3.34962 0.745557 178.624
9.9 15.2152 3.3572 0.753106 178.617
10 15.3532 3.36486 0.760653 178.609
10.1 15.4907 3.37259 0.768198 178.601
10.2 15.6277 3.3804 0.775742 178.594
10.3 15.7644 3.38829 0.783283 178.586
10.4 15.9006 3.39625 0.790823 178.578
10.5 16.0363 3.40428 0.79836 178.57
10.6 16.1716 3.4124 0.805896 178.562
10.7 16.3065 3.42059 0.81343 178.553
10.8 16.4409 3.42885 0.820962 178.545
10.9 16.5749 3.43719 0.828492 178.537
11 16.7084 3.44561 0.83602 178.528
11.1 16.8415 3.4541 0.843546 178.52
11.2 16.9742 3.46267 0.85107 178.511
11.3 17.1063 3.47131 0.858592 178.503
11.4 17.238 3.48003 0.866112 178.494
11.5 17.3693 3.48883 0.87363 178.485
11.6 17.5001 3.4977 0.881146 178.476
11.7 17.6305 3.50665 0.88866 178.467
11.8 17.7603 3.51567 0.896171 178.458
11.9 17.8897 3.52477 0.903681 178.449
12 18.0187 3.53395 0.911188 178.44
12.1 18.1472 3.5432 0.918693 178.431
12.2 18.2752 3.55252 0.926196 178.421
12.3 18.4027 3.56193 0.933697 178.412
12.4 18.5298 3.5714 0.941195 178.403
12.5 18.6564 3.58096 0.948692 178.393
12.6 18.7826 3.59058 0.956186 178.383
12.7 18.9082 3.60029 0.963677 178.374
12.8 19.0334 3.61007 0.971167 178.364
12.9 19.1581 3.61992 0.978654 178.354
13 19.2823 3.62985 0.986138 178.344
13.1 19.4061 3.63986 0.993621 178.334
13.2 19.5293 3.64994 1.0011 178.324
13.3 19.6521 3.66009 1.00858 178.314
13.4 19.7744 3.67032 1.01605 178.304
13.5 19.8963 3.68063 1.02353 178.293
13.6 20.0176 3.69101 1.031 178.283
13.7 20.1385 3.70147 1.03846 178.272
13.8 20.2588 3.712 1.04593 178.262
13.9 20.3787 3.72261 1.05339 178.251
14 20.4981 3.73329 1.06085 178.241
14.1 20.617 3.74405 1.06831 178.23
14.2 20.7355 3.75488 1.07577 178.219
14.3 20.8534 3.76579 1.08322 178.208
14.4 20.9709 3.77677 1.09067 178.197
14.5 21.0878 3.78783 1.09812 178.186
14.6 21.2043 3.79896 1.10556 178.175
14.7 21.3203 3.81016 1.113 178.164
14.8 21.4358 3.82145 1.12044 178.153
14.9 21.5508 3.8328 1.12788 178.141
15 21.6653 3.84423 1.13531 178.13
15.1 21.7793 3.85574 1.14275 178.118
15.2 21.8929 3.86732 1.15017 178.107
15.3 22.0059 3.87897 1.1576 178.095
15.4 22.1185 3.8907 1.16502 178.083
15.5 22.2305 3.90251 1.17244 178.071
15.6 22.3421 3.91439 1.17986 178.06
15.7 22.4532 3.92634 1.18728 178.048
15.8 22.5637 3.93837 1.19469 178.036
15.9 22.6738 3.95047 1.2021 178.023
16 22.7834 3.96265 1.2095 178.011
16.1 22.8925 3.9749 1.21691 177.999
16.2 23.0012 3.98722 1.22431 177.987
16.3 23.1093 3.99962 1.2317 177.974
16.4 23.2169 4.01209 1.2391 177.962
16.5 23.3241 4.02464 1.24649 177.949
16.6 23.4307 4.03726 1.25388 177.937
16.7 23.5369 4.04996 1.26126 177.924
16.8 23.6425 4.06273 1.26865 177.911
16.9 23.7477 4.07557 1.27603 177.898
17 23.8524 4.08849 1.2834 177.885
17.1 23.9566 4.10148 1.29078 177.872
17.2 24.0603 4.11455 1.29815 177.859
17.3 24.1635 4.12769 1.30551 177.846
17.4 24.2662 4.1409 1.31288 177.833
17.5 24.3685 4.15419 1.32024 177.82
17.6 24.4702 4.16755 1.3276 177.806
17.7 24.5715 4.18099 1.33495 177.793
17.8 24.6722 4.1945 1.3423 177.779
17.9 24.7725 4.20808 1.34965 177.766
18 24.8723 4.22174 1.35699 177.752
18.1 24.9716 4.23546 1.36434 177.738
18.2 25.0705 4.24927 1.37167 177.725
18.3 25.1688 4.26314 1.37901 177.711
18.4 25.2667 4.27709 1.38634 177.697
18.5 25.3641 4.29112 1.39367 177.683
18.6 25.4609 4.30521 1.40099 177.669
18.7 25.5574 4.31938 1.40832 177.655
18.8 25.6533 4.33363 1.41563 177.64
18.9 25.7487 4.34794 1.42295 177.626
19 25.8437 4.36233 1.43026 177.612
19.1 25.9382 4.37679 1.43757 177.597
19.2 26.0322 4.39133 1.44487 177.583
19.3 26.1257 4.40594 1.45217 177.568
19.4 26.2188 4.42062 1.45947 177.553
19.5 26.3114 4.43538 1.46677 177.539
19.6 26.4035 4.4502 1.47406 177.524
19.7 26.4951 4.4651 1.48134 177.509
19.8 26.5863 4.48008 1.48863 177.494
19.9 26.6769 4.49512 1.49591 177.479
20 26.7671 4.51024 1.50318 177.464
20.1 26.8569 4.52543 1.51046 177.449
20.2 26.9462 4.5407 1.51772 177.433
20.3 27.035 4.55603 1.52499 177.418
20.4 27.1233 4.57144 1.53225 177.403
20.5 27.2111 4.58692 1.53951 177.387
20.6 27.2985 4.60248 1.54676 177.371
20.7 27.3855 4.6181 1.55401 177.356
20.8 27.4719 4.6338 1.56126 177.34
20.9 27.5579 4.64957 1.5685 177.324
21 27.6435 4.66542 1.57574 177.309
21.1 27.7286 4.68133 1.58298 177.293
21.2 27.8132 4.69732 1.59021 177.277
21.3 27.8973 4.71338 1.59744 177.261
21.4 27.981 4.72951 1.60466 177.244
21.5 28.0643 4.74572 1.61188 177.228
21.6 28.1471 4.76199 1.6191 177.212
21.7 28.2294 4.77834 1.62631 177.196
21.8 28.3113 4.79476 1.63352 177.179
21.9 28.3927 4.81125 1.64072 177.163
22 28.4737 4.82781 1.64792 177.146
22.1 28.5542 4.84445 1.65512 177.13
22.2 28.6343 4.86115 1.66231 177.113
22.3 28.7139 4.87793 1.6695 177.096
22.4 28.7931 4.89478 1.67668 177.079
22.5 28.8718 4.9117 1.68387 177.062
22.6 28.9501 4.9287 1.69104 177.045
22.7001 29.028 4.94576 1.69821 177.028
22.8001 29.1054 4.9629 1.70538 177.011
22.9001 29.1823 4.9801 1.71255 176.994
23.0001 29.2589 4.99738 1.71971 176.977
23.1001 29.3349 5.01473 1.72686 176.959
23.2001 29.4106 5.03215 1.73401 176.942
23.3001 29.4858 5.04964 1.74116 176.924
23.4001 29.5606 5.0672 1.7483 176.907
23.5001 29.6349 5.08484 1.75544 176.889
23.6001 29.7088 5.10254 1.76258 176.871
23.7001 29.7823 5.12031 1.76971 176.854
23.8001 29.8554 5.13816 1.77683 176.836
23.9001 29.928 5.15608 1.78396 176.818
24.0001 30.0002 5.17406 1.79107 176.8
24.1001 30.072 5.19212 1.79819 176.782
24.2001 30.1433 5.21025 1.80529 176.764
24.3001 30.2142 5.22845 1.8124 176.746
24.4001 30.2847 5.24672 1.8195 176.727
24.5001 30.3548 5.26506 1.82659 176.709
24.6001 30.4245 5.28347 1.83369 176.69
24.7001 30.4937 5.30195 1.84077 176.672
24.8001 30.5626 5.3205 1.84786 176.653
24.9001 30.631 5.33912 1.85493 176.635
25.0001 30.699 5.35781 1.86201 176.616
25.1001 30.7666 5.37658 1.86908 176.597
25.2001 30.8337 5.39541 1.87614 176.579
25.3001 30.9005 5.41431 1.8832 176.56
25.4001 30.9668 5.43328 1.89025 176.541
25.5001 31.0328 5.45232 1.8973 176.522
25.6001 31.0983 5.47143 1.90435 176.503
25.7001 31.1635 5.49061 1.91139 176.483
25.8001 31.2282 5.50986 1.91843 176.464
25.9001 31.2926 5.52918 1.92546 176.445
26.0001 31.3565 5.54857 1.93249 176.425
26.1001 31.42 5.56803 1.93951 176.406
26.2001 31.4832 5.58756 1.94653 176.386
26.3001 31.5459 5.60716 1.95354 176.367
26.4001 31.6082 5.62683 1.96055 176.347
26.5001 31.6702 5.64656 1.96755 176.327
26.6001 31.7318 5.66637 1.97455 176.308
26.7001 31.7929 5.68624 1.98155 176.288
26.8001 31.8537 5.70619 1.98854 176.268
26.9001 31.9141 5.7262 1.99552 176.248
27.0001 31.9741 5.74628 2.0025 176.228
27.1001 32.0337 5.76643 2.00948 176.208
27.2001 32.093 5.78665 2.01645 176.187
27.3001 32.1518 5.80694 2.02341 176.167
27.4001 32.2103 5.8273 2.03037 176.147
27.5001 32.2684 5.84773 2.03733 176.126
27.6001 32.3261 5.86822 2.04428 176.106
27.7001 32.3834 5.88878 2.05122 176.085
27.8001 32.4404 5.90941 2.05816 176.065
27.9001 32.497 5.93011 2.0651 176.044
28.0001 32.5532 5.95088 2.07203 176.023
28.1001 32.6091 5.97172 2.07895 176.002
28.2001 32.6645 5.99262 2.08587 175.981
28.3001 32.7196 6.0136 2.09279 175.96
28.4001 32.7744 6.03464 2.0997 175.939
28.5001 32.8288 6.05575 2.1066 175.918
28.6001 32.8828 6.07692 2.1135 175.897
28.7001 32.9364 6.09817 2.1204 175.876
28.8001 32.9897 6.11948 2.12729 175.854
28.9001 33.0426 6.14086 2.13417 175.833
29.0001 33.0952 6.16231 2.14105 175.812
29.1001 33.1474 6.18383 2.14792 175.79
29.2001 33.1992 6.20541 2.15479 175.769
29.3001 33.2507 6.22706 2.16165 175.747
29.4001 33.3019 6.24878 2.16851 175.725
29.5001 33.3527 6.27057 2.17536 175.703
29.6001 33.4031 6.29242 2.18221 175.682
29.7001 33.4532 6.31434 2.18905 175.66
29.8001 33.5029 6.33633 2.19589 175.638
29.9001 33.5523 6.35838 2.20272 175.616
30.0001 33.6014 6.3805 2.20955 175.593
30.1001 33.6501 6.40269 2.21637 175.571
30.2001 33.6984 6.42495 2.22318 175.549
30.3001 33.7465 6.44727 2.22999 175.527
30.4001 33.7941 6.46966 2.2368 175.504
30.5001 33.8415 6.49211 2.24359 175.482
30.6001 33.8885 6.51464 2.25039 175.459
30.7001 33.9352 6.53723 2.25717 175.437
30.8001 33.9815 6.55988 2.26396 175.414
30.9001 34.0275 6.5826 2.27073 175.391
31.0001 34.0732 6.60539 2.2775 175.369
31.1001 34.1185 6.62825 2.28427 175.346
31.2001 34.1635 6.65117 2.29103 175.323
31.3001 34.2082 6.67415 2.29778 175.3
31.4001 34.2525 6.69721 2.30453 175.277
31.5001 34.2966 6.72033 2.31128 175.254
31.6001 34.3403 6.74351 2.31801 175.23
31.7001 34.3837 6.76676 2.32474 175.207
31.8001 34.4267 6.79008 2.33147 175.184
31.9001 34.4695 6.81346 2.33819 175.16
32.0001 34.5119 6.83691 2.3449 175.137
32.1001 34.554 6.86042 2.35161 175.114
32.2001 34.5958 6.884 2.35832 175.09
32.3001 34.6372 6.90765 2.36501 175.066
32.4001 34.6784 6.93136 2.3717 175.043
32.5001 34.7192 6.95513 2.37839 175.019
32.6001 34.7598 6.97897 2.38507 174.995
32.7001 34.8 7.00288 2.39174 174.971
32.8001 34.8399 7.02685 2.39841 174.947
32.9001 34.8795 7.05088 2.40507 174.923
33.0001 34.9188 7.07498 2.41173 174.899
33.1001 34.9578 7.09915 2.41838 174.875
33.2001 34.9965 7.12338 2.42502 174.851
33.3001 35.0349 7.14767 2.43166 174.826
33.4001 35.073 7.17203 2.43829 174.802
33.5001 35.1108 7.19645 2.44492 174.778
33.6001 35.1483 7.22094 2.45154 174.753
33.7001 35.1855 7.2455 2.45815 174.728
33.8001 35.2224 7.27011 2.46476 174.704
33.9001 35.259 7.29479 2.47136 174.679
34.0001 35.2953 7.31954 2.47796 174.654
34.1001 35.3313 7.34435 2.48455 174.63
34.2001 35.3671 7.36922 2.49113 174.605
34.3 35.4025 7.39416 2.49771 174.58
34.4 35.4377 7.41916 2.50428 174.555
34.5 35.4725 7.44423 2.51084 174.53
34.6 35.5071 7.46936 2.5174 174.505
34.7 35.5414 7.49455 2.52395 174.479
34.8 35.5754 7.5198 2.5305 174.454
34.9 35.6091 7.54512 2.53704 174.429
35 35.6426 7.57051 2.54358 174.403
35.1 35.6757 7.59595 2.5501 174.378
35.2 35.7086 7.62146 2.55662 174.352
35.3 35.7412 7.64704 2.56314 174.327
35.4 35.7736 7.67267 2.56965 174.301
35.5 35.8056 7.69837 2.57615 174.276
35.6 35.8374 7.72413 2.58265 174.25
35.7 35.8689 7.74996 2.58914 174.224
35.8 35.9001 7.77585 2.59562 174.198
35.9 35.9311 7.8018 2.6021 174.172
36 35.9618 7.82781 2.60857 174.146
36.1 35.9922 7.85389 2.61503 174.12
36.2 36.0224 7.88002 2.62149 174.094
36.3 36.0523 7.90623 2.62794 174.068
36.4 36.0819 7.93249 2.63438 174.041
36.5 36.1113 7.95881 2.64082 174.015
36.6 36.1404 7.9852 2.64725 173.989
36.7 36.1692 8.01165 2.65368 173.962
36.8 36.1978 8.03816 2.66009 173.936
36.9 36.2261 8.06473 2.66651 173.909
37 36.2541 8.09137 2.67291 173.883
37.1 36.2819 8.11807 2.67931 173.856
37.2 36.3095 8.14483 2.6857 173.829
37.3 36.3368 8.17165 2.69209 173.802
37.4 36.3638 8.19853 2.69846 173.775
37.5 36.3906 8.22547 2.70483 173.748
37.6 36.4171 8.25248 2.7112 173.721
37.7 36.4434 8.27954 2.71756 173.694
37.8 36.4694 8.30667 2.72391 173.667
37.9 36.4952 8.33386 2.73025 173.64
38 36.5208 8.36111 2.73659 173.613
38.1 36.5461 8.38842 2.74292 173.586
38.2 36.5711 8.41579 2.74925 173.558
38.3 36.5959 8.44322 2.75556 173.531
38.4 36.6205 8.47071 2.76187 173.503
38.5 36.6448 8.49826 2.76818 173.476
38.6 36.6688 8.52588 2.77447 173.448
38.7 36.6927 8.55355 2.78076 173.42
38.8 36.7163 8.58129 2.78705 173.393
38.9 36.7396 8.60908 2.79332 173.365
39 36.7627 8.63693 2.79959 173.337
39.1 36.7856 8.66485 2.80585 173.309
39.2 36.8083 8.69282 2.81211 173.281
39.3 36.8307 8.72086 2.81836 173.253
39.4 36.8528 8.74895 2.8246 173.225
39.5 36.8748 8.77711 2.83083 173.197
39.6 36.8965 8.80532 2.83706 173.169
39.7 36.918 8.8336 2.84328 173.14
39.8 36.9392 8.86193 2.84949 173.112
39.9 36.9603 8.89032 2.8557 173.084
40 36.9811 8.91877 2.86189 173.055
40.1 37.0016 8.94728 2.86809 173.027
40.2 37.022 8.97585 2.87427 172.998
40.3 37.0421 9.00448 2.88045 172.969
40.4 37.062 9.03317 2.88662 172.941
40.5 37.0817 9.06192 2.89278 172.912
40.6 37.1012 9.09073 2.89893 172.883
40.7 37.1204 9.11959 2.90508 172.854
40.7999 37.1394 9.14851 2.91122 172.825
40.8999 37.1582 9.1775 2.91736 172.796
40.9999 37.1768 9.20654 2.92348 172.767
41.0999 37.1952 9.23563 2.9296 172.738
41.1999 37.2133 9.26479 2.93571 172.709
41.2999 37.2312 9.29401 2.94182 172.68
41.3999 37.249 9.32328 2.94791 172.651
41.4999 37.2665 9.35261 2.954 172.621
41.5999 37.2838 9.382 2.96008 172.592
41.6999 37.3009 9.41145 2.96616 172.563
41.7999 37.3177 9.44095 2.97222 172.533
41.8999 37.3344 9.47052 2.97828 172.503
41.9999 37.3509 9.50014 2.98434 172.474
42.0999 37.3671 9.52981 2.99038 172.444
42.1999 37.3831 9.55955 2.99642 172.414
42.2999 37.399 9.58934 3.00245 172.385
42.3999 37.4146 9.61919 3.00847 172.355
42.4999 37.43 9.6491 3.01448 172.325
42.5999 37.4453 9.67906 3.02049 172.295
42.6999 37.4603 9.70908 3.02649 172.265
42.7999 37.4751 9.73916 3.03248 172.235
42.8999 37.4897 9.76929 3.03847 172.205
42.9999 37.5042 9.79948 3.04444 172.174
43.0999 37.5184 9.82973 3.05041 172.144
43.1999 37.5324 9.86003 3.05637 172.114
43.2999 37.5462 9.89039 3.06232 172.084
43.3999 37.5599 9.92081 3.06827 172.053
43.4999 37.5733 9.95128 3.07421 172.023
43.5999 37.5866 9.98181 3.08014 171.992
43.6999 37.5996 10.0124 3.08606 171.962
43.7999 37.6125 10.043 3.09197 171.931
43.8999 37.6251 10.0737 3.09788 171.9
43.9999 37.6376 10.1045 3.10378 171.869
44.0999 37.6499 10.1353 3.10967 171.839
44.1999 37.662 10.1662 3.11555 171.808
44.2999 37.6739 10.1971 3.12143 171.777
44.3999 37.6856 10.228 3.1273 171.746
44.4999 37.6971 10.2591 3.13316 171.715
44.5999 37.7085 10.2902 3.13901 171.684
44.6999 37.7196 10.3213 3.14485 171.653
44.7999 37.7306 10.3525 3.15069 171.621
44.8999 37.7414 10.3837 3.15651 171.59
44.9999 37.752 10.415 3.16233 171.559
45.0999 37.7624 10.4464 3.16815 171.528
45.1999 37.7727 10.4778 3.17395 171.496
45.2999 37.7827 10.5093 3.17974 171.465
45.3999 37.7926 10.5408 3.18553 171.433
45.4999 37.8023 10.5724 3.19131 171.402
45.5999 37.8118 10.604 3.19708 171.37
45.6999 37.8212 10.6357 3.20285 171.338
45.7999 37.8303 10.6674 3.2086 171.307
45.8999 37.8393 10.6992 3.21435 171.275
45.9999 37.8482 10.7311 3.22009 171.243
46.0999 37.8568 10.763 3.22582 171.211
46.1999 37.8653 10.7949 3.23154 171.179
46.2999 37.8736 10.8269 3.23726 171.147
46.3999 37.8817 10.859 3.24296 171.115
46.4999 37.8896 10.8911 3.24866 171.083
46.5999 37.8974 10.9233 3.25435 171.051
46.6999 37.905 10.9555 3.26003 171.018
46.7999 37.9125 10.9878 3.2657 170.986
46.8999 37.9197 11.0201 3.27137 170.954
46.9999 37.9268 11.0525 3.27702 170.921
47.0999 37.9338 11.0849 3.28267 170.889
47.1999 37.9406 11.1174 3.28831 170.857
47.2999 37.9472 11.1499 3.29394 170.824
47.3998 37.9536 11.1825 3.29957 170.791
47.4998 37.9599 11.2152 3.30518 170.759
47.5998 37.966 11.2479 3.31079 170.726
47.6998 37.9719 11.2806 3.31638 170.693
47.7998 37.9777 11.3134 3.32197 170.661
47.8998 37.9833 11.3463 3.32755 170.628
47.9998 37.9888 11.3792 3.33313 170.595
48.0998 37.9941 11.4121 3.33869 170.562
48.1998 37.9992 11.4451 3.34424 170.529
48.2998 38.0042 11.4782 3.34979 170.496
48.3998 38.009 11.5113 3.35533 170.463
48.4998 38.0137 11.5444 3.36086 170.43
48.5998 38.0182 11.5777 3.36638 170.396
48.6998 38.0226 11.6109 3.37189 170.363
48.7998 38.0268 11.6442 3.37739 170.33
48.8998 38.0308 11.6776 3.38289 170.296
48.9998 38.0347 11.711 3.38838 170.263
49.0998 38.0384 11.7445 3.39385 170.229
49.1998 38.042 11.778 3.39932 170.196
49.2998 38.0454 11.8116 3.40478 170.162
49.3998 38.0487 11.8452 3.41023 170.129
49.4998 38.0518 11.8789 3.41568 170.095
49.5998 38.0548 11.9126 3.42111 170.061
49.6998 38.0576 11.9463 3.42654 170.028
49.7998 38.0603 11.9802 3.43195 169.994
49.8998 38.0628 12.014 3.43736 169.96
49.9998 38.0652 12.0479 3.44276 169.926
50.0998 38.0674 12.0819 3.44815 169.892
50.1998 38.0695 12.1159 3.45353 169.858
50.2998 38.0714 12.15 3.4589 169.824
50.3998 38.0732 12.1841 3.46426 169.79
50.4998 38.0749 12.2183 3.46962 169.756
50.5998 38.0764 12.2525 3.47496 169.721
50.6998 38.0777 12.2868 3.4803 169.687
50.7998 38.0789 12.3211 3.48563 169.653
50.8998 38.08 12.3554 3.49095 169.619
50.9998 38.0809 12.3898 3.49626 169.584
51.0998 38.0817 12.4243 3.50156 169.55
51.1998 38.0824 12.4588 3.50685 169.515
51.2998 38.0829 12.4934 3.51213 169.481
51.3998 38.0833 12.528 3.5174 169.446
51.4998 38.0835 12.5626 3.52267 169.411
51.5998 38.0836 12.5973 3.52792 169.377
51.6998 38.0835 12.6321 3.53317 169.342
51.7998 38.0833 12.6669 3.53841 169.307
51.8998 38.083 12.7017 3.54363 169.272
51.9998 38.0826 12.7366 3.54885 169.237
52.0998 38.082 12.7715 3.55406 169.202
52.1998 38.0812 12.8065 3.55926 169.167
52.2998 38.0804 12.8416 3.56445 169.132
52.3998 38.0794 12.8766 3.56964 169.097
52.4998 38.0782 12.9118 3.57481 169.062
52.5998 38.077 12.947 3.57997 169.027
52.6998 38.0756 12.9822 3.58513 168.992
52.7998 38.074 13.0174 3.59027 168.957
52.8998 38.0724 13.0528 3.59541 168.921
52.9998 38.0706 13.0881 3.60053 168.886
53.0998 38.0687 13.1235 3.60565 168.85
53.1998 38.0666 13.159 3.61076 168.815
53.2998 38.0644 13.1945 3.61586 168.779
53.3998 38.0621 13.23 3.62095 168.744
53.4998 38.0597 13.2656 3.62602 168.708
53.5998 38.0571 13.3013 3.63109 168.673
53.6998 38.0544 13.337 3.63616 168.637
53.7998 38.0516 13.3727 3.64121 168.601
53.8997 38.0487 13.4085 3.64625 168.565
53.9997 38.0456 13.4443 3.65128 168.53
54.0997 38.0424 13.4802 3.6563 168.494
54.1997 38.0391 13.5161 3.66132 168.458
54.2997 38.0356 13.5521 3.66632 168.422
54.3997 38.0321 13.5881 3.67131 168.386
54.4997 38.0284 13.6241 3.6763 168.35
54.5997 38.0246 13.6602 3.68127 168.314
54.6997 38.0206 13.6963 3.68624 168.278
54.7997 38.0166 13.7325 3.69119 168.241
54.8997 38.0124 13.7688 3.69614 168.205
54.9997 38.0081 13.805 3.70108 168.169
55.0997 38.0037 13.8413 3.706 168.133
55.1997 37.9991 13.8777 3.71092 168.096
55.2997 37.9945 13.9141 3.71583 168.06
55.3997 37.9897 13.9506 3.72073 168.023
55.4997 37.9848 13.9871 3.72561 167.987
55.5997 37.9798 14.0236 3.73049 167.95
55.6997 37.9747 14.0602 3.73536 167.914
55.7997 37.9694 14.0968 3.74022 167.877
55.8997 37.9641 14.1335 3.74507 167.84
55.9997 37.9586 14.1702 3.74991 167.804
56.0997 37.953 14.2069 3.75474 167.767
56.1997 37.9473 14.2437 3.75956 167.73
56.2997 37.9415 14.2806 3.76437 167.693
56.3997 37.9355 14.3175 3.76917 167.656
56.4997 37.9295 14.3544 3.77396 167.62
56.5997 37.9233 14.3914 3.77874 167.583
56.6997 37.9171 14.4284 3.78351 167.546
56.7997 37.9107 14.4654 3.78827 167.509
56.8997 37.9042 14.5025 3.79302 167.471
56.9997 37.8976 14.5397 3.79776 167.434
57.0997 37.8908 14.5769 3.80249 167.397
57.1997 37.884 14.6141 3.80721 167.36
57.2997 37.8771 14.6513 3.81192 167.323
57.3997 37.87 14.6887 3.81662 167.285
57.4997 37.8629 14.726 3.82131 167.248
57.5997 37.8556 14.7634 3.82599 167.211
57.6997 37.8482 14.8008 3.83066 167.173
57.7997 37.8407 14.8383 3.83532 167.136
57.8997 37.8332 14.8758 3.83997 167.098
57.9997 37.8255 14.9134 3.84461 167.061
58.0997 37.8177 14.951 3.84924 167.023
58.1997 37.8097 14.9886 3.85386 166.985
58.2997 37.8017 15.0263 3.85847 166.948
58.3997 37.7936 15.064 3.86307 166.91
58.4997 37.7854 15.1018 3.86766 166.872
58.5997 37.7771 15.1396 3.87224 166.834
58.6997 37.7686 15.1774 3.87681 166.797
58.7997 37.7601 15.2153 3.88136 166.759
58.8997 37.7515 15.2532 3.88591 166.721
58.9997 37.7427 15.2912 3.89045 166.683
59.0997 37.7339 15.3292 3.89498 166.645
59.1997 37.7249 15.3672 3.8995 166.607
59.2997 37.7159 15.4053 3.904 166.569
59.3997 37.7067 15.4434 3.9085 166.531
59.4997 37.6975 15.4816 3.91298 166.492
59.5997 37.6881 15.5198 3.91746 166.454
59.6997 37.6787 15.558 3.92193 166.416
59.7997 37.6691 15.5963 3.92638 166.378
59.8997 37.6595 15.6346 3.93083 166.339
59.9997 37.6497 15.6729 3.93526 166.301
60.0997 37.6399 15.7113 3.93968 166.263
60.1997 37.6299 15.7498 3.9441 166.224
60.2997 37.6199 15.7882 3.9485 166.186
60.3997 37.6098 15.8267 3.95289 166.147
60.4996 37.5995 15.8653 3.95728 166.109
60.5996 37.5892 15.9039 3.96165 166.07
60.6996 37.5788 15.9425 3.96601 166.031
60.7996 37.5683 15.9812 3.97036 165.993
60.8996 37.5576 16.0198 3.9747 165.954
60.9996 37.5469 16.0586 3.97903 165.915
61.0996 37.5361 16.0974 3.98335 165.877
61.1996 37.5252 16.1362 3.98765 165.838
61.2996 37.5142 16.175 3.99195 165.799
61.3996 37.5031 16.2139 3.99624 165.76
61.4996 37.492 16.2528 4.00051 165.721
61.5996 37.4807 16.2918 4.00478 165.682
61.6996 37.4693 16.3308 4.00903 165.643
61.7996 37.4579 16.3698 4.01328 165.604
61.8996 37.4463 16.4089 4.01751 165.565
61.9996 37.4347 16.448 4.02173 165.526
62.0996 37.4229 16.4871 4.02595 165.487
62.1996 37.4111 16.5263 4.03015 165.448
62.2996 37.3992 16.5655 4.03434 165.408
62.3996 37.3872 16.6048 4.03852 165.369
62.4996 37.3751 16.644 4.04269 165.33
62.5996 37.3629 16.6834 4.04684 165.291
62.6996 37.3506 16.7227 4.05099 165.251
62.7996 37.3383 16.7621 4.05513 165.212
62.8996 37.3258 16.8015 4.05925 165.172
62.9996 37.3133 16.841 4.06337 165.133
63.0996 37.3007 16.8805 4.06747 165.093
63.1996 37.288 16.92 4.07156 165.054
63.2996 37.2752 16.9596 4.07564 165.014
63.3996 37.2623 16.9992 4.07971 164.975
63.4996 37.2493 17.0388 4.08377 164.935
63.5996 37.2362 17.0785 4.08782 164.895
63.6996 37.2231 17.1182 4.09186 164.856
63.7996 37.2099 17.158 4.09589 164.816
63.8996 37.1966 17.1977 4.0999 164.776
63.9996 37.1832 17.2375 4.10391 164.736
64.0996 37.1697 17.2774 4.1079 164.697
64.1996 37.1561 17.3173 4.11189 164.657
64.2996 37.1425 17.3572 4.11586 164.617
64.3996 37.1287 17.3971 4.11982 164.577
64.4996 37.1149 17.4371 4.12377 164.537
64.5996 37.101 17.4771 4.1277 164.497
64.6996 37.087 17.5171 4.13163 164.457
64.7996 37.073 17.5572 4.13555 164.417
64.8996 37.0588 17.5973 4.13945 164.377
64.9996 37.0446 17.6375 4.14335 164.336
65.0996 37.0303 17.6776 4.14723 164.296
65.1996 37.0159 17.7178 4.1511 164.256
65.2996 37.0015 17.7581 4.15496 164.216
65.3996 36.9869 17.7983 4.15881 164.176
65.4996 36.9723 17.8387 4.16265 164.135
65.5996 36.9576 17.879 4.16647 164.095
65.6996 36.9428 17.9194 4.17029 164.055
65.7996 36.9279 17.9598 4.17409 164.014
65.8996 36.913 18.0002 4.17788 163.974
65.9996 36.8979 18.0407 4.18167 163.933
66.0996 36.8828 18.0811 4.18544 163.893
66.1996 36.8677 18.1217 4.18919 163.852
66.2996 36.8524 18.1622 4.19294 163.812
66.3996 36.8371 18.2028 4.19668 163.771
66.4996 36.8217 18.2434 4.2004 163.731
66.5996 36.8062 18.2841 4.20411 163.69
66.6996 36.7906 18.3248 4.20782 163.649
66.7996 36.775 18.3655 4.21151 163.608
66.8996 36.7593 18.4062 4.21518 163.568
66.9995 36.7435 18.447 4.21885 163.527
67.0995 36.7276 18.4878 4.22251 163.486
67.1995 36.7117 18.5286 4.22615 163.445
67.2995 36.6956 18.5695 4.22978 163.404
67.3995 36.6795 18.6104 4.2334 163.364
67.4995 36.6634 18.6513 4.23701 163.323
67.5995 36.6471 18.6922 4.24061 163.282
67.6995 36.6308 18.7332 4.2442 163.241
67.7995 36.6144 18.7742 4.24777 163.2
67.8995 36.598 18.8153 4.25134 163.159
67.9995 36.5814 18.8563 4.25489 163.118
68.0995 36.5648 18.8974 4.25843 163.077
68.1995 36.5482 18.9386 4.26196 163.035
68.2995 36.5314 18.9797 4.26547 162.994
68.3995 36.5146 19.0209 4.26898 162.953
68.4995 36.4977 19.0621 4.27247 162.912
68.5995 36.4807 19.1034 4.27595 162.871
68.6995 36.4637 19.1446 4.27942 162.829
68.7995 36.4466 19.1859 4.28288 162.788
68.8995 36.4294 19.2273 4.28633 162.747
68.9995 36.4122 19.2686 4.28976 162.705
69.0995 36.3949 19.31 4.29319 162.664
69.1995 36.3775 19.3514 4.2966 162.623
69.2995 36.36 19.3928 4.3 162.581
69.3995 36.3425 19.4343 4.30338 162.54
69.4995 36.3249 19.4758 4.30676 162.498
69.5995 36.3072 19.5173 4.31012 162.457
69.6995 36.2895 19.5588 4.31348 162.415
69.7995 36.2717 19.6004 4.31682 162.374
69.8995 36.2538 19.642 4.32015 162.332
69.9995 36.2359 19.6836 4.32346 162.29
70.0995 36.2179 19.7253 4.32677 162.249
70.1995 36.1998 19.767 4.33006 162.207
70.2995 36.1817 19.8087 4.33334 162.165
70.3995 36.1635 19.8504 4.33661 162.124
70.4995 36.1452 19.8921 4.33987 162.082
70.5995 36.1269 19.9339 4.34311 162.04
70.6995 36.1085 19.9757 4.34634 161.998
70.7995 36.09 20.0176 4.34956 161.956
70.8995 36.0715 20.0594 4.35277 161.915
70.9995 36.0529 20.1013 4.35597 161.873
71.0995 36.0342 20.1432 4.35916 161.831
71.1995 36.0155 20.1851 4.36233 161.789
71.2995 35.9967 20.2271 4.36549 161.747
71.3995 35.9779 20.2691 4.36864 161.705
71.4995 35.9589 20.3111 4.37177 161.663
71.5995 35.9399 20.3531 4.3749 161.621
71.6995 35.9209 20.3952 4.37801 161.579
71.7995 35.9018 20.4373 4.38111 161.537
71.8995 35.8826 20.4794 4.3842 161.495
71.9995 35.8634 20.5215 4.38728 161.452
72.0995 35.8441 20.5636 4.39034 161.41
72.1995 35.8247 20.6058 4.39339 161.368
72.2995 35.8053 20.648 4.39643 161.326
72.3995 35.7858 20.6902 4.39946 161.284
72.4995 35.7662 20.7325 4.40247 161.241
72.5995 35.7466 20.7748 4.40548 161.199
72.6995 35.727 20.8171 4.40847 161.157
72.7995 35.7072 20.8594 4.41144 161.115
72.8995 35.6874 20.9017 4.41441 161.072
72.9995 35.6676 20.9441 4.41736 161.03
73.0995 35.6477 20.9865 4.4203 160.987
73.1995 35.6277 21.0289 4.42323 160.945
73.2995 35.6076 21.0713 4.42615 160.903
73.3995 35.5875 21.1137 4.42906 160.86
73.4995 35.5674 21.1562 4.43195 160.818
73.5994 35.5472 21.1987 4.43483 160.775
73.6994 35.5269 21.2412 4.43769 160.733
73.7994 35.5066 21.2838 4.44055 160.69
73.8994 35.4862 21.3263 4.44339 160.648
73.9994 35.4657 21.3689 4.44622 160.605
74.0994 35.4452 21.4115 4.44904 160.562
74.1994 35.4246 21.4541 4.45184 160.52
74.2994 35.404 21.4968 4.45464 160.477
74.3994 35.3833 21.5395 4.45742 160.435
74.4994 35.3626 21.5821 4.46018 160.392
74.5994 35.3418 21.6249 4.46294 160.349
74.6994 35.3209 21.6676 4.46568 160.306
74.7994 35.3 21.7103 4.46841 160.264
74.8994 35.2791 21.7531 4.47113 160.221
74.9994 35.258 21.7959 4.47384 160.178
75.0994 35.2369 21.8387 4.47653 160.135
75.1994 35.2158 21.8815 4.47921 160.092
75.2994 35.1946 21.9244 4.48188 160.05
75.3994 35.1734 21.9672 4.48453 160.007
75.4994 35.152 22.0101 4.48717 159.964
75.5994 35.1307 22.053 4.4898 159.921
75.6994 35.1093 22.096 4.49242 159.878
75.7994 35.0878 22.1389 4.49502 159.835
75.8994 35.0663 22.1819 4.49762 159.792
75.9994 35.0447 22.2249 4.50019 159.749
76.0994 35.023 22.2679 4.50276 159.706
76.1994 35.0014 22.3109 4.50531 159.663
76.2994 34.9796 22.3539 4.50786 159.62
76.3994 34.9578 22.397 4.51038 159.577
76.4994 34.936 22.4401 4.5129 159.534
76.5994 34.914 22.4832 4.5154 159.491
76.6994 34.8921 22.5263 4.51789 159.448
76.7994 34.8701 22.5694 4.52037 159.405
76.8994 34.848 22.6125 4.52283 159.361
76.9994 34.8259 22.6557 4.52529 159.318
77.0994 34.8037 22.6989 4.52772 159.275
77.1994 34.7815 22.7421 4.53015 159.232
77.2994 34.7592 22.7853 4.53256 159.189
77.3994 34.7369 22.8285 4.53496 159.145
77.4994 34.7145 22.8718 4.53735 159.102
77.5994 34.6921 22.9151 4.53973 159.059
77.6994 34.6696 22.9583 4.54209 159.016
77.7994 34.6471 23.0016 4.54444 158.972
77.8994 34.6245 23.045 4.54677 158.929
77.9994 34.6018 23.0883 4.54909 158.886
78.0994 34.5791 23.1316 4.5514 158.842
78.1994 34.5564 23.175 4.5537 158.799
78.2994 34.5336 23.2184 4.55599 158.756
78.3994 34.5108 23.2618 4.55826 158.712
78.4994 34.4879 23.3052 4.56052 158.669
78.5994 34.4649 23.3486 4.56276 158.625
78.6994 34.442 23.3921 4.56499 158.582
78.7994 34.4189 23.4355 4.56721 158.538
78.8994 34.3958 23.479 4.56942 158.495
78.9994 34.3727 23.5225 4.57161 158.451
79.0994 34.3495 23.566 4.57379 158.408
79.1994 34.3263 23.6095 4.57596 158.364
79.2994 34.303 23.653 4.57811 158.321
79.3994 34.2796 23.6966 4.58025 158.277
79.4994 34.2563 23.7401 4.58238 158.234
79.5994 34.2328 23.7837 4.5845 158.19
79.6994 34.2093 23.8273 4.5866 158.147
79.7994 34.1858 23.8709 4.58869 158.103
79.8994 34.1622 23.9145 4.59076 158.059
79.9994 34.1386 23.9582 4.59282 158.016
80.0993 34.1149 24.0018 4.59487 157.972
80.1993 34.0912 24.0455 4.59691 157.929
80.2993 34.0675 24.0891 4.59893 157.885
80.3993 34.0437 24.1328 4.60094 157.841
80.4993 34.0198 24.1765 4.60294 157.797
80.5993 33.9959 24.2202 4.60492 157.754
80.6993 33.9719 24.2639 4.60689 157.71
80.7993 33.9479 24.3077 4.60885 157.666
80.8993 33.9239 24.3514 4.61079 157.623
80.9993 33.8998 24.3952 4.61272 157.579
81.0993 33.8757 24.4389 4.61464 157.535
81.1993 33.8515 24.4827 4.61654 157.491
81.2993 33.8273 24.5265 4.61843 157.447
81.3993 33.803 24.5703 4.62031 157.404
81.4993 33.7787 24.6141 4.62217 157.36
81.5993 33.7543 24.658 4.62402 157.316
81.6993 33.7299 24.7018 4.62586 157.272
81.7993 33.7054 24.7456 4.62768 157.228
81.8993 33.6809 24.7895 4.62949 157.184
81.9993 33.6564 24.8334 4.63129 157.141
82.0993 33.6318 24.8773 4.63307 157.097
82.1993 33.6072 24.9212 4.63484 157.053
82.2993 33.5825 24.9651 4.6366 157.009
82.3993 33.5578 25.009 4.63834 156.965
82.4993 33.533 25.0529 4.64007 156.921
82.5993 33.5082 25.0968 4.64179 156.877
82.6993 33.4834 25.1408 4.64349 156.833
82.7993 33.4585 25.1847 4.64518 156.789
82.8993 33.4335 25.2287 4.64686 156.745
82.9993 33.4085 25.2727 4.64852 156.701
83.0993 33.3835 25.3167 4.65017 156.657
83.1993 33.3584 25.3607 4.65181 156.613
83.2993 33.3333 25.4047 4.65343 156.569
83.3993 33.3082 25.4487 4.65504 156.525
83.4993 33.283 25.4927 4.65663 156.481
83.5993 33.2578 25.5367 4.65821 156.437
83.6993 33.2325 25.5808 4.65978 156.393
83.7993 33.2072 25.6248 4.66134 156.349
83.8993 33.1818 25.6689 4.66288 156.305
83.9993 33.1564 25.7129 4.6644 156.261
84.0993 33.1309 25.757 4.66592 156.217
84.1993 33.1054 25.8011 4.66742 156.173
84.2993 33.0799 25.8452 4.6689 156.129
84.3993 33.0543 25.8893 4.67038 156.085
84.4993 33.0287 25.9334 4.67184 156.041
84.5993 33.0031 25.9775 4.67328 155.996
84.6993 32.9774 26.0216 4.67471 155.952
84.7993 32.9517 26.0657 4.67613 155.908
84.8993 32.9259 26.1098 4.67754 155.864
84.9993 32.9001 26.154 4.67893 155.82
85.0993 32.8742 26.1981 4.6803 155.776
85.1993 32.8483 26.2423 4.68167 155.732
85.2993 32.8224 26.2864 4.68302 155.688
85.3993 32.7964 26.3306 4.68435 155.643
85.4993 32.7704 26.3748 4.68568 155.599
85.5993 32.7443 26.4189 4.68698 155.555
85.6993 32.7182 26.4631 4.68828 155.511
85.7993 32.6921 26.5073 4.68956 155.467
85.8993 32.6659 26.5515 4.69083 155.422
85.9993 32.6397 26.5957 4.69208 155.378
86.0993 32.6135 26.6399 4.69332 155.334
86.1993 32.5872 26.6841 4.69455 155.29
86.2993 32.5609 26.7283 4.69576 155.246
86.3993 32.5345 26.7725 4.69696 155.201
86.4993 32.5081 26.8168 4.69814 155.157
86.5993 32.4816 26.861 4.69931 155.113
86.6992 32.4552 26.9052 4.70047 155.069
86.7992 32.4286 26.9495 4.70161 155.024
86.8992 32.4021 26.9937 4.70274 154.98
86.9992 32.3755 27.038 4.70386 154.936
87.0992 32.3489 27.0822 4.70496 154.892
87.1992 32.3222 27.1265 4.70604 154.847
87.2992 32.2955 27.1707 4.70712 154.803
87.3992 32.2687 27.215 4.70818 154.759
87.4992 32.242 27.2592 4.70922 154.715
87.5992 32.2151 27.3035 4.71025 154.67
87.6992 32.1883 27.3478 4.71127 154.626
87.7992 32.1614 27.3921 4.71228 154.582
87.8992 32.1345 27.4363 4.71327 154.538
87.9992 32.1075 27.4806 4.71424 154.493
88.0992 32.0805 27.5249 4.7152 154.449
88.1992 32.0534 27.5692 4.71615 154.405
88.2992 32.0264 27.6135 4.71709 154.36
88.3992 31.9993 27.6578 4.71801 154.316
88.4992 31.9721 27.7021 4.71891 154.272
88.5992 31.9449 27.7464 4.7198 154.228
88.6992 31.9177 27.7907 4.72068 154.183
88.7992 31.8904 27.835 4.72155 154.139
88.8992 31.8632 27.8793 4.7224 154.095
88.9992 31.8358 27.9236 4.72323 154.05
89.0992 31.8085 27.9679 4.72405 154.006
89.1992 31.7811 28.0122 4.72486 153.962
89.2992 31.7536 28.0565 4.72565 153.917
89.3992 31.7262 28.1008 4.72643 153.873
89.4992 31.6987 28.1451 4.7272 153.829
89.5992 31.6711 28.1894 4.72795 153.785
89.6992 31.6436 28.2337 4.72869 153.74
89.7992 31.616 28.278 4.72941 153.696
89.8992 31.5883 28.3223 4.73012 153.652
89.9992 31.5606 28.3666 4.73081 153.607
90.0992 31.5329 28.4109 4.7315 153.563
90.1992 31.5052 28.4552 4.73216 153.519
90.2992 31.4774 28.4996 4.73281 153.474
90.3992 31.4496 28.5439 4.73345 153.43
90.4992 31.4217 28.5882 4.73408 153.386
90.5992 31.3939 28.6325 4.73469 153.341
90.6992 31.366 28.6768 4.73528 153.297
90.7992 31.338 28.7211 4.73586 153.253
90.8992 31.31 28.7654 4.73643 153.209
90.9992 31.282 28.8097 4.73698 153.164
91.0992 31.254 28.854 4.73752 153.12
91.1992 31.2259 28.8983 4.73805 153.076
91.2992 31.1978 28.9426 4.73856 153.031
91.3992 31.1696 28.9869 4.73905 152.987
91.4992 31.1415 29.0312 4.73953 152.943
91.5992 31.1132 29.0755 4.74 152.898
91.6992 31.085 29.1198 4.74046 152.854
91.7992 31.0567 29.1641 4.74089 152.81
91.8992 31.0284 29.2084 4.74132 152.766
91.9992 31.0001 29.2526 4.74173 152.721
92.0992 30.9717 29.2969 4.74213 152.677
92.1992 30.9433 29.3412 4.74251 152.633
92.2992 30.9149 29.3855 4.74287 152.588
92.3992 30.8864 29.4297 4.74323 152.544
92.4992 30.8579 29.474 4.74357 152.5
92.5992 30.8294 29.5183 4.74389 152.456
92.6992 30.8008 29.5625 4.7442 152.411
92.7992 30.7722 29.6068 4.7445 152.367
92.8992 30.7436 29.6511 4.74478 152.323
92.9992 30.7149 29.6953 4.74505 152.279
93.0992 30.6862 29.7396 4.7453 152.234
93.1992 30.6575 29.7838 4.74554 152.19
93.2991 30.6288 29.828 4.74576 152.146
93.3991 30.6 29.8723 4.74597 152.102
93.4991 30.5712 29.9165 4.74616 152.057
93.5991 30.5423 29.9607 4.74635 152.013
93.6991 30.5134 30.0049 4.74651 151.969
93.7991 30.4845 30.0492 4.74666 151.925
93.8991 30.4556 30.0934 4.7468 151.881
93.9991 30.4266 30.1376 4.74692 151.836
94.0991 30.3976 30.1818 4.74703 151.792
94.1991 30.3686 30.226 4.74713 151.748
94.2991 30.3396 30.2701 4.74721 151.704
94.3991 30.3105 30.3143 4.74727 151.66
94.4991 30.2814 30.3585 4.74732 151.615
94.5991 30.2522 30.4027 4.74736 151.571
94.6991 30.223 30.4468 4.74738 151.527
94.7991 30.1938 30.491 4.74739 151.483
94.8991 30.1646 30.5351 4.74738 151.439
94.9991 30.1353 30.5793 4.74736 151.395
95.0991 30.1061 30.6234 4.74732 151.351
95.1991 30.0767 30.6676 4.74727 151.306
95.2991 30.0474 30.7117 4.74721 151.262
95.3991 30.018 30.7558 4.74713 151.218
95.4991 29.9886 30.7999 4.74703 151.174
95.5991 29.9592 30.844 4.74692 151.13
95.6991 29.9297 30.8881 4.7468 151.086
95.7991 29.9002 30.9322 4.74666 151.042
95.8991 29.8707 30.9763 4.74651 150.998
95.9991 29.8411 31.0203 4.74634 150.954
96.0991 29.8115 31.0644 4.74616 150.91
96.1991 29.7819 31.1085 4.74596 150.866
96.2991 29.7523 31.1525 4.74575 150.821
96.3991 29.7226 31.1965 4.74553 150.777
96.4991 29.6929 31.2406 4.74529 150.733
96.5991 29.6632 31.2846 4.74503 150.689
96.6991 29.6335 31.3286 4.74476 150.645
96.7991 29.6037 31.3726 4.74448 150.601
96.8991 29.5739 31.4166 4.74418 150.557
96.9991 29.5441 31.4606 4.74387 150.513
97.0991 29.5142 31.5046 4.74354 150.469
97.1991 29.4843 31.5485 4.7432 150.425
97.2991 29.4544 31.5925 4.74284 150.381
97.3991 29.4245 31.6364 4.74247 150.338
97.4991 29.3945 31.6804 4.74208 150.294
97.5991 29.3645 31.7243 4.74168 150.25
97.6991 29.3345 31.7682 4.74127 150.206
97.7991 29.3044 31.8121 4.74084 150.162
97.8991 29.2743 31.856 4.74039 150.118
97.9991 29.2442 31.8999 4.73993 150.074
98.0991 29.2141 31.9438 4.73946 150.03
98.1991 29.184 31.9876 4.73897 149.986
98.2991 29.1538 32.0315 4.73846 149.942
98.3991 29.1236 32.0753 4.73795 149.899
98.4991 29.0933 32.1191 4.73741 149.855
98.5991 29.0631 32.163 4.73686 149.811
98.6991 29.0328 32.2068 4.7363 149.767
98.7991 29.0025 32.2506 4.73573 149.723
98.8991 28.9721 32.2943 4.73513 149.68
98.9991 28.9418 32.3381 4.73453 149.636
99.0991 28.9114 32.3819 4.73391 149.592
99.1991 28.8809 32.4256 4.73327 149.548
99.2991 28.8505 32.4693 4.73262 149.505
99.3991 28.82 32.5131 4.73195 149.461
99.4991 28.7895 32.5568 4.73127 149.417
99.5991 28.759 32.6005 4.73058 149.373
99.6991 28.7285 32.6441 4.72987 149.33
99.799 28.6979 32.6878 4.72914 149.286
99.899 28.6673 32.7315 4.7284 149.242
99.999 28.6367 32.7751 4.72765 149.199
100.099 28.606 32.8187 4.72688 149.155
100.199 28.5754 32.8624 4.7261 149.112
100.299 28.5447 32.906 4.7253 149.068
100.399 28.5139 32.9496 4.72449 149.024
100.499 28.4832 32.9931 4.72366 148.981
100.599 28.4524 33.0367 4.72281 148.937
100.699 28.4216 33.0802 4.72196 148.894
100.799 28.3908 33.1238 4.72108 148.85
100.899 28.36 33.1673 4.7202 148.807
100.999 28.3291 33.2108 4.7193 148.763
101.099 28.2982 33.2543 4.71838 148.72
101.199 28.2673 33.2977 4.71745 148.676
101.299 28.2363 33.3412 4.7165 148.633
101.399 28.2054 33.3846 4.71554 148.589
101.499 28.1744 33.4281 4.71456 148.546
101.599 28.1434 33.4715 4.71357 148.502
101.699 28.1123 33.5149 4.71257 148.459
101.799 28.0813 33.5583 4.71155 148.416
101.899 28.0502 33.6016 4.71051 148.372
101.999 28.0191 33.645 4.70946 148.329
102.099 27.9879 33.6883 4.7084 148.286
102.199 27.9568 33.7316 4.70732 148.242
102.299 27.9256 33.7749 4.70622 148.199
102.399 27.8944 33.8182 4.70511 148.156
102.499 27.8632 33.8615 4.70399 148.112
102.599 27.8319 33.9047 4.70285 148.069
102.699 27.8006 33.948 4.70169 148.026
102.799 27.7693 33.9912 4.70052 147.983
102.899 27.738 34.0344 4.69934 147.94
102.999 27.7067 34.0776 4.69814 147.896
103.099 27.6753 34.1207 4.69693 147.853
103.199 27.6439 34.1639 4.6957 147.81
103.299 27.6125 34.207 4.69446 147.767
103.399 27.5811 34.2501 4.6932 147.724
103.499 27.5496 34.2932 4.69192 147.681
103.599 27.5181 34.3363 4.69064 147.638
103.699 27.4866 34.3794 4.68933 147.595
103.799 27.4551 34.4224 4.68802 147.552
103.899 27.4235 34.4654 4.68668 147.509
103.999 27.392 34.5084 4.68534 147.466
104.099 27.3604 34.5514 4.68397 147.423
104.199 27.3288 34.5944 4.68259 147.38
104.299 27.2971 34.6373 4.6812 147.337
104.399 27.2655 34.6802 4.6798 147.294
104.499 27.2338 34.7231 4.67837 147.251
104.599 27.2021 34.766 4.67694 147.208
104.699 27.1704 34.8089 4.67548 147.165
104.799 27.1386 34.8518 4.67402 147.122
104.899 27.1069 34.8946 4.67254 147.079
104.999 27.0751 34.9374 4.67104 147.037
105.099 27.0432 34.9802 4.66953 146.994
105.199 27.0114 35.023 4.668 146.951
105.299 26.9796 35.0657 4.66646 146.908
105.399 26.9477 35.1084 4.6649 146.866
105.499 26.9158 35.1511 4.66333 146.823
105.599 26.8839 35.1938 4.66174 146.78
105.699 26.8519 35.2365 4.66014 146.737
105.799 26.82 35.2791 4.65853 146.695
105.899 26.788 35.3218 4.6569 146.652
105.999 26.756 35.3644 4.65525 146.61
106.099 26.724 35.407 4.65359 146.567
106.199 26.6919 35.4495 4.65191 146.524
106.299 26.6598 35.4921 4.65022 146.482
106.399 26.6278 35.5346 4.64852 146.439
106.499 26.5957 35.5771 4.6468 146.397
106.599 26.5635 35.6195 4.64506 146.354
106.699 26.5314 35.662 4.64331 146.312
106.799 26.4992 35.7044 4.64154 146.27
106.899 26.467 35.7468 4.63976 146.227
106.999 26.4348 35.7892 4.63797 146.185
107.099 26.4026 35.8316 4.63616 146.142
107.199 26.3703 35.8739 4.63433 146.1
107.299 26.338 35.9162 4.63249 146.058
107.399 26.3058 35.9585 4.63064 146.015
107.499 26.2734 36.0008 4.62877 145.973
107.599 26.2411 36.043 4.62688 145.931
107.699 26.2088 36.0853 4.62498 145.889
107.799 26.1764 36.1275 4.62307 145.846
107.899 26.144 36.1696 4.62114 145.804
107.999 26.1116 36.2118 4.61919 145.762
108.099 26.0792 36.2539 4.61723 145.72
108.199 26.0467 36.296 4.61526 145.678
108.299 26.0142 36.3381 4.61327 145.636
108.399 25.9817 36.3802 4.61126 145.594
108.499 25.9492 36.4222 4.60924 145.552
108.599 25.9167 36.4642 4.60721 145.51
108.699 25.8842 36.5062 4.60516 145.468
108.799 25.8516 36.5482 4.6031 145.426
108.899 25.819 36.5901 4.60102 145.384
108.999 25.7864 36.632 4.59892 145.342
109.099 25.7538 36.6739 4.59681 145.3
109.199 25.7211 36.7157 4.59469 145.258
109.299 25.6885 36.7576 4.59255 145.216
109.399 25.6558 36.7994 4.59039 145.175
109.499 25.6231 36.8412 4.58823 145.133
109.599 25.5903 36.8829 4.58604 145.091
109.699 25.5576 36.9246 4.58384 145.049
109.799 25.5249 36.9663 4.58163 145.008
109.899 25.4921 37.008 4.5794 144.966
109.999 25.4593 37.0497 4.57716 144.924
110.099 25.4265 37.0913 4.5749 144.883
110.199 25.3936 37.1329 4.57262 144.841
110.299 25.3608 37.1745 4.57033 144.799
110.399 25.3279 37.216 4.56803 144.758
110.499 25.295 37.2575 4.56571 144.716
110.599 25.2621 37.299 4.56338 144.675
110.699 25.2292 37.3405 4.56103 144.633
110.799 25.1962 37.3819 4.55867 144.592
110.899 25.1633 37.4233 4.55629 144.551
110.999 25.1303 37.4647 4.5539 144.509
111.099 25.0973 37.5061 4.55149 144.468
111.199 25.0643 37.5474 4.54906 144.427
111.299 25.0312 37.5887 4.54663 144.385
111.399 24.9982 37.6299 4.54417 144.344
111.499 24.9651 37.6712 4.54171 144.303
111.599 24.932 37.7124 4.53922 144.262
111.699 24.8989 37.7536 4.53673 144.22
111.799 24.8658 37.7947 4.53421 144.179
111.899 24.8327 37.8359 4.53169 144.138
111.999 24.7995 37.877 4.52914 144.097
112.099 24.7663 37.918 4.52659 144.056
112.199 24.7331 37.9591 4.52401 144.015
112.299 24.6999 38.0001 4.52143 143.974
112.399 24.6667 38.0411 4.51882 143.933
112.499 24.6335 38.082 4.51621 143.892
112.599 24.6002 38.1229 4.51358 143.851
112.699 24.5669 38.1638 4.51093 143.81
112.799 24.5336 38.2047 4.50827 143.769
112.899 24.5003 38.2455 4.50559 143.728
112.999 24.467 38.2863 4.5029 143.688
113.099 24.4336 38.3271 4.50019 143.647
113.199 24.4002 38.3678 4.49747 143.606
113.299 24.3669 38.4086 4.49474 143.565
113.399 24.3335 38.4492 4.49198 143.525
113.499 24.3 38.4899 4.48922 143.484
113.599 24.2666 38.5305 4.48644 143.443
113.699 24.2332 38.5711 4.48364 143.403
113.799 24.1997 38.6116 4.48083 143.362
113.899 24.1662 38.6522 4.47801 143.322
113.999 24.1327 38.6927 4.47517 143.281
114.099 24.0992 38.7331 4.47231 143.241
114.199 24.0657 38.7736 4.46944 143.2
114.299 24.0321 38.814 4.46656 143.16
114.399 23.9985 38.8543 4.46366 143.12
114.499 23.965 38.8947 4.46074 143.079
114.599 23.9314 38.935 4.45781 143.039
114.699 23.8977 38.9752 4.45487 142.999
114.799 23.8641 39.0155 4.45191 142.958
114.899 23.8305 39.0557 4.44893 142.918
114.999 23.7968 39.0959 4.44595 142.878
115.099 23.7631 39.136 4.44294 142.838
115.199 23.7294 39.1761 4.43992 142.798
115.299 23.6957 39.2162 4.43689 142.758
115.399 23.662 39.2562 4.43384 142.718
115.499 23.6282 39.2962 4.43078 142.678
115.599 23.5945 39.3362 4.4277 142.638
115.699 23.5607 39.3762 4.42461 142.598
115.799 23.5269 39.4161 4.4215 142.558
115.899 23.4931 39.456 4.41838 142.518
115.999 23.4593 39.4958 4.41524 142.478
116.099 23.4254 39.5356 4.41209 142.438
116.199 23.3916 39.5754 4.40893 142.399
116.299 23.3577 39.6151 4.40574 142.359
116.399 23.3238 39.6548 4.40255 142.319
116.499 23.2899 39.6945 4.39934 142.279
116.599 23.256 39.7341 4.39611 142.24
116.699 23.2221 39.7737 4.39287 142.2
116.799 23.1881 39.8133 4.38962 142.161
116.899 23.1542 39.8528 4.38635 142.121
116.999 23.1202 39.8923 4.38306 142.082
117.099 23.0862 39.9318 4.37976 142.042
117.199 23.0522 39.9712 4.37645 142.003
117.299 23.0182 40.0106 4.37312 141.963
117.399 22.9841 40.05 4.36978 141.924
117.499 22.9501 40.0893 4.36642 141.885
117.599 22.916 40.1286 4.36305 141.845
117.699 22.8819 40.1678 4.35966 141.806
117.799 22.8478 40.207 4.35626 141.767
117.899 22.8137 40.2462 4.35284 141.728
117.999 22.7796 40.2854 4.34941 141.689
118.099 22.7454 40.3245 4.34596 141.649
118.199 22.7113 40.3635 4.3425 141.61
118.299 22.6771 40.4026 4.33902 141.571
118.399 22.6429 40.4416 4.33553 141.532
118.499 22.6087 40.4805 4.33203 141.493
118.599 22.5745 40.5194 4.32851 141.455
118.699 22.5403 40.5583 4.32497 141.416
118.799 22.506 40.5972 4.32142 141.377
118.899 22.4718 40.636 4.31786 141.338
118.999 22.4375 40.6748 4.31428 141.299
119.099 22.4032 40.7135 4.31069 141.26
119.199 22.3689 40.7522 4.30708 141.222
119.299 22.3346 40.7909 4.30346 141.183
119.399 22.3003 40.8295 4.29982 141.144
119.499 22.2659 40.8681 4.29617 141.106
119.599 22.2316 40.9066 4.2925 141.067
119.699 22.1972 40.9451 4.28882 141.029
119.799 22.1628 40.9836 4.28513 140.99
119.899 22.1284 41.022 4.28142 140.952
119.999 22.094 41.0604 4.27769 140.914
120.099 22.0596 41.0988 4.27395 140.875
120.199 22.0251 41.1371 4.2702 140.837
120.299 21.9907 41.1754 4.26643 140.799
120.399 21.9562 41.2136 4.26265 140.76
120.499 21.9217 41.2518 4.25885 140.722
120.599 21.8872 41.29 4.25504 140.684
120.699 21.8527 41.3281 4.25121 140.646
120.799 21.8182 41.3662 4.24737 140.608
120.899 21.7836 41.4042 4.24352 140.57
120.999 21.7491 41.4422 4.23965 140.532
121.099 21.7145 41.4802 4.23576 140.494
121.199 21.68 41.5181 4.23187 140.456
121.299 21.6454 41.556 4.22795 140.418
121.399 21.6108 41.5938 4.22402 140.38
121.499 21.5761 41.6316 4.22008 140.342
121.599 21.5415 41.6694 4.21613 140.305
121.699 21.5069 41.7071 4.21215 140.267
121.799 21.4722 41.7448 4.20817 140.229
121.899 21.4375 41.7824 4.20417 140.192
121.999 21.4028 41.82 4.20015 140.154
122.099 21.3682 41.8576 4.19612 140.116
122.199 21.3334 41.8951 4.19208 140.079
122.299 21.2987 41.9325 4.18802 140.041
122.399 21.264 41.97 4.18395 140.004
122.499 21.2292 42.0074 4.17986 139.967
122.599 21.1945 42.0447 4.17576 139.929
122.699 21.1597 42.082 4.17165 139.892
122.799 21.1249 42.1193 4.16752 139.855
122.899 21.0901 42.1565 4.16337 139.817
122.999 21.0553 42.1937 4.15922 139.78
123.099 21.0205 42.2308 4.15504 139.743
123.199 20.9856 42.2679 4.15086 139.706
123.299 20.9508 42.305 4.14666 139.669
123.399 20.9159 42.342 4.14244 139.632
123.499 20.881 42.379 4.13821 139.595
123.599 20.8461 42.4159 4.13397 139.558
123.699 20.8112 42.4528 4.12971 139.521
123.799 20.7763 42.4896 4.12543 139.484
123.899 20.7414 42.5264 4.12115 139.448
123.999 20.7065 42.5632 4.11685 139.411
124.099 20.6715 42.5999 4.11253 139.374
124.199 20.6365 42.6366 4.1082 139.337
124.299 20.6016 42.6732 4.10386 139.301
124.399 20.5666 42.7098 4.0995 139.264
124.499 20.5316 42.7463 4.09512 139.228
124.599 20.4966 42.7828 4.09074 139.191
124.699 20.4615 42.8193 4.08634 139.155
124.799 20.4265 42.8557 4.08192 139.118
124.899 20.3915 42.892 4.07749 139.082
124.999 20.3564 42.9284 4.07305 139.046
125.099 20.3213 42.9646 4.06859 139.009
125.199 20.2862 43.0009 4.06412 138.973
125.299 20.2511 43.037 4.05963 138.937
125.399 20.216 43.0732 4.05513 138.901
125.499 20.1809 43.1093 4.05062 138.865
125.599 20.1458 43.1453 4.04609 138.829
125.699 20.1106 43.1813 4.04155 138.793
125.799 20.0755 43.2173 4.03699 138.757
125.899 20.0403 43.2532 4.03242 138.721
125.999 20.0051 43.2891 4.02784 138.685
126.099 19.9699 43.3249 4.02324 138.649
126.199 19.9347 43.3607 4.01863 138.613
126.299 19.8995 43.3964 4.014 138.578
126.399 19.8643 43.4321 4.00936 138.542
126.499 19.8291 43.4678 4.0047 138.506
126.599 19.7938 43.5034 4.00003 138.471
126.699 19.7586 43.5389 3.99535 138.435
126.799 19.7233 43.5744 3.99066 138.4
126.899 19.688 43.6099 3.98594 138.364
126.999 19.6527 43.6453 3.98122 138.329
127.099 19.6174 43.6806 3.97648 138.293
127.199 19.5821 43.716 3.97173 138.258
127.299 19.5468 43.7512 3.96696 138.223
127.399 19.5114 43.7865 3.96218 138.188
127.499 19.4761 43.8216 3.95739 138.152
127.599 19.4407 43.8568 3.95258 138.117
127.699 19.4053 43.8918 3.94776 138.082
127.799 19.3699 43.9269 3.94292 138.047
127.899 19.3346 43.9619 3.93807 138.012
127.999 19.2991 43.9968 3.93321 137.977
128.099 19.2637 44.0317 3.92833 137.942
128.199 19.2283 44.0665 3.92344 137.907
128.299 19.1929 44.1013 3.91853 137.873
128.399 19.1574 44.1361 3.91361 137.838
128.499 19.1219 44.1708 3.90868 137.803
128.599 19.0865 44.2055 3.90373 137.768
128.699 19.051 44.2401 3.89877 137.734
128.799 19.0155 44.2746 3.8938 137.699
128.899 18.98 44.3091 3.88881 137.665
128.999 18.9445 44.3436 3.88381 137.63
129.099 18.9089 44.378 3.87879 137.596
129.199 18.8734 44.4124 3.87377 137.562
129.299 18.8379 44.4467 3.86872 137.527
129.399 18.8023 44.481 3.86367 137.493
129.499 18.7667 44.5152 3.8586 137.459
129.599 18.7312 44.5493 3.85351 137.425
129.699 18.6956 44.5835 3.84841 137.39
129.799 18.66 44.6175 3.8433 137.356
129.899 18.6243 44.6516 3.83818 137.322
129.999 18.5887 44.6855 3.83304 137.288
130.099 18.5531 44.7195 3.82789 137.255
130.199 18.5175 44.7533 3.82272 137.221
130.299 18.4818 44.7871 3.81754 137.187
130.399 18.4461 44.8209 3.81235 137.153
130.499 18.4105 44.8546 3.80715 137.119
130.599 18.3748 44.8883 3.80193 137.086
130.699 18.3391 44.9219 3.79669 137.052
130.799 18.3034 44.9555 3.79145 137.018
130.899 18.2677 44.989 3.78619 136.985
130.999 18.232 45.0225 3.78091 136.951
131.099 18.1962 45.0559 3.77563 136.918
131.199 18.1605 45.0893 3.77033 136.885
131.299 18.1247 45.1226 3.76501 136.851
131.399 18.089 45.1559 3.75968 136.818
131.499 18.0532 45.1891 3.75434 136.785
131.599 18.0174 45.2222 3.74899 136.752
131.699 17.9816 45.2553 3.74362 136.719
131.799 17.9458 45.2884 3.73824 136.686
131.899 17.91 45.3214 3.73285 136.653
131.999 17.8742 45.3544 3.72744 136.62
132.099 17.8384 45.3873 3.72202 136.587
132.199 17.8025 45.4201 3.71659 136.554
132.299 17.7667 45.4529 3.71114 136.521
132.399 17.7308 45.4857 3.70568 136.488
132.499 17.6949 45.5184 3.7002 136.456
132.599 17.659 45.551 3.69472 136.423
132.699 17.6232 45.5836 3.68922 136.39
132.799 17.5873 45.6162 3.6837 136.358
132.899 17.5514 45.6487 3.67818 136.325
132.999 17.5154 45.6811 3.67264 136.293
133.099 17.4795 45.7135 3.66708 136.26
133.199 17.4436 45.7458 3.66152 136.228
133.299 17.4076 45.7781 3.65594 136.196
133.399 17.3717 45.8103 3.65035 136.164
133.499 17.3357 45.8425 3.64474 136.131
133.599 17.2997 45.8746 3.63912 136.099
133.699 17.2638 45.9066 3.63349 136.067
133.799 17.2278 45.9387 3.62785 136.035
133.899 17.1918 45.9706 3.62219 136.003
133.999 17.1558 46.0025 3.61652 135.971
134.099 17.1197 46.0344 3.61083 135.94
134.199 17.0837 46.0662 3.60514 135.908
134.299 17.0477 46.0979 3.59943 135.876
134.399 17.0116 46.1296 3.59371 135.844
134.499 16.9756 46.1612 3.58797 135.813
134.599 16.9395 46.1928 3.58222 135.781
134.699 16.9034 46.2243 3.57646 135.75
134.799 16.8673 46.2558 3.57069 135.718
134.899 16.8313 46.2872 3.5649 135.687
134.999 16.7952 46.3186 3.5591 135.655
135.099 16.759 46.3499 3.55329 135.624
135.199 16.7229 46.3811 3.54746 135.593
135.299 16.6868 46.4123 3.54162 135.562
135.399 16.6507 46.4435 3.53577 135.53
135.499 16.6145 46.4746 3.52991 135.499
135.599 16.5784 46.5056 3.52403 135.468
135.699 16.5422 46.5366 3.51814 135.437
135.799 16.506 46.5675 3.51224 135.406
135.899 16.4699 46.5984 3.50632 135.376
135.999 16.4337 46.6292 3.5004 135.345
136.099 16.3975 46.6599 3.49446 135.314
136.199 16.3613 46.6906 3.4885 135.283
136.299 16.3251 46.7213 3.48254 135.253
136.399 16.2888 46.7519 3.47656 135.222
136.499 16.2526 46.7824 3.47057 135.192
136.599 16.2164 46.8129 3.46456 135.161
136.699 16.1801 46.8433 3.45855 135.131
136.799 16.1439 46.8737 3.45252 135.1
136.899 16.1076 46.904 3.44648 135.07
136.999 16.0713 46.9342 3.44043 135.04
137.099 16.0351 46.9644 3.43436 135.01
137.199 15.9988 46.9945 3.42828 134.979
137.299 15.9625 47.0246 3.42219 134.949
137.399 15.9262 47.0546 3.41609 134.919
137.499 15.8899 47.0846 3.40997 134.889
137.599 15.8535 47.1145 3.40384 134.859
137.699 15.8172 47.1444 3.3977 134.83
137.799 15.7809 47.1742 3.39155 134.8
137.899 15.7445 47.2039 3.38538 134.77
137.999 15.7082 47.2336 3.3792 134.74
138.099 15.6718 47.2632 3.37301 134.711
138.199 15.6355 47.2928 3.36681 134.681
138.299 15.5991 47.3223 3.3606 134.652
138.399 15.5627 47.3517 3.35437 134.622
138.499 15.5263 47.3811 3.34813 134.593
138.599 15.4899 47.4105 3.34188 134.564
138.699 15.4535 47.4397 3.33562 134.534
138.799 15.4171 47.4689 3.32934 134.505
138.899 15.3806 47.4981 3.32305 134.476
138.999 15.3442 47.5272 3.31675 134.447
139.099 15.3078 47.5563 3.31044 134.418
139.199 15.2713 47.5852 3.30411 134.389
139.299 15.2349 47.6142 3.29778 134.36
139.399 15.1984 47.643 3.29143 134.331
139.499 15.1619 47.6718 3.28507 134.302
139.599 15.1255 47.7006 3.2787 134.273
139.699 15.089 47.7293 3.27231 134.245
139.799 15.0525 47.7579 3.26591 134.216
139.899 15.016 47.7865 3.25951 134.187
139.999 14.9795 47.815 3.25309 134.159
140.099 14.943 47.8435 3.24665 134.131
140.199 14.9064 47.8718 3.24021 134.102
140.299 14.8699 47.9002 3.23375 134.074
140.399 14.8334 47.9285 3.22728 134.045
140.499 14.7968 47.9567 3.2208 134.017
140.599 14.7603 47.9848 3.21431 133.989
140.699 14.7237 48.0129 3.20781 133.961
140.799 14.6871 48.041 3.20129 133.933
140.899 14.6506 48.0689 3.19477 133.905
140.999 14.614 48.0969 3.18823 133.877
141.099 14.5774 48.1247 3.18168 133.849
141.199 14.5408 48.1525 3.17511 133.821
141.299 14.5042 48.1803 3.16854 133.794
141.399 14.4676 48.2079 3.16195 133.766
141.499 14.431 48.2355 3.15535 133.738
141.599 14.3943 48.2631 3.14875 133.711
141.699 14.3577 48.2906 3.14212 133.683
141.799 14.3211 48.318 3.13549 133.656
141.899 14.2844 48.3454 3.12885 133.629
141.999 14.2478 48.3727 3.12219 133.601
142.099 14.2111 48.4 3.11553 133.574
142.199 14.1744 48.4272 3.10885 133.547
142.299 14.1378 48.4543 3.10216 133.52
142.399 14.1011 48.4814 3.09546 133.493
142.499 14.0644 48.5084 3.08874 133.466
142.6 14.0277 48.5353 3.08202 133.439
142.7 13.991 48.5622 3.07528 133.412
142.8 13.9543 48.589 3.06854 133.385
142.9 13.9176 48.6158 3.06178 133.358
143 13.8808 48.6425 3.05501 133.331
143.1 13.8441 48.6691 3.04823 133.305
143.2 13.8074 48.6957 3.04143 133.278
143.3 13.7706 48.7222 3.03463 133.252
143.4 13.7339 48.7487 3.02781 133.225
143.5 13.6971 48.775 3.02099 133.199
143.6 13.6604 48.8014 3.01415 133.173
143.7 13.6236 48.8276 3.0073 133.146
143.8 13.5868 48.8538 3.00044 133.12
143.9 13.55 48.88 2.99357 133.094
144 13.5132 48.9061 2.98669 133.068
144.1 13.4764 48.9321 2.9798 133.042
144.2 13.4396 48.958 2.97289 133.016
144.3 13.4028 48.9839 2.96598 132.99
144.4 13.366 49.0097 2.95905 132.964
144.5 13.3292 49.0355 2.95211 132.938
144.6 13.2924 49.0612 2.94516 132.913
144.7 13.2555 49.0868 2.93821 132.887
144.8 13.2187 49.1124 2.93124 132.862
144.9 13.1818 49.1379 2.92425 132.836
145 13.145 49.1634 2.91726 132.811
145.1 13.1081 49.1888 2.91026 132.785
145.2 13.0713 49.2141 2.90325 132.76
145.3 13.0344 49.2393 2.89622 132.735
145.4 12.9975 49.2645 2.88919 132.709
145.5 12.9606 49.2897 2.88214 132.684
145.6 12.9237 49.3147 2.87508 132.659
145.7 12.8868 49.3397 2.86801 132.634
145.8 12.8499 49.3647 2.86094 132.609
145.9 12.813 49.3896 2.85385 132.584
146 12.7761 49.4144 2.84675 132.56
146.1 12.7392 49.4391 2.83964 132.535
146.2 12.7023 49.4638 2.83252 132.51
146.3 12.6653 49.4884 2.82538 132.486
146.4 12.6284 49.513 2.81824 132.461
146.5 12.5914 49.5375 2.81109 132.436
146.6 12.5545 49.5619 2.80393 132.412
146.7 12.5175 49.5863 2.79675 132.388
146.8 12.4806 49.6105 2.78957 132.363
146.9 12.4436 49.6348 2.78237 132.339
147 12.4066 49.6589 2.77517 132.315
147.1 12.3696 49.683 2.76795 132.291
147.2 12.3326 49.7071 2.76073 132.267
147.3 12.2956 49.7311 2.75349 132.243
147.4 12.2586 49.755 2.74625 132.219
147.5 12.2216 49.7788 2.73899 132.195
147.6 12.1846 49.8026 2.73172 132.171
147.7 12.1476 49.8263 2.72444 132.148
147.8 12.1106 49.8499 2.71716 132.124
147.9 12.0736 49.8735 2.70986 132.1
148 12.0365 49.897 2.70255 132.077
148.1 11.9995 49.9205 2.69523 132.053
148.2 11.9624 49.9439 2.68791 132.03
148.3 11.9254 49.9672 2.68057 132.007
148.4 11.8883 49.9904 2.67322 131.984
148.5 11.8513 50.0136 2.66586 131.96
148.6 11.8142 50.0367 2.65849 131.937
148.7 11.7771 50.0598 2.65111 131.914
148.8 11.74 50.0828 2.64372 131.891
148.9 11.703 50.1057 2.63633 131.868
149 11.6659 50.1286 2.62892 131.845
149.1 11.6288 50.1514 2.6215 131.823
149.2 11.5917 50.1741 2.61407 131.8
149.3 11.5546 50.1967 2.60663 131.777
149.4 11.5175 50.2193 2.59919 131.755
149.5 11.4803 50.2419 2.59173 131.732
149.6 11.4432 50.2643 2.58426 131.71
149.7 11.4061 50.2867 2.57678 131.687
149.8 11.369 50.309 2.5693 131.665
149.9 11.3318 50.3313 2.5618 131.643
150 11.2947 50.3535 2.55429 131.62
150.1 11.2575 50.3756 2.54678 131.598
150.2 11.2204 50.3977 2.53925 131.576
150.3 11.1832 50.4196 2.53172 131.554
150.4 11.1461 50.4416 2.52417 131.532
150.5 11.1089 50.4634 2.51662 131.511
150.6 11.0717 50.4852 2.50906 131.489
150.7 11.0345 50.5069 2.50148 131.467
150.8 10.9973 50.5286 2.4939 131.445
150.9 10.9602 50.5502 2.48631 131.424
151 10.923 50.5717 2.47871 131.402
151.1 10.8858 50.5931 2.47109 131.381
151.2 10.8486 50.6145 2.46347 131.359
151.3 10.8113 50.6358 2.45584 131.338
151.4 10.7741 50.6571 2.44821 131.317
151.5 10.7369 50.6782 2.44056 131.296
151.6 10.6997 50.6994 2.4329 131.275
151.7 10.6625 50.7204 2.42523 131.254
151.8 10.6252 50.7414 2.41756 131.233
151.9 10.588 50.7623 2.40987 131.212
152 10.5507 50.7831 2.40218 131.191
152.1 10.5135 50.8039 2.39447 131.17
152.2 10.4762 50.8246 2.38676 131.149
152.3 10.439 50.8452 2.37904 131.129
152.4 10.4017 50.8658 2.37131 131.108
152.5 10.3644 50.8863 2.36357 131.088
152.6 10.3272 50.9067 2.35582 131.067
152.7 10.2899 50.9271 2.34806 131.047
152.8 10.2526 50.9474 2.3403 131.027
152.9 10.2153 50.9676 2.33252 131.006
153 10.178 50.9877 2.32474 130.986
153.1 10.1407 51.0078 2.31695 130.966
153.2 10.1034 51.0278 2.30914 130.946
153.3 10.0661 51.0478 2.30133 130.926
153.4 10.0288 51.0676 2.29351 130.906
153.5 9.9915 51.0875 2.28569 130.887
153.6 9.95418 51.1072 2.27785 130.867
153.7 9.91686 51.1269 2.27 130.847
153.8 9.87953 51.1465 2.26215 130.828
153.9 9.8422 51.166 2.25429 130.808
154 9.80486 51.1854 2.24641 130.789
154.1 9.76752 51.2048 2.23853 130.769
154.2 9.73017 51.2242 2.23065 130.75
154.3 9.69282 51.2434 2.22275 130.731
154.4 9.65547 51.2626 2.21484 130.711
154.5 9.61811 51.2817 2.20693 130.692
154.6 9.58074 51.3007 2.19901 130.673
154.7 9.54338 51.3197 2.19108 130.654
154.8 9.506 51.3386 2.18314 130.635
154.9 9.46863 51.3575 2.17519 130.617
155 9.43125 51.3762 2.16723 130.598
155.1 9.39386 51.3949 2.15927 130.579
155.2 9.35647 51.4135 2.1513 130.56
155.3 9.31908 51.4321 2.14332 130.542
155.4 9.28168 51.4506 2.13533 130.523
155.5 9.24428 51.469 2.12733 130.505
155.6 9.20687 51.4873 2.11933 130.487
155.7 9.16946 51.5056 2.11131 130.468
155.8 9.13205 51.5238 2.10329 130.45
155.9 9.09463 51.5419 2.09526 130.432
156 9.05721 51.56 2.08723 130.414
156.1 9.01978 51.578 2.07918 130.396
156.2 8.98235 51.5959 2.07113 130.378
156.3 8.94492 51.6137 2.06307 130.36
156.4 8.90748 51.6315 2.055 130.342
156.5 8.87004 51.6492 2.04692 130.325
156.6 8.83259 51.6668 2.03883 130.307
156.7 8.79514 51.6844 2.03074 130.29
156.8 8.75769 51.7019 2.02264 130.272
156.9 8.72023 51.7193 2.01453 130.255
157 8.68277 51.7367 2.00642 130.237
157.1 8.6453 51.7539 1.99829 130.22
157.2 8.60783 51.7711 1.99016 130.203
157.3 8.57036 51.7883 1.98202 130.186
157.4 8.53288 51.8053 1.97388 130.169
157.5 8.4954 51.8223 1.96572 130.152
157.6 8.45791 51.8393 1.95756 130.135
157.7 8.42042 51.8561 1.94939 130.118
157.8 8.38293 51.8729 1.94121 130.101
157.9 8.34544 51.8896 1.93303 130.084
158 8.30794 51.9062 1.92484 130.068
158.1 8.27043 51.9228 1.91664 130.051
158.2 8.23292 51.9393 1.90843 130.035
158.3 8.19541 51.9557 1.90022 130.018
158.4 8.1579 51.9721 1.892 130.002
158.5 8.12038 51.9883 1.88377 129.986
158.6 8.08286 52.0045 1.87553 129.969
158.7 8.04533 52.0207 1.86729 129.953
158.8 8.00781 52.0367 1.85904 129.937
158.9 7.97027 52.0527 1.85078 129.921
159.001 7.93274 52.0686 1.84252 129.905
159.101 7.8952 52.0845 1.83425 129.889
159.201 7.85766 52.1003 1.82597 129.874
159.301 7.82011 52.116 1.81768 129.858
159.401 7.78256 52.1316 1.80939 129.842
159.501 7.74501 52.1471 1.80109 129.827
159.601 7.70745 52.1626 1.79279 129.811
159.701 7.66989 52.178 1.78447 129.796
159.801 7.63233 52.1934 1.77615 129.781
159.901 7.59476 52.2086 1.76782 129.765
160.001 7.55719 52.2238 1.75949 129.75
160.101 7.51962 52.2389 1.75115 129.735
160.201 7.48204 52.254 1.7428 129.72
160.301 7.44446 52.269 1.73445 129.705
160.401 7.40688 52.2839 1.72609 129.69
160.501 7.36929 52.2987 1.71772 129.675
160.601 7.3317 52.3134 1.70935 129.661
160.701 7.29411 52.3281 1.70096 129.646
160.801 7.25651 52.3427 1.69258 129.631
160.901 7.21891 52.3573 1.68418 129.617
161.001 7.18131 52.3717 1.67578 129.602
161.101 7.1437 52.3861 1.66738 129.588
161.201 7.1061 52.4004 1.65896 129.574
161.301 7.06848 52.4147 1.65054 129.559
161.401 7.03087 52.4289 1.64212 129.545
161.501 6.99325 52.4429 1.63368 129.531
161.601 6.95563 52.457 1.62524 129.517
161.701 6.91801 52.4709 1.6168 129.503
161.801 6.88038 52.4848 1.60835 129.489
161.901 6.84275 52.4986 1.59989 129.475
162.001 6.80512 52.5123 1.59143 129.462
162.101 6.76748 52.526 1.58296 129.448
162.201 6.72984 52.5396 1.57448 129.434
162.301 6.6922 52.5531 1.566 129.421
162.401 6.65455 52.5665 1.55751 129.407
162.501 6.61691 52.5799 1.54902 129.394
162.601 6.57926 52.5932 1.54051 129.381
162.701 6.5416 52.6064 1.53201 129.368
162.801 6.50395 52.6195 1.5235 129.354
162.901 6.46629 52.6326 1.51498 129.341
163.001 6.42863 52.6456 1.50645 129.328
163.101 6.39096 52.6585 1.49792 129.315
163.201 6.35329 52.6713 1.48939 129.303
163.301 6.31562 52.6841 1.48085 129.29
163.401 6.27795 52.6968 1.4723 129.277
163.501 6.24027 52.7094 1.46375 129.265
163.601 6.2026 52.722 1.45519 129.252
163.701 6.16492 52.7344 1.44662 129.24
163.801 6.12723 52.7468 1.43805 129.227
163.901 6.08955 52.7592 1.42948 129.215
164.001 6.05186 52.7714 1.4209 129.203
164.101 6.01416 52.7836 1.41231 129.19
164.201 5.97647 52.7957 1.40372 129.178
164.301 5.93877 52.8077 1.39512 129.166
164.401 5.90107 52.8197 1.38652 129.154
164.501 5.86337 52.8316 1.37791 129.142
164.601 5.82567 52.8434 1.3693 129.131
164.701 5.78796 52.8551 1.36068 129.119
164.801 5.75025 52.8668 1.35205 129.107
164.901 5.71254 52.8783 1.34342 129.096
165.001 5.67483 52.8898 1.33479 129.084
165.101 5.63711 52.9013 1.32615 129.073
165.201 5.59939 52.9126 1.3175 129.061
165.301 5.56167 52.9239 1.30885 129.05
165.401 5.52394 52.9351 1.3002 129.039
165.501 5.48622 52.9462 1.29154 129.028
165.601 5.44849 52.9573 1.28287 129.017
165.701 5.41076 52.9683 1.2742 129.006
165.801 5.37302 52.9792 1.26553 128.995
165.901 5.33529 52.99 1.25685 128.984
166.001 5.29755 53.0008 1.24816 128.973
166.101 5.25981 53.0115 1.23947 128.962
166.201 5.22207 53.0221 1.23077 128.952
166.301 5.18432 53.0326 1.22207 128.941
166.401 5.14658 53.0431 1.21337 128.931
166.501 5.10883 53.0534 1.20466 128.921
166.601 5.07107 53.0637 1.19595 128.91
166.701 5.03332 53.074 1.18723 128.9
166.801 4.99557 53.0841 1.17851 128.89
166.901 4.95781 53.0942 1.16978 128.88
167.001 4.92005 53.1042 1.16105 128.87
167.101 4.88229 53.1141 1.15231 128.86
167.201 4.84452 53.124 1.14357 128.85
167.301 4.80676 53.1338 1.13482 128.84
167.401 4.76899 53.1435 1.12607 128.83
167.501 4.73122 53.1531 1.11732 128.821
167.601 4.69344 53.1627 1.10856 128.811
167.701 4.65567 53.1721 1.09979 128.802
167.801 4.61789 53.1815 1.09103 128.792
167.901 4.58011 53.1909 1.08225 128.783
168.001 4.54233 53.2001 1.07348 128.774
168.101 4.50455 53.2093 1.0647 128.765
168.201 4.46677 53.2184 1.05591 128.756
168.301 4.42898 53.2274 1.04712 128.747
168.401 4.39119 53.2364 1.03833 128.738
168.501 4.3534 53.2452 1.02954 128.729
168.601 4.31561 53.254 1.02073 128.72
168.701 4.27782 53.2627 1.01193 128.711
168.801 4.24002 53.2714 1.00312 128.703
168.901 4.20223 53.28 0.994308 128.694
169.001 4.16443 53.2885 0.985491 128.686
169.101 4.12663 53.2969 0.976671 128.677
169.201 4.08882 53.3052 0.967847 128.669
169.301 4.05102 53.3135 0.959019 128.66
169.401 4.01321 53.3217 0.950187 128.652
169.501 3.97541 53.3298 0.941352 128.644
169.601 3.9376 53.3378 0.932513 128.636
169.701 3.89979 53.3458 0.92367 128.628
169.801 3.86197 53.3537 0.914823 128.62
169.901 3.82416 53.3615 0.905973 128.612
170.001 3.78634 53.3692 0.89712 128.605
170.101 3.74852 53.3769 0.888263 128.597
170.201 3.71071 53.3844 0.879402 128.59
170.301 3.67288 53.3919 0.870538 128.582
170.401 3.63506 53.3994 0.861671 128.575
170.501 3.59724 53.4067 0.8528 128.567
170.601 3.55941 53.414 0.843926 128.56
170.701 3.52159 53.4212 0.835049 128.553
170.801 3.48376 53.4283 0.826168 128.546
170.901 3.44593 53.4354 0.817284 128.539
171.001 3.4081 53.4423 0.808397 128.532
171.101 3.37026 53.4492 0.799507 128.525
171.201 3.33243 53.456 0.790613 128.518
171.301 3.29459 53.4628 0.781717 128.511
171.401 3.25676 53.4694 0.772817 128.505
171.501 3.21892 53.476 0.763915 128.498
171.601 3.18108 53.4825 0.755009 128.491
171.701 3.14324 53.489 0.746101 128.485
171.801 3.1054 53.4953 0.737189 128.479
171.901 3.06755 53.5016 0.728275 128.472
172.001 3.02971 53.5078 0.719358 128.466
172.101 2.99186 53.5139 0.710438 128.46
172.201 2.95401 53.52 0.701515 128.454
172.301 2.91616 53.526 0.69259 128.448
172.401 2.87831 53.5319 0.683661 128.442
172.501 2.84046 53.5377 0.67473 128.436
172.601 2.80261 53.5434 0.665797 128.431
172.701 2.76476 53.5491 0.656861 128.425
172.801 2.7269 53.5547 0.647922 128.419
172.901 2.68905 53.5602 0.63898 128.414
173.001 2.65119 53.5656 0.630037 128.408
173.101 2.61333 53.571 0.62109 128.403
173.201 2.57547 53.5763 0.612142 128.398
173.301 2.53761 53.5815 0.603191 128.392
173.401 2.49975 53.5866 0.594237 128.387
173.501 2.46189 53.5917 0.585281 128.382
173.601 2.42402 53.5967 0.576323 128.377
173.701 2.38616 53.6016 0.567363 128.372
173.801 2.34829 53.6064 0.5584 128.368
173.901 2.31043 53.6111 0.549435 128.363
174.001 2.27256 53.6158 0.540468 128.358
174.101 2.23469 53.6204 0.531499 128.354
174.201 2.19682 53.6249 0.522528 128.349
174.301 2.15895 53.6293 0.513555 128.345
174.401 2.12108 53.6337 0.50458 128.34
174.501 2.08321 53.638 0.495603 128.336
174.601 2.04533 53.6422 0.486623 128.332
174.701 2.00746 53.6463 0.477642 128.328
174.801 1.96958 53.6504 0.468659 128.324
174.901 1.93171 53.6544 0.459675 128.32
175.001 1.89383 53.6583 0.450688 128.316
175.101 1.85595 53.6621 0.4417 128.312
175.201 1.81808 53.6658 0.43271 128.308
175.301 1.7802 53.6695 0.423718 128.304
175.402 1.74232 53.6731 0.414724 128.301
175.502 1.70444 53.6766 0.405729 128.297
175.602 1.66656 53.68 0.396733 128.294
175.702 1.62868 53.6834 0.387734 128.291
175.802 1.59079 53.6867 0.378735 128.287
175.902 1.55291 53.6899 0.369733 128.284
176.002 1.51503 53.693 0.360731 128.281
176.102 1.47714 53.6961 0.351727 128.278
176.202 1.43926 53.699 0.342721 128.275
176.302 1.40137 53.7019 0.333714 128.272
176.402 1.36348 53.7048 0.324706 128.269
176.502 1.3256 53.7075 0.315697 128.266
176.602 1.28771 53.7102 0.306686 128.264
176.702 1.24982 53.7127 0.297674 128.261
176.802 1.21193 53.7153 0.288661 128.259
176.902 1.17405 53.7177 0.279647 128.256
177.002 1.13616 53.72 0.270632 128.254
177.102 1.09827 53.7223 0.261616 128.252
177.202 1.06038 53.7245 0.252598 128.249
177.302 1.02249 53.7267 0.24358 128.247
177.402 0.984594 53.7287 0.234561 128.245
177.502 0.946702 53.7307 0.22554 128.243
177.602 0.90881 53.7326 0.216519 128.241
177.702 0.870918 53.7344 0.207497 128.24
177.802 0.833025 53.7361 0.198474 128.238
177.902 0.795132 53.7378 0.189451 128.236
178.002 0.757238 53.7394 0.180427 128.235
178.102 0.719345 53.7409 0.171402 128.233
178.202 0.681451 53.7423 0.162376 128.232
178.302 0.643556 53.7437 0.15335 128.23
178.402 0.605662 53.7449 0.144323 128.229
178.502 0.567767 53.7461 0.135295 128.228
178.602 0.529872 53.7472 0.126267 128.227
178.702 0.491976 53.7483 0.117239 128.226
178.802 0.454081 53.7493 0.10821 128.225
178.902 0.416185 53.7501 0.0991802 128.224
179.002 0.378289 53.751 0.0901504 128.223
179.102 0.340393 53.7517 0.0811202 128.222
179.202 0.302497 53.7523 0.0720898 128.222
179.302 0.2646 53.7529 0.063059 128.221
179.402 0.226704 53.7534 0.054028 128.221
179.502 0.188807 53.7538 0.0449968 128.22
179.602 0.150911 53.7542 0.0359654 128.22
179.702 0.113014 53.7545 0.0269339 128.219
179.802 0.0751171 53.7547 0.0179022 128.219
179.902 0.0372204 53.7548 0.00887053 128.219
