0 1.15827e-14 3.10143 0 190.873
0.1 0.165072 3.10148 0.00768474 190.872
0.2 0.330138 3.1016 0.0153695 190.872
0.3 0.495193 3.10181 0.0230541 190.872
0.4 0.66023 3.1021 0.0307388 190.872
0.5 0.825244 3.10247 0.0384233 190.871
0.6 0.99023 3.10293 0.0461078 190.871
0.7 1.15518 3.10347 0.0537921 190.87
0.8 1.32009 3.10409 0.0614764 190.87
0.9 1.48496 3.10479 0.0691605 190.869
1 1.64977 3.10558 0.0768444 190.868
1.1 1.81452 3.10645 0.0845281 190.868
1.2 1.97922 3.10741 0.0922117 190.867
1.3 2.14384 3.10845 0.099895 190.866
1.4 2.30839 3.10957 0.107578 190.864
1.5 2.47286 3.11077 0.115261 190.863
1.6 2.63724 3.11205 0.122943 190.862
1.7 2.80153 3.11342 0.130626 190.861
1.8 2.96573 3.11487 0.138308 190.859
1.9 3.12982 3.11641 0.145989 190.858
2 3.2938 3.11803 0.153671 190.856
2.1 3.45767 3.11973 0.161351 190.854
2.2 3.62142 3.12151 0.169032 190.852
2.3 3.78504 3.12338 0.176712 190.851
2.4 3.94853 3.12533 0.184392 190.849
2.5 4.11189 3.12736 0.192071 190.847
2.6 4.27511 3.12947 0.19975 190.844
2.7 4.43818 3.13167 0.207428 190.842
2.8 4.60109 3.13395 0.215106 190.84
2.9 4.76385 3.13632 0.222783 190.838
3 4.92644 3.13876 0.23046 190.835
3.1 5.08887 3.14129 0.238136 190.833
3.2 5.25112 3.1439 0.245812 190.83
3.3 5.41319 3.1466 0.253487 190.827
3.4 5.57508 3.14938 0.261162 190.825
3.5 5.73678 3.15224 0.268836 190.822
3.6 5.89828 3.15518 0.276509 190.819
3.7 6.05958 3.15821 0.284181 190.816
3.8 6.22068 3.16132 0.291853 190.813
3.9 6.38157 3.16451 0.299525 190.809
4 6.54224 3.16778 0.307195 190.806
4.1 6.70269 3.17114 0.314865 190.803
4.2 6.86291 3.17458 0.322534 190.799
4.3 7.02291 3.17811 0.330202 190.796
4.4 7.18266 3.18171 0.33787 190.792
4.5 7.34218 3.1854 0.345536 190.789
4.6 7.50145 3.18917 0.353202 190.785
4.7 7.66047 3.19303 0.360867 190.781
4.8 7.81924 3.19696 0.368531 190.777
4.9 7.97775 3.20098 0.376195 190.773
5 8.13599 3.20508 0.383857 190.769
5.1 8.29396 3.20927 0.391519 190.765
5.2 8.45166 3.21353 0.399179 190.76
5.3 8.60908 3.21788 0.406839 190.756
5.4 8.76621 3.22232 0.414498 190.752
5.5 8.92306 3.22683 0.422155 190.747
5.6 9.07961 3.23143 0.429812 190.743
5.7 9.23587 3.23611 0.437467 190.738
5.8 9.39183 3.24087 0.445122 190.733
5.9 9.54748 3.24572 0.452776 190.728
6 9.70282 3.25065 0.460428 190.723
6.1 9.85785 3.25566 0.46808 190.718
6.2 10.0126 3.26075 0.47573 190.713
6.3 10.1669 3.26593 0.483379 190.708
6.4 10.321 3.27118 0.491027 190.703
6.5 10.4747 3.27652 0.498674 190.697
6.6 10.6281 3.28195 0.506319 190.692
6.7 10.7812 3.28745 0.513964 190.687
6.8 10.9339 3.29304 0.521607 190.681
6.9 11.0863 3.29871 0.529249 190.675
7 11.2383 3.30446 0.53689 190.669
7.1 11.3899 3.3103 0.544529 190.664
7.2 11.5412 3.31621 0.552167 190.658
7.3 11.6922 3.32221 0.559804 190.652
7.4 11.8428 3.32829 0.56744 190.646
7.5 11.993 3.33446 0.575074 190.639
7.6 12.1428 3.3407 0.582707 190.633
7.7 12.2923 3.34703 0.590338 190.627
7.79999 12.4413 3.35344 0.597968 190.621
7.89999 12.59 3.35994 0.605597 190.614
7.99999 12.7383 3.36651 0.613224 190.607
8.09999 12.8863 3.37317 0.62085 190.601
8.2 13.0338 3.37991 0.628474 190.594
8.3 13.1809 3.38673 0.636097 190.587
8.4 13.3276 3.39363 0.643718 190.58
8.5 13.474 3.40062 0.651337 190.573
8.6 13.6199 3.40769 0.658956 190.566
8.7 13.7654 3.41484 0.666572 190.559
8.8 13.9105 3.42207 0.674187 190.552
8.9 14.0552 3.42938 0.681801 190.545
9 14.1994 3.43678 0.689412 190.537
9.1 14.3433 3.44426 0.697023 190.53
9.2 14.4867 3.45182 0.704631 190.522
9.3 14.6297 3.45946 0.712238 190.515
9.4 14.7723 3.46718 0.719843 190.507
9.5 14.9144 3.47499 0.727446 190.499
9.6 15.0561 3.48287 0.735048 190.491
9.7 15.1974 3.49084 0.742648 190.483
9.8 15.3382 3.49889 0.750246 190.475
9.9 15.4786 3.50703 0.757843 190.467
10 15.6185 3.51524 0.765437 190.459
10.1 15.758 3.52354 0.77303 190.45
10.2 15.8971 3.53191 0.780621 190.442
10.3 16.0357 3.54037 0.78821 190.434
10.4 16.1738 3.54891 0.795797 190.425
10.5 16.3115 3.55754 0.803382 190.416
10.6 16.4487 3.56624 0.810966 190.408
10.7 16.5855 3.57503 0.818547 190.399
10.8 16.7218 3.58389 0.826127 190.39
10.9 16.8577 3.59284 0.833704 190.381
11 16.993 3.60187 0.84128 190.372
11.1 17.128 3.61098 0.848853 190.363
11.2 17.2624 3.62018 0.856425 190.354
11.3 17.3964 3.62945 0.863994 190.345
11.4 17.5299 3.63881 0.871562 190.335
11.5 17.6629 3.64825 0.879127 190.326
11.6 17.7955 3.65776 0.88669 190.316
11.7 17.9275 3.66736 0.894252 190.307
11.8 18.0591 3.67704 0.901811 190.297
11.9 18.1903 3.68681 0.909367 190.287
12 18.3209 3.69665 0.916922 190.277
12.1 18.451 3.70657 0.924475 190.267
12.2 18.5807 3.71658 0.932025 190.257
12.3 18.7099 3.72667 0.939573 190.247
12.4 18.8386 3.73684 0.947119 190.237
12.5 18.9668 3.74708 0.954663 190.227
12.6 19.0945 3.75741 0.962204 190.217
12.7 19.2217 3.76783 0.969743 190.206
12.8 19.3485 3.77832 0.97728 190.196
12.9 19.4747 3.78889 0.984814 190.185
13 19.6004 3.79954 0.992346 190.174
13.1 19.7257 3.81028 0.999876 190.164
13.2 19.8505 3.82109 1.0074 190.153
13.3 19.9747 3.83199 1.01493 190.142
13.4 20.0985 3.84297 1.02245 190.131
13.5 20.2217 3.85402 1.02997 190.12
13.6 20.3445 3.86516 1.03749 190.109
13.7 20.4668 3.87638 1.045 190.098
13.8 20.5885 3.88768 1.05252 190.086
13.9 20.7098 3.89906 1.06003 190.075
14 20.8306 3.91052 1.06753 190.063
14.1 20.9508 3.92206 1.07504 190.052
14.2 21.0706 3.93368 1.08254 190.04
14.3 21.1898 3.94539 1.09004 190.029
14.4 21.3086 3.95717 1.09754 190.017
14.5 21.4268 3.96903 1.10503 190.005
14.6 21.5446 3.98097 1.11252 189.993
14.7 21.6618 3.993 1.12001 189.981
14.8 21.7785 4.0051 1.1275 189.969
14.9 21.8948 4.01728 1.13498 189.957
15 22.0105 4.02955 1.14247 189.944
15.1 22.1257 4.04189 1.14994 189.932
15.2 22.2404 4.05432 1.15742 189.92
15.3 22.3546 4.06682 1.16489 189.907
15.4 22.4683 4.07941 1.17236 189.895
15.5 22.5815 4.09207 1.17983 189.882
15.6 22.6942 4.10481 1.1873 189.869
15.7 22.8063 4.11764 1.19476 189.856
15.8 22.918 4.13054 1.20222 189.843
15.9 23.0292 4.14353 1.20967 189.83
16 23.1398 4.15659 1.21712 189.817
16.1 23.25 4.16973 1.22458 189.804
16.2 23.3596 4.18296 1.23202 189.791
16.3 23.4687 4.19626 1.23947 189.778
16.4 23.5773 4.20964 1.24691 189.764
16.5 23.6855 4.2231 1.25435 189.751
16.6 23.7931 4.23665 1.26178 189.737
16.7 23.9002 4.25027 1.26921 189.724
16.8 24.0068 4.26397 1.27664 189.71
16.9 24.1129 4.27775 1.28407 189.696
17 24.2185 4.29161 1.29149 189.682
17.1 24.3236 4.30555 1.29891 189.668
17.2 24.4282 4.31957 1.30633 189.654
17.3 24.5323 4.33366 1.31374 189.64
17.4 24.6358 4.34784 1.32115 189.626
17.5 24.7389 4.3621 1.32856 189.612
17.6 24.8415 4.37643 1.33597 189.598
17.7 24.9436 4.39084 1.34337 189.583
17.8 25.0452 4.40534 1.35077 189.569
17.9 25.1462 4.41991 1.35816 189.554
18 25.2468 4.43456 1.36555 189.539
18.1 25.3469 4.44929 1.37294 189.525
18.2 25.4465 4.4641 1.38033 189.51
18.3 25.5455 4.47899 1.38771 189.495
18.4 25.6441 4.49395 1.39509 189.48
18.5 25.7422 4.509 1.40246 189.465
18.6 25.8398 4.52412 1.40983 189.45
18.7 25.9369 4.53932 1.4172 189.435
18.8 26.0335 4.55461 1.42456 189.419
18.9 26.1296 4.56997 1.43193 189.404
19 26.2252 4.5854 1.43928 189.389
19.1 26.3204 4.60092 1.44664 189.373
19.2 26.415 4.61652 1.45399 189.357
19.3 26.5092 4.63219 1.46134 189.342
19.4 26.6028 4.64794 1.46868 189.326
19.5 26.696 4.66377 1.47602 189.31
19.6 26.7887 4.67968 1.48336 189.294
19.7 26.8809 4.69566 1.49069 189.278
19.8 26.9726 4.71173 1.49802 189.262
19.9 27.0638 4.72787 1.50535 189.246
20 27.1545 4.74409 1.51267 189.23
20.1 27.2448 4.76039 1.51999 189.214
20.2 27.3346 4.77677 1.5273 189.197
20.3 27.4239 4.79322 1.53462 189.181
20.4 27.5127 4.80975 1.54192 189.164
20.5 27.601 4.82636 1.54923 189.148
20.6 27.6889 4.84305 1.55653 189.131
20.7 27.7763 4.85982 1.56383 189.114
20.8 27.8632 4.87666 1.57112 189.097
20.9 27.9496 4.89358 1.57841 189.08
21 28.0356 4.91058 1.58569 189.063
21.1 28.1211 4.92765 1.59298 189.046
21.2 28.2061 4.9448 1.60025 189.029
21.3 28.2906 4.96203 1.60753 189.012
21.4 28.3747 4.97934 1.6148 188.995
21.5 28.4583 4.99673 1.62206 188.977
21.6 28.5415 5.01419 1.62933 188.96
21.7 28.6242 5.03173 1.63658 188.942
21.8 28.7064 5.04934 1.64384 188.925
21.9 28.7882 5.06704 1.65109 188.907
22 28.8695 5.08481 1.65834 188.889
22.1 28.9503 5.10265 1.66558 188.871
22.2 29.0307 5.12058 1.67282 188.853
22.3 29.1106 5.13858 1.68005 188.835
22.4 29.1901 5.15666 1.68728 188.817
22.5 29.2691 5.17481 1.69451 188.799
22.6 29.3476 5.19304 1.70173 188.781
22.7001 29.4257 5.21135 1.70895 188.763
22.8001 29.5034 5.22973 1.71616 188.744
22.9001 29.5806 5.24819 1.72337 188.726
23.0001 29.6574 5.26673 1.73058 188.707
23.1001 29.7337 5.28534 1.73778 188.689
23.2001 29.8095 5.30403 1.74498 188.67
23.3001 29.8849 5.3228 1.75217 188.651
23.4001 29.9599 5.34164 1.75936 188.632
23.5001 30.0344 5.36056 1.76654 188.613
23.6001 30.1085 5.37955 1.77372 188.594
23.7001 30.1822 5.39862 1.7809 188.575
23.8001 30.2554 5.41777 1.78807 188.556
23.9001 30.3282 5.43699 1.79524 188.537
24.0001 30.4005 5.45629 1.8024 188.518
24.1001 30.4724 5.47567 1.80956 188.498
24.2001 30.5439 5.49512 1.81671 188.479
24.3001 30.615 5.51464 1.82386 188.459
24.4001 30.6856 5.53424 1.83101 188.44
24.5001 30.7558 5.55392 1.83815 188.42
24.6001 30.8255 5.57367 1.84529 188.4
24.7001 30.8949 5.5935 1.85242 188.38
24.8001 30.9638 5.6134 1.85955 188.361
24.9001 31.0323 5.63338 1.86667 188.341
25.0001 31.1003 5.65343 1.87379 188.321
25.1001 31.168 5.67356 1.8809 188.3
25.2001 31.2352 5.69376 1.88801 188.28
25.3001 31.302 5.71404 1.89512 188.26
25.4001 31.3684 5.7344 1.90222 188.24
25.5001 31.4344 5.75483 1.90932 188.219
25.6001 31.5 5.77533 1.91641 188.199
25.7001 31.5651 5.79591 1.92349 188.178
25.8001 31.6299 5.81656 1.93058 188.157
25.9001 31.6942 5.83729 1.93765 188.137
26.0001 31.7582 5.85809 1.94473 188.116
26.1001 31.8217 5.87897 1.95179 188.095
26.2001 31.8848 5.89992 1.95886 188.074
26.3001 31.9476 5.92095 1.96592 188.053
26.4001 32.0099 5.94205 1.97297 188.032
26.5001 32.0718 5.96322 1.98002 188.011
26.6001 32.1333 5.98447 1.98706 187.989
26.7001 32.1945 6.0058 1.9941 187.968
26.8001 32.2552 6.02719 2.00114 187.947
26.9001 32.3155 6.04866 2.00817 187.925
27.0001 32.3755 6.07021 2.01519 187.904
27.1001 32.435 6.09183 2.02221 187.882
27.2001 32.4942 6.11352 2.02922 187.86
27.3001 32.553 6.13529 2.03623 187.839
27.4001 32.6114 6.15713 2.04324 187.817
27.5001 32.6694 6.17905 2.05024 187.795
27.6001 32.727 6.20103 2.05724 187.773
27.7001 32.7842 6.22309 2.06423 187.751
27.8001 32.8411 6.24523 2.07121 187.729
27.9001 32.8976 6.26744 2.07819 187.707
28.0001 32.9537 6.28972 2.08517 187.684
28.1001 33.0094 6.31208 2.09213 187.662
28.2001 33.0647 6.3345 2.0991 187.639
28.3001 33.1197 6.35701 2.10606 187.617
28.4001 33.1743 6.37958 2.11301 187.594
28.5001 33.2285 6.40223 2.11996 187.572
28.6001 33.2824 6.42495 2.12691 187.549
28.7001 33.3359 6.44774 2.13385 187.526
28.8001 33.389 6.47061 2.14078 187.503
28.9001 33.4418 6.49355 2.14771 187.48
29.0001 33.4942 6.51656 2.15463 187.457
29.1001 33.5462 6.53964 2.16155 187.434
29.2001 33.5979 6.5628 2.16846 187.411
29.3001 33.6492 6.58603 2.17537 187.388
29.4001 33.7002 6.60933 2.18227 187.365
29.5001 33.7508 6.6327 2.18917 187.341
29.6001 33.801 6.65615 2.19606 187.318
29.7001 33.8509 6.67966 2.20295 187.294
29.8001 33.9004 6.70325 2.20983 187.271
29.9001 33.9496 6.72692 2.21671 187.247
30.0001 33.9985 6.75065 2.22358 187.223
30.1001 34.0469 6.77446 2.23044 187.2
30.2001 34.0951 6.79833 2.2373 187.176
30.3001 34.1429 6.82228 2.24415 187.152
30.4001 34.1903 6.8463 2.251 187.128
30.5001 34.2375 6.87039 2.25784 187.104
30.6001 34.2842 6.89456 2.26468 187.079
30.7001 34.3307 6.91879 2.27151 187.055
30.8001 34.3767 6.9431 2.27834 187.031
30.9001 34.4225 6.96748 2.28516 187.006
31.0001 34.4679 6.99193 2.29197 186.982
31.1001 34.513 7.01645 2.29878 186.958
31.2001 34.5578 7.04104 2.30559 186.933
31.3001 34.6022 7.0657 2.31239 186.908
31.4001 34.6463 7.09043 2.31918 186.884
31.5001 34.69 7.11524 2.32597 186.859
31.6001 34.7335 7.14011 2.33275 186.834
31.7001 34.7766 7.16506 2.33952 186.809
31.8001 34.8194 7.19007 2.34629 186.784
31.9001 34.8618 7.21516 2.35306 186.759
32.0001 34.904 7.24032 2.35981 186.734
32.1001 34.9458 7.26554 2.36657 186.708
32.2001 34.9873 7.29084 2.37331 186.683
32.3001 35.0284 7.31621 2.38005 186.658
32.4001 35.0693 7.34165 2.38679 186.632
32.5001 35.1098 7.36715 2.39352 186.607
32.6001 35.1501 7.39273 2.40024 186.581
32.7001 35.19 7.41838 2.40696 186.556
32.8001 35.2296 7.4441 2.41367 186.53
32.9001 35.2689 7.46988 2.42037 186.504
33.0001 35.3079 7.49574 2.42707 186.478
33.1001 35.3466 7.52166 2.43377 186.452
33.2001 35.385 7.54766 2.44045 186.426
33.3001 35.423 7.57373 2.44714 186.4
33.4001 35.4608 7.59986 2.45381 186.374
33.5001 35.4983 7.62606 2.46048 186.348
33.6001 35.5354 7.65234 2.46714 186.322
33.7001 35.5723 7.67868 2.4738 186.295
33.8001 35.6088 7.70509 2.48045 186.269
33.9001 35.6451 7.73157 2.4871 186.242
34.0001 35.6811 7.75812 2.49374 186.216
34.1001 35.7168 7.78474 2.50037 186.189
34.2001 35.7521 7.81142 2.507 186.163
34.3 35.7872 7.83818 2.51362 186.136
34.4 35.822 7.865 2.52023 186.109
34.5 35.8565 7.89189 2.52684 186.082
34.6 35.8908 7.91885 2.53344 186.055
34.7 35.9247 7.94588 2.54004 186.028
34.8 35.9583 7.97298 2.54663 186.001
34.9 35.9917 8.00014 2.55321 185.974
35 36.0248 8.02738 2.55979 185.947
35.1 36.0576 8.05468 2.56636 185.919
35.2 36.0901 8.08205 2.57292 185.892
35.3 36.1223 8.10948 2.57948 185.864
35.4 36.1543 8.13699 2.58603 185.837
35.5 36.186 8.16456 2.59258 185.809
35.6 36.2174 8.1922 2.59911 185.782
35.7 36.2485 8.21991 2.60565 185.754
35.8 36.2794 8.24768 2.61217 185.726
35.9 36.31 8.27552 2.61869 185.698
36 36.3403 8.30343 2.6252 185.671
36.1 36.3703 8.33141 2.63171 185.643
36.2 36.4001 8.35945 2.63821 185.615
36.3 36.4296 8.38756 2.6447 185.586
36.4 36.4588 8.41574 2.65119 185.558
36.5 36.4878 8.44398 2.65767 185.53
36.6 36.5165 8.47229 2.66414 185.502
36.7 36.5449 8.50067 2.67061 185.473
36.8 36.5731 8.52911 2.67707 185.445
36.9 36.601 8.55762 2.68353 185.416
37 36.6287 8.5862 2.68997 185.388
37.1 36.6561 8.61484 2.69641 185.359
37.2 36.6832 8.64355 2.70285 185.33
37.3 36.7101 8.67232 2.70928 185.302
37.4 36.7367 8.70116 2.7157 185.273
37.5 36.7631 8.73007 2.72211 185.244
37.6 36.7892 8.75904 2.72852 185.215
37.7 36.8151 8.78808 2.73492 185.186
37.8 36.8407 8.81719 2.74131 185.157
37.9 36.8661 8.84635 2.7477 185.128
38 36.8912 8.87559 2.75408 185.098
38.1 36.9161 8.90489 2.76045 185.069
38.2 36.9407 8.93426 2.76682 185.04
38.3 36.9651 8.96369 2.77317 185.01
38.4 36.9892 8.99318 2.77953 184.981
38.5 37.0131 9.02274 2.78587 184.951
38.6 37.0368 9.05237 2.79221 184.922
38.7 37.0602 9.08206 2.79854 184.892
38.8 37.0833 9.11181 2.80487 184.862
38.9 37.1063 9.14164 2.81118 184.832
39 37.129 9.17152 2.8175 184.802
39.1 37.1514 9.20147 2.8238 184.772
39.2 37.1736 9.23148 2.8301 184.742
39.3 37.1956 9.26156 2.83638 184.712
39.4 37.2174 9.2917 2.84267 184.682
39.5 37.2389 9.32191 2.84894 184.652
39.6 37.2602 9.35218 2.85521 184.622
39.7 37.2812 9.38251 2.86147 184.591
39.8 37.302 9.41291 2.86773 184.561
39.9 37.3226 9.44337 2.87397 184.531
40 37.343 9.4739 2.88021 184.5
40.1 37.3631 9.50449 2.88645 184.469
40.2 37.383 9.53514 2.89267 184.439
40.3 37.4027 9.56585 2.89889 184.408
40.4 37.4222 9.59663 2.9051 184.377
40.5 37.4414 9.62748 2.9113 184.346
40.6 37.4604 9.65838 2.9175 184.316
40.7 37.4792 9.68935 2.92369 184.285
40.7999 37.4978 9.72038 2.92987 184.254
40.8999 37.5161 9.75147 2.93604 184.222
40.9999 37.5343 9.78263 2.94221 184.191
41.0999 37.5522 9.81385 2.94837 184.16
41.1999 37.5699 9.84513 2.95452 184.129
41.2999 37.5874 9.87648 2.96067 184.097
41.3999 37.6047 9.90788 2.96681 184.066
41.4999 37.6217 9.93935 2.97294 184.035
41.5999 37.6386 9.97088 2.97906 184.003
41.6999 37.6552 10.0025 2.98517 183.971
41.7999 37.6716 10.0341 2.99128 183.94
41.8999 37.6878 10.0658 2.99738 183.908
41.9999 37.7039 10.0976 3.00347 183.876
42.0999 37.7197 10.1295 3.00956 183.844
42.1999 37.7352 10.1614 3.01564 183.813
42.2999 37.7506 10.1933 3.02171 183.781
42.3999 37.7658 10.2254 3.02777 183.749
42.4999 37.7808 10.2574 3.03382 183.717
42.5999 37.7956 10.2896 3.03987 183.684
42.6999 37.8101 10.3218 3.04591 183.652
42.7999 37.8245 10.3541 3.05194 183.62
42.8999 37.8387 10.3864 3.05797 183.588
42.9999 37.8526 10.4188 3.06398 183.555
43.0999 37.8664 10.4512 3.06999 183.523
43.1999 37.88 10.4838 3.07599 183.49
43.2999 37.8933 10.5163 3.08199 183.458
43.3999 37.9065 10.549 3.08797 183.425
43.4999 37.9195 10.5816 3.09395 183.392
43.5999 37.9323 10.6144 3.09992 183.36
43.6999 37.9449 10.6472 3.10588 183.327
43.7999 37.9572 10.6801 3.11184 183.294
43.8999 37.9695 10.713 3.11778 183.261
43.9999 37.9815 10.746 3.12372 183.228
44.0999 37.9933 10.7791 3.12965 183.195
44.1999 38.0049 10.8122 3.13558 183.162
44.2999 38.0164 10.8454 3.14149 183.129
44.3999 38.0276 10.8786 3.1474 183.095
44.4999 38.0387 10.9119 3.1533 183.062
44.5999 38.0496 10.9452 3.15919 183.029
44.6999 38.0603 10.9786 3.16507 182.995
44.7999 38.0708 11.0121 3.17095 182.962
44.8999 38.0811 11.0456 3.17681 182.928
44.9999 38.0912 11.0792 3.18267 182.895
45.0999 38.1012 11.1129 3.18852 182.861
45.1999 38.111 11.1466 3.19437 182.827
45.2999 38.1206 11.1803 3.2002 182.794
45.3999 38.13 11.2141 3.20603 182.76
45.4999 38.1392 11.248 3.21185 182.726
45.5999 38.1483 11.282 3.21766 182.692
45.6999 38.1572 11.3159 3.22346 182.658
45.7999 38.1659 11.35 3.22926 182.624
45.8999 38.1744 11.3841 3.23504 182.59
45.9999 38.1828 11.4183 3.24082 182.556
46.0999 38.191 11.4525 3.24659 182.521
46.1999 38.199 11.4868 3.25235 182.487
46.2999 38.2068 11.5211 3.2581 182.453
46.3999 38.2145 11.5555 3.26385 182.418
46.4999 38.2219 11.59 3.26959 182.384
46.5999 38.2293 11.6245 3.27531 182.349
46.6999 38.2364 11.6591 3.28103 182.315
46.7999 38.2434 11.6937 3.28675 182.28
46.8999 38.2502 11.7284 3.29245 182.246
46.9999 38.2568 11.7631 3.29814 182.211
47.0999 38.2633 11.7979 3.30383 182.176
47.1999 38.2696 11.8328 3.30951 182.141
47.2999 38.2757 11.8677 3.31518 182.106
47.3998 38.2817 11.9026 3.32084 182.071
47.4998 38.2875 11.9376 3.32649 182.036
47.5998 38.2932 11.9727 3.33214 182.001
47.6998 38.2987 12.0079 3.33777 181.966
47.7998 38.304 12.043 3.3434 181.931
47.8998 38.3091 12.0783 3.34902 181.896
47.9998 38.3141 12.1136 3.35463 181.86
48.0998 38.319 12.1489 3.36023 181.825
48.1998 38.3236 12.1844 3.36582 181.79
48.2998 38.3282 12.2198 3.37141 181.754
48.3998 38.3325 12.2553 3.37699 181.719
48.4998 38.3367 12.2909 3.38255 181.683
48.5998 38.3408 12.3266 3.38811 181.647
48.6998 38.3447 12.3622 3.39366 181.612
48.7998 38.3484 12.398 3.3992 181.576
48.8998 38.352 12.4338 3.40474 181.54
48.9998 38.3554 12.4696 3.41026 181.504
49.0998 38.3587 12.5055 3.41578 181.468
49.1998 38.3618 12.5415 3.42128 181.432
49.2998 38.3647 12.5775 3.42678 181.396
49.3998 38.3675 12.6136 3.43227 181.36
49.4998 38.3702 12.6497 3.43775 181.324
49.5998 38.3727 12.6859 3.44322 181.288
49.6998 38.3751 12.7221 3.44868 181.252
49.7998 38.3773 12.7584 3.45414 181.216
49.8998 38.3794 12.7947 3.45958 181.179
49.9998 38.3813 12.8311 3.46502 181.143
50.0998 38.383 12.8675 3.47045 181.106
50.1998 38.3847 12.904 3.47586 181.07
50.2998 38.3861 12.9406 3.48127 181.033
50.3998 38.3875 12.9772 3.48667 180.997
50.4998 38.3887 13.0139 3.49207 180.96
50.5998 38.3897 13.0506 3.49745 180.923
50.6998 38.3906 13.0873 3.50282 180.887
50.7998 38.3913 13.1241 3.50819 180.85
50.8998 38.392 13.161 3.51354 180.813
50.9998 38.3924 13.1979 3.51889 180.776
51.0998 38.3928 13.2349 3.52423 180.739
51.1998 38.3929 13.2719 3.52955 180.702
51.2998 38.393 13.309 3.53487 180.665
51.3998 38.3929 13.3461 3.54018 180.628
51.4998 38.3927 13.3833 3.54548 180.591
51.5998 38.3923 13.4205 3.55078 180.553
51.6998 38.3918 13.4578 3.55606 180.516
51.7998 38.3912 13.4951 3.56133 180.479
51.8998 38.3904 13.5325 3.5666 180.441
51.9998 38.3895 13.57 3.57185 180.404
52.0998 38.3884 13.6074 3.5771 180.367
52.1998 38.3872 13.645 3.58233 180.329
52.2998 38.3859 13.6826 3.58756 180.291
52.3998 38.3844 13.7202 3.59278 180.254
52.4998 38.3829 13.7579 3.59799 180.216
52.5998 38.3811 13.7956 3.60319 180.178
52.6998 38.3793 13.8334 3.60838 180.141
52.7998 38.3773 13.8713 3.61356 180.103
52.8998 38.3752 13.9092 3.61873 180.065
52.9998 38.3729 13.9471 3.62389 180.027
53.0998 38.3706 13.9851 3.62905 179.989
53.1998 38.3681 14.0231 3.63419 179.951
53.2998 38.3654 14.0612 3.63932 179.913
53.3998 38.3627 14.0994 3.64445 179.875
53.4998 38.3598 14.1375 3.64956 179.836
53.5998 38.3568 14.1758 3.65467 179.798
53.6998 38.3536 14.2141 3.65977 179.76
53.7998 38.3504 14.2524 3.66485 179.722
53.8997 38.347 14.2908 3.66993 179.683
53.9997 38.3434 14.3292 3.675 179.645
54.0997 38.3398 14.3677 3.68006 179.606
54.1997 38.336 14.4062 3.6851 179.568
54.2997 38.3321 14.4448 3.69014 179.529
54.3997 38.3281 14.4835 3.69517 179.491
54.4997 38.324 14.5221 3.70019 179.452
54.5997 38.3197 14.5609 3.7052 179.413
54.6997 38.3153 14.5996 3.7102 179.374
54.7997 38.3108 14.6385 3.71519 179.336
54.8997 38.3062 14.6773 3.72018 179.297
54.9997 38.3015 14.7162 3.72515 179.258
55.0997 38.2966 14.7552 3.73011 179.219
55.1997 38.2916 14.7942 3.73506 179.18
55.2997 38.2865 14.8333 3.74 179.141
55.3997 38.2813 14.8724 3.74494 179.102
55.4997 38.276 14.9115 3.74986 179.062
55.5997 38.2705 14.9507 3.75477 179.023
55.6997 38.2649 14.99 3.75967 178.984
55.7997 38.2593 15.0293 3.76457 178.945
55.8997 38.2535 15.0686 3.76945 178.905
55.9997 38.2475 15.108 3.77432 178.866
56.0997 38.2415 15.1474 3.77919 178.827
56.1997 38.2354 15.1869 3.78404 178.787
56.2997 38.2291 15.2265 3.78889 178.748
56.3997 38.2227 15.266 3.79372 178.708
56.4997 38.2162 15.3056 3.79855 178.668
56.5997 38.2096 15.3453 3.80336 178.629
56.6997 38.2029 15.385 3.80816 178.589
56.7997 38.1961 15.4248 3.81296 178.549
56.8997 38.1892 15.4646 3.81774 178.509
56.9997 38.1821 15.5044 3.82252 178.47
57.0997 38.175 15.5443 3.82728 178.43
57.1997 38.1677 15.5843 3.83204 178.39
57.2997 38.1603 15.6242 3.83678 178.35
57.3997 38.1528 15.6643 3.84151 178.31
57.4997 38.1452 15.7043 3.84624 178.27
57.5997 38.1375 15.7444 3.85095 178.23
57.6997 38.1297 15.7846 3.85566 178.189
57.7997 38.1218 15.8248 3.86035 178.149
57.8997 38.1138 15.8651 3.86503 178.109
57.9997 38.1057 15.9054 3.86971 178.069
58.0997 38.0974 15.9457 3.87437 178.028
58.1997 38.0891 15.9861 3.87902 177.988
58.2997 38.0806 16.0265 3.88366 177.947
58.3997 38.0721 16.067 3.8883 177.907
58.4997 38.0634 16.1075 3.89292 177.866
58.5997 38.0547 16.148 3.89753 177.826
58.6997 38.0458 16.1886 3.90213 177.785
58.7997 38.0369 16.2293 3.90672 177.745
58.8997 38.0278 16.27 3.91131 177.704
58.9997 38.0186 16.3107 3.91588 177.663
59.0997 38.0093 16.3515 3.92044 177.623
59.1997 38 16.3923 3.92499 177.582
59.2997 37.9905 16.4331 3.92953 177.541
59.3997 37.9809 16.474 3.93406 177.5
59.4997 37.9713 16.515 3.93857 177.459
59.5997 37.9615 16.5559 3.94308 177.418
59.6997 37.9516 16.597 3.94758 177.377
59.7997 37.9416 16.638 3.95207 177.336
59.8997 37.9316 16.6791 3.95655 177.295
59.9997 37.9214 16.7203 3.96101 177.254
60.0997 37.9111 16.7615 3.96547 177.212
60.1997 37.9008 16.8027 3.96991 177.171
60.2997 37.8903 16.844 3.97435 177.13
60.3997 37.8797 16.8853 3.97877 177.089
60.4996 37.8691 16.9266 3.98319 177.047
60.5996 37.8583 16.968 3.98759 177.006
60.6996 37.8475 17.0095 3.99198 176.964
60.7996 37.8365 17.051 3.99637 176.923
60.8996 37.8255 17.0925 4.00074 176.881
60.9996 37.8144 17.134 4.0051 176.84
61.0996 37.8032 17.1756 4.00945 176.798
61.1996 37.7918 17.2173 4.01379 176.757
61.2996 37.7804 17.2589 4.01812 176.715
61.3996 37.7689 17.3007 4.02244 176.673
61.4996 37.7573 17.3424 4.02674 176.632
61.5996 37.7456 17.3842 4.03104 176.59
61.6996 37.7338 17.4261 4.03533 176.548
61.7996 37.722 17.4679 4.0396 176.506
61.8996 37.71 17.5098 4.04387 176.464
61.9996 37.698 17.5518 4.04812 176.422
62.0996 37.6858 17.5938 4.05236 176.38
62.1996 37.6736 17.6358 4.05659 176.338
62.2996 37.6612 17.6779 4.06082 176.296
62.3996 37.6488 17.72 4.06503 176.254
62.4996 37.6363 17.7622 4.06923 176.212
62.5996 37.6237 17.8043 4.07341 176.17
62.6996 37.6111 17.8466 4.07759 176.127
62.7996 37.5983 17.8888 4.08176 176.085
62.8996 37.5854 17.9311 4.08591 176.043
62.9996 37.5725 17.9735 4.09006 176
63.0996 37.5595 18.0158 4.09419 175.958
63.1996 37.5463 18.0583 4.09832 175.916
63.2996 37.5331 18.1007 4.10243 175.873
63.3996 37.5198 18.1432 4.10653 175.831
63.4996 37.5065 18.1857 4.11062 175.788
63.5996 37.493 18.2283 4.1147 175.746
63.6996 37.4795 18.2709 4.11877 175.703
63.7996 37.4658 18.3135 4.12282 175.66
63.8996 37.4521 18.3562 4.12687 175.618
63.9996 37.4383 18.3989 4.1309 175.575
64.0996 37.4244 18.4416 4.13493 175.532
64.1996 37.4105 18.4844 4.13894 175.49
64.2996 37.3964 18.5272 4.14294 175.447
64.3996 37.3823 18.5701 4.14693 175.404
64.4996 37.3681 18.613 4.15091 175.361
64.5996 37.3538 18.6559 4.15488 175.318
64.6996 37.3394 18.6989 4.15884 175.275
64.7996 37.3249 18.7419 4.16278 175.232
64.8996 37.3104 18.7849 4.16672 175.189
64.9996 37.2958 18.828 4.17064 175.146
65.0996 37.2811 18.8711 4.17455 175.103
65.1996 37.2663 18.9142 4.17845 175.06
65.2996 37.2514 18.9574 4.18234 175.017
65.3996 37.2365 19.0006 4.18622 174.973
65.4996 37.2214 19.0438 4.19009 174.93
65.5996 37.2063 19.0871 4.19394 174.887
65.6996 37.1912 19.1304 4.19778 174.844
65.7996 37.1759 19.1737 4.20162 174.8
65.8996 37.1606 19.2171 4.20544 174.757
65.9996 37.1451 19.2605 4.20925 174.713
66.0996 37.1296 19.304 4.21305 174.67
66.1996 37.1141 19.3475 4.21683 174.626
66.2996 37.0984 19.391 4.22061 174.583
66.3996 37.0827 19.4345 4.22437 174.539
66.4996 37.0669 19.4781 4.22813 174.496
66.5996 37.051 19.5217 4.23187 174.452
66.6996 37.0351 19.5654 4.2356 174.409
66.7996 37.019 19.609 4.23932 174.365
66.8996 37.0029 19.6527 4.24302 174.321
66.9995 36.9868 19.6965 4.24672 174.277
67.0995 36.9705 19.7403 4.2504 174.234
67.1995 36.9542 19.7841 4.25407 174.19
67.2995 36.9378 19.8279 4.25773 174.146
67.3995 36.9213 19.8718 4.26138 174.102
67.4995 36.9047 19.9157 4.26502 174.058
67.5995 36.8881 19.9596 4.26865 174.014
67.6995 36.8714 20.0036 4.27226 173.97
67.7995 36.8546 20.0476 4.27586 173.926
67.8995 36.8378 20.0916 4.27945 173.882
67.9995 36.8209 20.1357 4.28303 173.838
68.0995 36.8039 20.1798 4.2866 173.794
68.1995 36.7868 20.2239 4.29015 173.75
68.2995 36.7697 20.268 4.2937 173.706
68.3995 36.7525 20.3122 4.29723 173.662
68.4995 36.7352 20.3564 4.30075 173.618
68.5995 36.7179 20.4007 4.30426 173.573
68.6995 36.7005 20.445 4.30776 173.529
68.7995 36.683 20.4893 4.31124 173.485
68.8995 36.6654 20.5336 4.31472 173.44
68.9995 36.6478 20.578 4.31818 173.396
69.0995 36.6301 20.6224 4.32163 173.352
69.1995 36.6124 20.6668 4.32506 173.307
69.2995 36.5945 20.7113 4.32849 173.263
69.3995 36.5766 20.7557 4.3319 173.218
69.4995 36.5587 20.8003 4.33531 173.174
69.5995 36.5406 20.8448 4.3387 173.129
69.6995 36.5225 20.8894 4.34208 173.085
69.7995 36.5044 20.934 4.34544 173.04
69.8995 36.4861 20.9786 4.3488 172.995
69.9995 36.4678 21.0233 4.35214 172.951
70.0995 36.4494 21.0679 4.35547 172.906
70.1995 36.431 21.1126 4.35879 172.861
70.2995 36.4125 21.1574 4.3621 172.817
70.3995 36.3939 21.2022 4.36539 172.772
70.4995 36.3753 21.247 4.36867 172.727
70.5995 36.3566 21.2918 4.37194 172.682
70.6995 36.3378 21.3366 4.3752 172.637
70.7995 36.319 21.3815 4.37845 172.592
70.8995 36.3001 21.4264 4.38168 172.548
70.9995 36.2811 21.4714 4.38491 172.503
71.0995 36.2621 21.5163 4.38812 172.458
71.1995 36.243 21.5613 4.39131 172.413
71.2995 36.2238 21.6063 4.3945 172.368
71.3995 36.2046 21.6514 4.39767 172.323
71.4995 36.1853 21.6964 4.40084 172.278
71.5995 36.166 21.7415 4.40398 172.232
71.6995 36.1465 21.7867 4.40712 172.187
71.7995 36.1271 21.8318 4.41025 172.142
71.8995 36.1075 21.877 4.41336 172.097
71.9995 36.0879 21.9222 4.41646 172.052
72.0995 36.0683 21.9674 4.41955 172.007
72.1995 36.0485 22.0126 4.42263 171.961
72.2995 36.0288 22.0579 4.42569 171.916
72.3995 36.0089 22.1032 4.42874 171.871
72.4995 35.989 22.1485 4.43178 171.825
72.5995 35.969 22.1939 4.43481 171.78
72.6995 35.949 22.2393 4.43782 171.735
72.7995 35.9289 22.2847 4.44082 171.689
72.8995 35.9088 22.3301 4.44381 171.644
72.9995 35.8885 22.3755 4.44679 171.598
73.0995 35.8683 22.421 4.44976 171.553
73.1995 35.8479 22.4665 4.45271 171.507
73.2995 35.8275 22.512 4.45565 171.462
73.3995 35.8071 22.5576 4.45858 171.416
73.4995 35.7866 22.6032 4.46149 171.371
73.5994 35.766 22.6487 4.4644 171.325
73.6994 35.7454 22.6944 4.46729 171.28
73.7994 35.7247 22.74 4.47017 171.234
73.8994 35.704 22.7857 4.47303 171.188
73.9994 35.6831 22.8313 4.47589 171.143
74.0994 35.6623 22.8771 4.47873 171.097
74.1994 35.6414 22.9228 4.48155 171.051
74.2994 35.6204 22.9685 4.48437 171.005
74.3994 35.5994 23.0143 4.48717 170.96
74.4994 35.5783 23.0601 4.48996 170.914
74.5994 35.5571 23.1059 4.49274 170.868
74.6994 35.5359 23.1518 4.49551 170.822
74.7994 35.5146 23.1976 4.49826 170.776
74.8994 35.4933 23.2435 4.501 170.73
74.9994 35.472 23.2894 4.50373 170.685
75.0994 35.4505 23.3354 4.50644 170.639
75.1994 35.429 23.3813 4.50915 170.593
75.2994 35.4075 23.4273 4.51184 170.547
75.3994 35.3859 23.4733 4.51451 170.501
75.4994 35.3642 23.5193 4.51718 170.455
75.5994 35.3425 23.5653 4.51983 170.409
75.6994 35.3208 23.6114 4.52247 170.363
75.7994 35.299 23.6575 4.52509 170.316
75.8994 35.2771 23.7036 4.52771 170.27
75.9994 35.2552 23.7497 4.53031 170.224
76.0994 35.2332 23.7958 4.5329 170.178
76.1994 35.2112 23.842 4.53547 170.132
76.2994 35.1891 23.8881 4.53803 170.086
76.3994 35.1669 23.9343 4.54058 170.04
76.4994 35.1447 23.9806 4.54312 169.993
76.5994 35.1225 24.0268 4.54564 169.947
76.6994 35.1002 24.073 4.54816 169.901
76.7994 35.0778 24.1193 4.55065 169.855
76.8994 35.0554 24.1656 4.55314 169.808
76.9994 35.033 24.2119 4.55561 169.762
77.0994 35.0105 24.2582 4.55807 169.716
77.1994 34.9879 24.3046 4.56052 169.669
77.2994 34.9653 24.351 4.56295 169.623
77.3994 34.9426 24.3973 4.56537 169.577
77.4994 34.9199 24.4437 4.56778 169.53
77.5994 34.8971 24.4902 4.57018 169.484
77.6994 34.8743 24.5366 4.57256 169.437
77.7994 34.8514 24.5831 4.57493 169.391
77.8994 34.8285 24.6295 4.57728 169.344
77.9994 34.8056 24.676 4.57963 169.298
78.0994 34.7825 24.7225 4.58196 169.251
78.1994 34.7595 24.7691 4.58427 169.205
78.2994 34.7363 24.8156 4.58658 169.158
78.3994 34.7132 24.8622 4.58887 169.112
78.4994 34.6899 24.9087 4.59115 169.065
78.5994 34.6667 24.9553 4.59341 169.019
78.6994 34.6434 25.0019 4.59567 168.972
78.7994 34.62 25.0486 4.5979 168.925
78.8994 34.5966 25.0952 4.60013 168.879
78.9994 34.5731 25.1419 4.60234 168.832
79.0994 34.5496 25.1885 4.60454 168.785
79.1994 34.526 25.2352 4.60673 168.739
79.2994 34.5024 25.2819 4.6089 168.692
79.3994 34.4787 25.3286 4.61106 168.645
79.4994 34.455 25.3754 4.61321 168.599
79.5994 34.4313 25.4221 4.61534 168.552
79.6994 34.4075 25.4689 4.61746 168.505
79.7994 34.3836 25.5157 4.61957 168.458
79.8994 34.3597 25.5625 4.62166 168.411
79.9994 34.3358 25.6093 4.62374 168.365
80.0993 34.3118 25.6561 4.62581 168.318
80.1993 34.2877 25.7029 4.62787 168.271
80.2993 34.2637 25.7498 4.62991 168.224
80.3993 34.2395 25.7967 4.63194 168.177
80.4993 34.2153 25.8435 4.63395 168.13
80.5993 34.1911 25.8904 4.63595 168.084
80.6993 34.1668 25.9373 4.63794 168.037
80.7993 34.1425 25.9843 4.63991 167.99
80.8993 34.1182 26.0312 4.64187 167.943
80.9993 34.0937 26.0781 4.64382 167.896
81.0993 34.0693 26.1251 4.64576 167.849
81.1993 34.0448 26.1721 4.64768 167.802
81.2993 34.0202 26.2191 4.64959 167.755
81.3993 33.9956 26.2661 4.65148 167.708
81.4993 33.971 26.3131 4.65336 167.661
81.5993 33.9463 26.3601 4.65523 167.614
81.6993 33.9216 26.4071 4.65708 167.567
81.7993 33.8968 26.4542 4.65892 167.52
81.8993 33.872 26.5012 4.66075 167.473
81.9993 33.8472 26.5483 4.66257 167.426
82.0993 33.8223 26.5954 4.66437 167.379
82.1993 33.7973 26.6425 4.66615 167.331
82.2993 33.7723 26.6896 4.66793 167.284
82.3993 33.7473 26.7367 4.66969 167.237
82.4993 33.7222 26.7838 4.67143 167.19
82.5993 33.6971 26.831 4.67317 167.143
82.6993 33.6719 26.8781 4.67489 167.096
82.7993 33.6467 26.9253 4.67659 167.049
82.8993 33.6215 26.9724 4.67828 167.002
82.9993 33.5962 27.0196 4.67996 166.954
83.0993 33.5708 27.0668 4.68163 166.907
83.1993 33.5455 27.114 4.68328 166.86
83.2993 33.52 27.1612 4.68492 166.813
83.3993 33.4946 27.2084 4.68654 166.766
83.4993 33.4691 27.2556 4.68815 166.718
83.5993 33.4435 27.3029 4.68975 166.671
83.6993 33.4179 27.3501 4.69133 166.624
83.7993 33.3923 27.3974 4.6929 166.577
83.8993 33.3666 27.4447 4.69446 166.529
83.9993 33.3409 27.4919 4.696 166.482
84.0993 33.3152 27.5392 4.69753 166.435
84.1993 33.2894 27.5865 4.69905 166.387
84.2993 33.2636 27.6338 4.70055 166.34
84.3993 33.2377 27.6811 4.70203 166.293
84.4993 33.2118 27.7284 4.70351 166.246
84.5993 33.1858 27.7757 4.70497 166.198
84.6993 33.1598 27.8231 4.70642 166.151
84.7993 33.1338 27.8704 4.70785 166.104
84.8993 33.1077 27.9178 4.70927 166.056
84.9993 33.0816 27.9651 4.71067 166.009
85.0993 33.0554 28.0125 4.71206 165.961
85.1993 33.0292 28.0598 4.71344 165.914
85.2993 33.003 28.1072 4.71481 165.867
85.3993 32.9767 28.1546 4.71616 165.819
85.4993 32.9504 28.202 4.71749 165.772
85.5993 32.924 28.2494 4.71882 165.725
85.6993 32.8976 28.2968 4.72012 165.677
85.7993 32.8712 28.3442 4.72142 165.63
85.8993 32.8447 28.3916 4.7227 165.582
85.9993 32.8182 28.439 4.72397 165.535
86.0993 32.7917 28.4865 4.72522 165.488
86.1993 32.7651 28.5339 4.72646 165.44
86.2993 32.7385 28.5813 4.72768 165.393
86.3993 32.7118 28.6288 4.7289 165.345
86.4993 32.6851 28.6762 4.73009 165.298
86.5993 32.6584 28.7237 4.73128 165.25
86.6992 32.6316 28.7711 4.73245 165.203
86.7992 32.6048 28.8186 4.7336 165.155
86.8992 32.5779 28.8661 4.73474 165.108
86.9992 32.551 28.9135 4.73587 165.06
87.0992 32.5241 28.961 4.73699 165.013
87.1992 32.4971 29.0085 4.73809 164.965
87.2992 32.4701 29.056 4.73917 164.918
87.3992 32.4431 29.1034 4.74024 164.871
87.4992 32.416 29.1509 4.7413 164.823
87.5992 32.3889 29.1984 4.74235 164.776
87.6992 32.3618 29.2459 4.74338 164.728
87.7992 32.3346 29.2934 4.74439 164.681
87.8992 32.3074 29.3409 4.74539 164.633
87.9992 32.2801 29.3884 4.74638 164.586
88.0992 32.2528 29.436 4.74735 164.538
88.1992 32.2255 29.4835 4.74831 164.49
88.2992 32.1981 29.531 4.74926 164.443
88.3992 32.1707 29.5785 4.75019 164.395
88.4992 32.1433 29.626 4.75111 164.348
88.5992 32.1158 29.6736 4.75201 164.3
88.6992 32.0883 29.7211 4.7529 164.253
88.7992 32.0608 29.7686 4.75378 164.205
88.8992 32.0332 29.8161 4.75464 164.158
88.9992 32.0056 29.8637 4.75548 164.11
89.0992 31.9779 29.9112 4.75632 164.063
89.1992 31.9502 29.9587 4.75713 164.015
89.2992 31.9225 30.0063 4.75794 163.968
89.3992 31.8948 30.0538 4.75873 163.92
89.4992 31.867 30.1013 4.7595 163.873
89.5992 31.8391 30.1489 4.76027 163.825
89.6992 31.8113 30.1964 4.76101 163.778
89.7992 31.7834 30.2439 4.76175 163.73
89.8992 31.7555 30.2915 4.76247 163.682
89.9992 31.7275 30.339 4.76317 163.635
90.0992 31.6995 30.3866 4.76386 163.587
90.1992 31.6715 30.4341 4.76454 163.54
90.2992 31.6434 30.4816 4.7652 163.492
90.3992 31.6153 30.5292 4.76585 163.445
90.4992 31.5872 30.5767 4.76648 163.397
90.5992 31.5591 30.6243 4.7671 163.35
90.6992 31.5309 30.6718 4.7677 163.302
90.7992 31.5026 30.7193 4.76829 163.255
90.8992 31.4744 30.7669 4.76887 163.207
90.9992 31.4461 30.8144 4.76943 163.16
91.0992 31.4178 30.8619 4.76998 163.112
91.1992 31.3894 30.9094 4.77051 163.065
91.2992 31.361 30.957 4.77103 163.017
91.3992 31.3326 31.0045 4.77154 162.969
91.4992 31.3041 31.052 4.77203 162.922
91.5992 31.2757 31.0995 4.7725 162.874
91.6992 31.2471 31.1471 4.77297 162.827
91.7992 31.2186 31.1946 4.77341 162.779
91.8992 31.19 31.2421 4.77385 162.732
91.9992 31.1614 31.2896 4.77426 162.684
92.0992 31.1327 31.3371 4.77467 162.637
92.1992 31.1041 31.3846 4.77506 162.589
92.2992 31.0753 31.4321 4.77543 162.542
92.3992 31.0466 31.4796 4.77579 162.494
92.4992 31.0178 31.5271 4.77614 162.447
92.5992 30.989 31.5746 4.77647 162.399
92.6992 30.9602 31.6221 4.77679 162.352
92.7992 30.9313 31.6696 4.77709 162.304
92.8992 30.9024 31.7171 4.77738 162.257
92.9992 30.8735 31.7645 4.77766 162.209
93.0992 30.8445 31.812 4.77792 162.162
93.1992 30.8155 31.8595 4.77816 162.114
93.2991 30.7865 31.9069 4.77839 162.067
93.3991 30.7575 31.9544 4.77861 162.02
93.4991 30.7284 32.0018 4.77881 161.972
93.5991 30.6993 32.0493 4.779 161.925
93.6991 30.6701 32.0967 4.77917 161.877
93.7991 30.641 32.1442 4.77933 161.83
93.8991 30.6117 32.1916 4.77947 161.782
93.9991 30.5825 32.239 4.7796 161.735
94.0991 30.5533 32.2864 4.77971 161.688
94.1991 30.524 32.3339 4.77981 161.64
94.2991 30.4946 32.3813 4.7799 161.593
94.3991 30.4653 32.4287 4.77997 161.545
94.4991 30.4359 32.4761 4.78003 161.498
94.5991 30.4065 32.5235 4.78007 161.451
94.6991 30.3771 32.5708 4.7801 161.403
94.7991 30.3476 32.6182 4.78011 161.356
94.8991 30.3181 32.6656 4.78011 161.308
94.9991 30.2886 32.7129 4.78009 161.261
95.0991 30.259 32.7603 4.78006 161.214
95.1991 30.2294 32.8076 4.78001 161.166
95.2991 30.1998 32.855 4.77995 161.119
95.3991 30.1702 32.9023 4.77988 161.072
95.4991 30.1405 32.9496 4.77979 161.024
95.5991 30.1108 32.9969 4.77968 160.977
95.6991 30.0811 33.0443 4.77956 160.93
95.7991 30.0513 33.0916 4.77943 160.882
95.8991 30.0215 33.1388 4.77928 160.835
95.9991 29.9917 33.1861 4.77912 160.788
96.0991 29.9619 33.2334 4.77894 160.741
96.1991 29.932 33.2807 4.77875 160.693
96.2991 29.9021 33.3279 4.77854 160.646
96.3991 29.8722 33.3752 4.77832 160.599
96.4991 29.8422 33.4224 4.77808 160.552
96.5991 29.8122 33.4696 4.77783 160.504
96.6991 29.7822 33.5169 4.77757 160.457
96.7991 29.7522 33.5641 4.77729 160.41
96.8991 29.7221 33.6113 4.77699 160.363
96.9991 29.692 33.6585 4.77668 160.316
97.0991 29.6619 33.7056 4.77636 160.268
97.1991 29.6318 33.7528 4.77602 160.221
97.2991 29.6016 33.8 4.77566 160.174
97.3991 29.5714 33.8471 4.7753 160.127
97.4991 29.5412 33.8942 4.77491 160.08
97.5991 29.5109 33.9414 4.77451 160.033
97.6991 29.4807 33.9885 4.7741 159.985
97.7991 29.4504 34.0356 4.77367 159.938
97.8991 29.42 34.0827 4.77323 159.891
97.9991 29.3897 34.1298 4.77277 159.844
98.0991 29.3593 34.1768 4.7723 159.797
98.1991 29.3289 34.2239 4.77181 159.75
98.2991 29.2984 34.2709 4.77131 159.703
98.3991 29.268 34.318 4.77079 159.656
98.4991 29.2375 34.365 4.77026 159.609
98.5991 29.207 34.412 4.76972 159.562
98.6991 29.1764 34.459 4.76916 159.515
98.7991 29.1459 34.506 4.76858 159.468
98.8991 29.1153 34.553 4.76799 159.421
98.9991 29.0846 34.5999 4.76738 159.374
99.0991 29.054 34.6469 4.76676 159.327
99.1991 29.0233 34.6938 4.76613 159.28
99.2991 28.9926 34.7407 4.76548 159.233
99.3991 28.9619 34.7876 4.76481 159.186
99.4991 28.9312 34.8345 4.76413 159.139
99.5991 28.9004 34.8814 4.76344 159.093
99.6991 28.8696 34.9283 4.76273 159.046
99.799 28.8388 34.9751 4.76201 158.999
99.899 28.8079 35.022 4.76127 158.952
99.999 28.7771 35.0688 4.76051 158.905
100.099 28.7462 35.1156 4.75974 158.858
100.199 28.7153 35.1624 4.75896 158.812
100.299 28.6843 35.2092 4.75816 158.765
100.399 28.6533 35.2559 4.75735 158.718
100.499 28.6223 35.3027 4.75652 158.671
100.599 28.5913 35.3494 4.75568 158.625
100.699 28.5603 35.3961 4.75482 158.578
100.799 28.5292 35.4428 4.75395 158.531
100.899 28.4981 35.4895 4.75306 158.484
100.999 28.467 35.5362 4.75215 158.438
101.099 28.4359 35.5829 4.75124 158.391
101.199 28.4047 35.6295 4.7503 158.344
101.299 28.3735 35.6761 4.74936 158.298
101.399 28.3423 35.7227 4.74839 158.251
101.499 28.3111 35.7693 4.74742 158.205
101.599 28.2798 35.8159 4.74642 158.158
101.699 28.2485 35.8625 4.74542 158.111
101.799 28.2172 35.909 4.74439 158.065
101.899 28.1859 35.9555 4.74336 158.018
101.999 28.1545 36.002 4.74231 157.972
102.099 28.1232 36.0485 4.74124 157.925
102.199 28.0918 36.095 4.74016 157.879
102.299 28.0603 36.1415 4.73906 157.832
102.399 28.0289 36.1879 4.73795 157.786
102.499 27.9974 36.2343 4.73682 157.74
102.599 27.9659 36.2807 4.73568 157.693
102.699 27.9344 36.3271 4.73452 157.647
102.799 27.9029 36.3735 4.73335 157.6
102.899 27.8713 36.4198 4.73216 157.554
102.999 27.8397 36.4662 4.73096 157.508
103.099 27.8081 36.5125 4.72974 157.461
103.199 27.7765 36.5588 4.72851 157.415
103.299 27.7449 36.605 4.72727 157.369
103.399 27.7132 36.6513 4.726 157.323
103.499 27.6815 36.6975 4.72473 157.276
103.599 27.6498 36.7437 4.72343 157.23
103.699 27.618 36.7899 4.72213 157.184
103.799 27.5863 36.8361 4.72081 157.138
103.899 27.5545 36.8823 4.71947 157.092
103.999 27.5227 36.9284 4.71812 157.046
104.099 27.4908 36.9745 4.71675 156.999
104.199 27.459 37.0206 4.71537 156.953
104.299 27.4271 37.0667 4.71397 156.907
104.399 27.3952 37.1127 4.71256 156.861
104.499 27.3633 37.1588 4.71113 156.815
104.599 27.3314 37.2048 4.70969 156.769
104.699 27.2994 37.2508 4.70824 156.723
104.799 27.2674 37.2968 4.70676 156.677
104.899 27.2354 37.3427 4.70528 156.631
104.999 27.2034 37.3886 4.70377 156.585
105.099 27.1714 37.4345 4.70226 156.539
105.199 27.1393 37.4804 4.70073 156.494
105.299 27.1072 37.5263 4.69918 156.448
105.399 27.0751 37.5721 4.69762 156.402
105.499 27.043 37.618 4.69604 156.356
105.599 27.0108 37.6638 4.69445 156.31
105.699 26.9786 37.7095 4.69284 156.264
105.799 26.9464 37.7553 4.69122 156.219
105.899 26.9142 37.801 4.68958 156.173
105.999 26.882 37.8467 4.68793 156.127
106.099 26.8497 37.8924 4.68626 156.082
106.199 26.8175 37.9381 4.68458 156.036
106.299 26.7852 37.9837 4.68288 155.99
106.399 26.7529 38.0293 4.68117 155.945
106.499 26.7205 38.0749 4.67944 155.899
106.599 26.6882 38.1205 4.6777 155.853
106.699 26.6558 38.166 4.67594 155.808
106.799 26.6234 38.2116 4.67417 155.762
106.899 26.591 38.2571 4.67238 155.717
106.999 26.5585 38.3025 4.67058 155.671
107.099 26.5261 38.348 4.66876 155.626
107.199 26.4936 38.3934 4.66693 155.581
107.299 26.4611 38.4388 4.66508 155.535
107.399 26.4286 38.4842 4.66322 155.49
107.499 26.396 38.5295 4.66134 155.444
107.599 26.3635 38.5749 4.65945 155.399
107.699 26.3309 38.6202 4.65754 155.354
107.799 26.2983 38.6654 4.65561 155.309
107.899 26.2657 38.7107 4.65368 155.263
107.999 26.233 38.7559 4.65172 155.218
108.099 26.2004 38.8011 4.64975 155.173
108.199 26.1677 38.8463 4.64777 155.128
108.299 26.135 38.8914 4.64577 155.083
108.399 26.1023 38.9366 4.64376 155.037
108.499 26.0696 38.9817 4.64173 154.992
108.599 26.0368 39.0267 4.63969 154.947
108.699 26.004 39.0718 4.63763 154.902
108.799 25.9712 39.1168 4.63555 154.857
108.899 25.9384 39.1618 4.63347 154.812
108.999 25.9056 39.2067 4.63136 154.767
109.099 25.8727 39.2517 4.62924 154.722
109.199 25.8399 39.2966 4.62711 154.677
109.299 25.807 39.3415 4.62496 154.633
109.399 25.7741 39.3863 4.6228 154.588
109.499 25.7412 39.4311 4.62062 154.543
109.599 25.7082 39.4759 4.61842 154.498
109.699 25.6753 39.5207 4.61621 154.453
109.799 25.6423 39.5654 4.61399 154.409
109.899 25.6093 39.6102 4.61175 154.364
109.999 25.5763 39.6548 4.60949 154.319
110.099 25.5432 39.6995 4.60722 154.274
110.199 25.5102 39.7441 4.60494 154.23
110.299 25.4771 39.7887 4.60264 154.185
110.399 25.444 39.8333 4.60033 154.141
110.499 25.4109 39.8779 4.598 154.096
110.599 25.3778 39.9224 4.59565 154.052
110.699 25.3446 39.9668 4.59329 154.007
110.799 25.3115 40.0113 4.59092 153.963
110.899 25.2783 40.0557 4.58853 153.918
110.999 25.2451 40.1001 4.58612 153.874
111.099 25.2119 40.1445 4.5837 153.829
111.199 25.1786 40.1888 4.58127 153.785
111.299 25.1454 40.2331 4.57882 153.741
111.399 25.1121 40.2774 4.57635 153.697
111.499 25.0788 40.3217 4.57387 153.652
111.599 25.0455 40.3659 4.57138 153.608
111.699 25.0122 40.4101 4.56887 153.564
111.799 24.9789 40.4542 4.56634 153.52
111.899 24.9455 40.4983 4.5638 153.476
111.999 24.9121 40.5424 4.56125 153.432
112.099 24.8787 40.5865 4.55867 153.387
112.199 24.8453 40.6305 4.55609 153.343
112.299 24.8119 40.6745 4.55349 153.299
112.399 24.7785 40.7185 4.55087 153.255
112.499 24.745 40.7624 4.54824 153.212
112.599 24.7115 40.8063 4.5456 153.168
112.699 24.678 40.8502 4.54294 153.124
112.799 24.6445 40.894 4.54026 153.08
112.899 24.611 40.9379 4.53757 153.036
112.999 24.5774 40.9816 4.53487 152.992
113.099 24.5439 41.0254 4.53215 152.949
113.199 24.5103 41.0691 4.52941 152.905
113.299 24.4767 41.1128 4.52666 152.861
113.399 24.4431 41.1564 4.52389 152.818
113.499 24.4095 41.2 4.52111 152.774
113.599 24.3758 41.2436 4.51832 152.73
113.699 24.3422 41.2871 4.51551 152.687
113.799 24.3085 41.3307 4.51268 152.643
113.899 24.2748 41.3741 4.50984 152.6
113.999 24.2411 41.4176 4.50699 152.556
114.099 24.2073 41.461 4.50412 152.513
114.199 24.1736 41.5044 4.50123 152.47
114.299 24.1398 41.5477 4.49833 152.426
114.399 24.1061 41.591 4.49541 152.383
114.499 24.0723 41.6343 4.49248 152.34
114.599 24.0385 41.6775 4.48954 152.296
114.699 24.0046 41.7208 4.48658 152.253
114.799 23.9708 41.7639 4.4836 152.21
114.899 23.9369 41.8071 4.48061 152.167
114.999 23.9031 41.8502 4.47761 152.124
115.099 23.8692 41.8932 4.47459 152.081
115.199 23.8353 41.9363 4.47155 152.038
115.299 23.8013 41.9793 4.4685 151.995
115.399 23.7674 42.0222 4.46544 151.952
115.499 23.7335 42.0651 4.46236 151.909
115.599 23.6995 42.108 4.45926 151.866
115.699 23.6655 42.1509 4.45615 151.823
115.799 23.6315 42.1937 4.45303 151.78
115.899 23.5975 42.2365 4.44989 151.737
115.999 23.5635 42.2792 4.44674 151.695
116.099 23.5294 42.3219 4.44357 151.652
116.199 23.4954 42.3646 4.44038 151.609
116.299 23.4613 42.4073 4.43718 151.567
116.399 23.4272 42.4499 4.43397 151.524
116.499 23.3931 42.4924 4.43074 151.482
116.599 23.359 42.5349 4.4275 151.439
116.699 23.3248 42.5774 4.42424 151.397
116.799 23.2907 42.6199 4.42097 151.354
116.899 23.2565 42.6623 4.41768 151.312
116.999 23.2223 42.7047 4.41437 151.269
117.099 23.1881 42.747 4.41106 151.227
117.199 23.1539 42.7893 4.40772 151.185
117.299 23.1197 42.8316 4.40438 151.142
117.399 23.0854 42.8738 4.40101 151.1
117.499 23.0512 42.916 4.39764 151.058
117.599 23.0169 42.9581 4.39424 151.016
117.699 22.9826 43.0002 4.39084 150.974
117.799 22.9483 43.0423 4.38741 150.932
117.899 22.914 43.0844 4.38398 150.89
117.999 22.8797 43.1263 4.38053 150.848
118.099 22.8453 43.1683 4.37706 150.806
118.199 22.811 43.2102 4.37358 150.764
118.299 22.7766 43.2521 4.37008 150.722
118.399 22.7422 43.2939 4.36657 150.68
118.499 22.7078 43.3357 4.36305 150.638
118.599 22.6734 43.3775 4.35951 150.596
118.699 22.639 43.4192 4.35595 150.555
118.799 22.6045 43.4609 4.35238 150.513
118.899 22.5701 43.5025 4.3488 150.471
118.999 22.5356 43.5441 4.3452 150.43
119.099 22.5011 43.5857 4.34158 150.388
119.199 22.4666 43.6272 4.33796 150.347
119.299 22.4321 43.6687 4.33431 150.305
119.399 22.3976 43.7101 4.33065 150.264
119.499 22.363 43.7515 4.32698 150.222
119.599 22.3285 43.7929 4.32329 150.181
119.699 22.2939 43.8342 4.31959 150.14
119.799 22.2593 43.8755 4.31587 150.099
119.899 22.2247 43.9167 4.31214 150.057
119.999 22.1901 43.9579 4.30839 150.016
120.099 22.1555 43.999 4.30463 149.975
120.199 22.1208 44.0401 4.30086 149.934
120.299 22.0862 44.0812 4.29707 149.893
120.399 22.0515 44.1222 4.29326 149.852
120.499 22.0168 44.1632 4.28944 149.811
120.599 21.9821 44.2041 4.28561 149.77
120.699 21.9474 44.245 4.28176 149.729
120.799 21.9127 44.2859 4.27789 149.688
120.899 21.878 44.3267 4.27402 149.647
120.999 21.8432 44.3675 4.27012 149.606
121.099 21.8085 44.4082 4.26622 149.566
121.199 21.7737 44.4489 4.26229 149.525
121.299 21.7389 44.4895 4.25836 149.484
121.399 21.7041 44.5301 4.2544 149.444
121.499 21.6693 44.5707 4.25044 149.403
121.599 21.6345 44.6112 4.24646 149.363
121.699 21.5996 44.6517 4.24246 149.322
121.799 21.5648 44.6921 4.23845 149.282
121.899 21.5299 44.7325 4.23443 149.241
121.999 21.495 44.7728 4.23039 149.201
122.099 21.4602 44.8131 4.22634 149.161
122.199 21.4252 44.8534 4.22227 149.121
122.299 21.3903 44.8936 4.21819 149.08
122.399 21.3554 44.9337 4.21409 149.04
122.499 21.3205 44.9738 4.20998 149
122.599 21.2855 45.0139 4.20585 148.96
122.699 21.2505 45.0539 4.20171 148.92
122.799 21.2156 45.0939 4.19756 148.88
122.899 21.1806 45.1339 4.19339 148.84
122.999 21.1456 45.1738 4.1892 148.8
123.099 21.1105 45.2136 4.185 148.76
123.199 21.0755 45.2534 4.18079 148.721
123.299 21.0405 45.2932 4.17656 148.681
123.399 21.0054 45.3329 4.17232 148.641
123.499 20.9703 45.3725 4.16807 148.601
123.599 20.9353 45.4122 4.1638 148.562
123.699 20.9002 45.4517 4.15951 148.522
123.799 20.8651 45.4913 4.15521 148.483
123.899 20.8299 45.5307 4.1509 148.443
123.999 20.7948 45.5702 4.14657 148.404
124.099 20.7597 45.6096 4.14223 148.364
124.199 20.7245 45.6489 4.13787 148.325
124.299 20.6894 45.6882 4.1335 148.286
124.399 20.6542 45.7274 4.12911 148.247
124.499 20.619 45.7666 4.12471 148.207
124.599 20.5838 45.8058 4.1203 148.168
124.699 20.5486 45.8449 4.11587 148.129
124.799 20.5133 45.884 4.11143 148.09
124.899 20.4781 45.923 4.10697 148.051
124.999 20.4429 45.9619 4.1025 148.012
125.099 20.4076 46.0009 4.09802 147.973
125.199 20.3723 46.0397 4.09352 147.934
125.299 20.337 46.0786 4.089 147.895
125.399 20.3017 46.1173 4.08447 147.857
125.499 20.2664 46.1561 4.07993 147.818
125.599 20.2311 46.1947 4.07537 147.779
125.699 20.1958 46.2334 4.0708 147.741
125.799 20.1604 46.2719 4.06622 147.702
125.899 20.1251 46.3105 4.06162 147.663
125.999 20.0897 46.349 4.057 147.625
126.099 20.0543 46.3874 4.05238 147.587
126.199 20.019 46.4258 4.04773 147.548
126.299 19.9836 46.4641 4.04308 147.51
126.399 19.9481 46.5024 4.03841 147.472
126.499 19.9127 46.5407 4.03372 147.433
126.599 19.8773 46.5788 4.02903 147.395
126.699 19.8418 46.617 4.02431 147.357
126.799 19.8064 46.6551 4.01959 147.319
126.899 19.7709 46.6931 4.01485 147.281
126.999 19.7354 46.7311 4.01009 147.243
127.099 19.6999 46.7691 4.00532 147.205
127.199 19.6644 46.8069 4.00054 147.167
127.299 19.6289 46.8448 3.99574 147.129
127.399 19.5934 46.8826 3.99093 147.091
127.499 19.5579 46.9203 3.98611 147.054
127.599 19.5223 46.958 3.98127 147.016
127.699 19.4868 46.9956 3.97642 146.978
127.799 19.4512 47.0332 3.97155 146.941
127.899 19.4156 47.0708 3.96667 146.903
127.999 19.38 47.1083 3.96177 146.866
128.099 19.3444 47.1457 3.95686 146.828
128.199 19.3088 47.1831 3.95194 146.791
128.299 19.2732 47.2204 3.947 146.754
128.399 19.2376 47.2577 3.94205 146.716
128.499 19.2019 47.2949 3.93709 146.679
128.599 19.1663 47.3321 3.93211 146.642
128.699 19.1306 47.3693 3.92712 146.605
128.799 19.0949 47.4063 3.92211 146.568
128.899 19.0592 47.4434 3.91709 146.531
128.999 19.0235 47.4803 3.91206 146.494
129.099 18.9878 47.5173 3.90701 146.457
129.199 18.9521 47.5541 3.90195 146.42
129.299 18.9164 47.5909 3.89687 146.383
129.399 18.8806 47.6277 3.89178 146.346
129.499 18.8449 47.6644 3.88668 146.31
129.599 18.8091 47.7011 3.88156 146.273
129.699 18.7734 47.7377 3.87643 146.236
129.799 18.7376 47.7742 3.87129 146.2
129.899 18.7018 47.8107 3.86613 146.163
129.999 18.666 47.8472 3.86096 146.127
130.099 18.6302 47.8836 3.85577 146.09
130.199 18.5944 47.9199 3.85057 146.054
130.299 18.5585 47.9562 3.84536 146.018
130.399 18.5227 47.9924 3.84013 145.982
130.499 18.4868 48.0286 3.83489 145.945
130.599 18.451 48.0647 3.82964 145.909
130.699 18.4151 48.1008 3.82437 145.873
130.799 18.3792 48.1368 3.81909 145.837
130.899 18.3433 48.1728 3.81379 145.801
130.999 18.3074 48.2087 3.80849 145.765
131.099 18.2715 48.2445 3.80316 145.729
131.199 18.2356 48.2803 3.79783 145.694
131.299 18.1997 48.3161 3.79248 145.658
131.399 18.1637 48.3518 3.78712 145.622
131.499 18.1278 48.3874 3.78174 145.587
131.599 18.0918 48.423 3.77635 145.551
131.699 18.0558 48.4585 3.77095 145.515
131.799 18.0199 48.494 3.76553 145.48
131.899 17.9839 48.5294 3.7601 145.445
131.999 17.9479 48.5648 3.75466 145.409
132.099 17.9119 48.6001 3.7492 145.374
132.199 17.8759 48.6353 3.74373 145.339
132.299 17.8398 48.6705 3.73825 145.303
132.399 17.8038 48.7056 3.73275 145.268
132.499 17.7677 48.7407 3.72724 145.233
132.599 17.7317 48.7757 3.72172 145.198
132.699 17.6956 48.8107 3.71618 145.163
132.799 17.6595 48.8456 3.71063 145.128
132.899 17.6235 48.8805 3.70507 145.093
132.999 17.5874 48.9153 3.69949 145.059
133.099 17.5513 48.95 3.6939 145.024
133.199 17.5152 48.9847 3.6883 144.989
133.299 17.479 49.0193 3.68268 144.955
133.399 17.4429 49.0539 3.67705 144.92
133.499 17.4068 49.0884 3.67141 144.886
133.599 17.3706 49.1229 3.66576 144.851
133.699 17.3345 49.1573 3.66009 144.817
133.799 17.2983 49.1916 3.6544 144.782
133.899 17.2621 49.2259 3.64871 144.748
133.999 17.2259 49.2601 3.643 144.714
134.099 17.1898 49.2943 3.63728 144.68
134.199 17.1535 49.3284 3.63154 144.646
134.299 17.1173 49.3625 3.62579 144.611
134.399 17.0811 49.3965 3.62003 144.577
134.499 17.0449 49.4304 3.61426 144.544
134.599 17.0087 49.4643 3.60847 144.51
134.699 16.9724 49.4981 3.60267 144.476
134.799 16.9362 49.5319 3.59686 144.442
134.899 16.8999 49.5656 3.59103 144.408
134.999 16.8636 49.5992 3.58519 144.375
135.099 16.8273 49.6328 3.57934 144.341
135.199 16.791 49.6664 3.57348 144.308
135.299 16.7547 49.6998 3.5676 144.274
135.399 16.7184 49.7332 3.56171 144.241
135.499 16.6821 49.7666 3.5558 144.207
135.599 16.6458 49.7999 3.54989 144.174
135.699 16.6095 49.8331 3.54396 144.141
135.799 16.5731 49.8663 3.53802 144.108
135.899 16.5368 49.8994 3.53206 144.075
135.999 16.5004 49.9325 3.52609 144.041
136.099 16.4641 49.9655 3.52011 144.008
136.199 16.4277 49.9984 3.51412 143.976
136.299 16.3913 50.0313 3.50811 143.943
136.399 16.3549 50.0641 3.50209 143.91
136.499 16.3185 50.0969 3.49606 143.877
136.599 16.2821 50.1295 3.49002 143.844
136.699 16.2457 50.1622 3.48396 143.812
136.799 16.2093 50.1948 3.47789 143.779
136.899 16.1728 50.2273 3.47181 143.747
136.999 16.1364 50.2597 3.46571 143.714
137.099 16.0999 50.2921 3.45961 143.682
137.199 16.0635 50.3245 3.45349 143.65
137.299 16.027 50.3567 3.44735 143.617
137.399 15.9905 50.3889 3.44121 143.585
137.499 15.9541 50.4211 3.43505 143.553
137.599 15.9176 50.4532 3.42888 143.521
137.699 15.8811 50.4852 3.4227 143.489
137.799 15.8446 50.5172 3.4165 143.457
137.899 15.8081 50.5491 3.41029 143.425
137.999 15.7715 50.5809 3.40407 143.393
138.099 15.735 50.6127 3.39784 143.361
138.199 15.6985 50.6444 3.3916 143.33
138.299 15.6619 50.6761 3.38534 143.298
138.399 15.6254 50.7077 3.37907 143.266
138.499 15.5888 50.7392 3.37279 143.235
138.599 15.5522 50.7707 3.36649 143.203
138.699 15.5157 50.8021 3.36019 143.172
138.799 15.4791 50.8334 3.35387 143.141
138.899 15.4425 50.8647 3.34754 143.109
138.999 15.4059 50.8959 3.34119 143.078
139.099 15.3693 50.9271 3.33484 143.047
139.199 15.3327 50.9582 3.32847 143.016
139.299 15.296 50.9892 3.32209 142.985
139.399 15.2594 51.0202 3.3157 142.954
139.499 15.2228 51.0511 3.30929 142.923
139.599 15.1861 51.082 3.30287 142.892
139.699 15.1495 51.1127 3.29644 142.861
139.799 15.1128 51.1435 3.29 142.831
139.899 15.0762 51.1741 3.28355 142.8
139.999 15.0395 51.2047 3.27709 142.769
140.099 15.0028 51.2352 3.27061 142.739
140.199 14.9661 51.2657 3.26412 142.708
140.299 14.9294 51.2961 3.25762 142.678
140.399 14.8927 51.3264 3.2511 142.648
140.499 14.856 51.3567 3.24458 142.617
140.599 14.8193 51.3869 3.23804 142.587
140.699 14.7826 51.4171 3.23149 142.557
140.799 14.7458 51.4471 3.22493 142.527
140.899 14.7091 51.4772 3.21836 142.497
140.999 14.6723 51.5071 3.21178 142.467
141.099 14.6356 51.537 3.20518 142.437
141.199 14.5988 51.5668 3.19857 142.407
141.299 14.5621 51.5966 3.19195 142.377
141.399 14.5253 51.6263 3.18532 142.348
141.499 14.4885 51.6559 3.17868 142.318
141.599 14.4517 51.6855 3.17202 142.288
141.699 14.4149 51.715 3.16535 142.259
141.799 14.3781 51.7444 3.15867 142.23
141.899 14.3413 51.7738 3.15198 142.2
141.999 14.3045 51.8031 3.14528 142.171
142.099 14.2677 51.8323 3.13857 142.142
142.199 14.2308 51.8615 3.13184 142.112
142.299 14.194 51.8906 3.12511 142.083
142.399 14.1571 51.9196 3.11836 142.054
142.499 14.1203 51.9486 3.1116 142.025
142.6 14.0834 51.9775 3.10483 141.996
142.7 14.0466 52.0064 3.09804 141.968
142.8 14.0097 52.0351 3.09125 141.939
142.9 13.9728 52.0638 3.08444 141.91
143 13.9359 52.0925 3.07762 141.881
143.1 13.899 52.1211 3.0708 141.853
143.2 13.8621 52.1496 3.06395 141.824
143.3 13.8252 52.178 3.0571 141.796
143.4 13.7883 52.2064 3.05024 141.768
143.5 13.7514 52.2347 3.04337 141.739
143.6 13.7145 52.263 3.03648 141.711
143.7 13.6775 52.2911 3.02958 141.683
143.8 13.6406 52.3193 3.02268 141.655
143.9 13.6037 52.3473 3.01576 141.627
144 13.5667 52.3753 3.00883 141.599
144.1 13.5298 52.4032 3.00188 141.571
144.2 13.4928 52.431 2.99493 141.543
144.3 13.4558 52.4588 2.98797 141.515
144.4 13.4188 52.4865 2.98099 141.487
144.5 13.3819 52.5142 2.974 141.46
144.6 13.3449 52.5417 2.96701 141.432
144.7 13.3079 52.5692 2.96 141.405
144.8 13.2709 52.5967 2.95298 141.377
144.9 13.2339 52.624 2.94595 141.35
145 13.1969 52.6514 2.93891 141.323
145.1 13.1598 52.6786 2.93185 141.295
145.2 13.1228 52.7058 2.92479 141.268
145.3 13.0858 52.7329 2.91772 141.241
145.4 13.0487 52.7599 2.91063 141.214
145.5 13.0117 52.7868 2.90353 141.187
145.6 12.9746 52.8137 2.89643 141.16
145.7 12.9376 52.8406 2.88931 141.133
145.8 12.9005 52.8673 2.88218 141.107
145.9 12.8634 52.894 2.87504 141.08
146 12.8264 52.9206 2.86789 141.053
146.1 12.7893 52.9472 2.86073 141.027
146.2 12.7522 52.9737 2.85356 141
146.3 12.7151 53.0001 2.84638 140.974
146.4 12.678 53.0264 2.83918 140.948
146.5 12.6409 53.0527 2.83198 140.921
146.6 12.6038 53.0789 2.82477 140.895
146.7 12.5667 53.105 2.81754 140.869
146.8 12.5295 53.1311 2.81031 140.843
146.9 12.4924 53.1571 2.80306 140.817
147 12.4553 53.183 2.7958 140.791
147.1 12.4181 53.2089 2.78854 140.765
147.2 12.381 53.2347 2.78126 140.739
147.3 12.3438 53.2604 2.77397 140.714
147.4 12.3067 53.2861 2.76667 140.688
147.5 12.2695 53.3116 2.75936 140.662
147.6 12.2324 53.3371 2.75205 140.637
147.7 12.1952 53.3626 2.74472 140.611
147.8 12.158 53.3879 2.73738 140.586
147.9 12.1208 53.4132 2.73003 140.561
148 12.0836 53.4385 2.72267 140.535
148.1 12.0464 53.4636 2.7153 140.51
148.2 12.0092 53.4887 2.70791 140.485
148.3 11.972 53.5137 2.70052 140.46
148.4 11.9348 53.5387 2.69312 140.435
148.5 11.8976 53.5636 2.68571 140.41
148.6 11.8604 53.5884 2.67829 140.386
148.7 11.8231 53.6131 2.67086 140.361
148.8 11.7859 53.6378 2.66342 140.336
148.9 11.7487 53.6624 2.65597 140.312
149 11.7114 53.6869 2.6485 140.287
149.1 11.6742 53.7113 2.64103 140.263
149.2 11.6369 53.7357 2.63355 140.238
149.3 11.5996 53.76 2.62606 140.214
149.4 11.5624 53.7843 2.61856 140.19
149.5 11.5251 53.8084 2.61105 140.166
149.6 11.4878 53.8325 2.60353 140.141
149.7 11.4505 53.8565 2.59599 140.117
149.8 11.4132 53.8805 2.58845 140.093
149.9 11.376 53.9044 2.5809 140.07
150 11.3387 53.9282 2.57334 140.046
150.1 11.3014 53.9519 2.56577 140.022
150.2 11.264 53.9756 2.55819 139.998
150.3 11.2267 53.9992 2.5506 139.975
150.4 11.1894 54.0227 2.543 139.951
150.5 11.1521 54.0461 2.53539 139.928
150.6 11.1148 54.0695 2.52778 139.904
150.7 11.0774 54.0928 2.52015 139.881
150.8 11.0401 54.116 2.51251 139.858
150.9 11.0027 54.1392 2.50486 139.835
151 10.9654 54.1623 2.49721 139.812
151.1 10.928 54.1853 2.48954 139.789
151.2 10.8907 54.2082 2.48187 139.766
151.3 10.8533 54.2311 2.47418 139.743
151.4 10.8159 54.2539 2.46649 139.72
151.5 10.7786 54.2766 2.45878 139.697
151.6 10.7412 54.2993 2.45107 139.675
151.7 10.7038 54.3218 2.44335 139.652
151.8 10.6664 54.3443 2.43562 139.63
151.9 10.629 54.3668 2.42787 139.607
152 10.5916 54.3891 2.42012 139.585
152.1 10.5542 54.4114 2.41237 139.563
152.2 10.5168 54.4336 2.4046 139.54
152.3 10.4794 54.4558 2.39682 139.518
152.4 10.442 54.4778 2.38903 139.496
152.5 10.4046 54.4998 2.38124 139.474
152.6 10.3671 54.5217 2.37343 139.452
152.7 10.3297 54.5436 2.36562 139.43
152.8 10.2923 54.5653 2.35779 139.409
152.9 10.2548 54.587 2.34996 139.387
153 10.2174 54.6086 2.34212 139.365
153.1 10.1799 54.6302 2.33427 139.344
153.2 10.1425 54.6517 2.32641 139.322
153.3 10.105 54.6731 2.31855 139.301
153.4 10.0676 54.6944 2.31067 139.28
153.5 10.0301 54.7156 2.30278 139.258
153.6 9.99262 54.7368 2.29489 139.237
153.7 9.95515 54.7579 2.28699 139.216
153.8 9.91767 54.7789 2.27908 139.195
153.9 9.88018 54.7999 2.27116 139.174
154 9.84269 54.8208 2.26323 139.153
154.1 9.8052 54.8416 2.25529 139.132
154.2 9.7677 54.8623 2.24734 139.112
154.3 9.7302 54.883 2.23939 139.091
154.4 9.69269 54.9035 2.23143 139.07
154.5 9.65518 54.924 2.22345 139.05
154.6 9.61766 54.9445 2.21547 139.029
154.7 9.58015 54.9648 2.20748 139.009
154.8 9.54262 54.9851 2.19949 138.989
154.9 9.50509 55.0053 2.19148 138.969
155 9.46756 55.0254 2.18347 138.949
155.1 9.43003 55.0455 2.17544 138.928
155.2 9.39249 55.0655 2.16741 138.908
155.3 9.35494 55.0854 2.15937 138.889
155.4 9.31739 55.1052 2.15133 138.869
155.5 9.27984 55.125 2.14327 138.849
155.6 9.24228 55.1446 2.13521 138.829
155.7 9.20472 55.1642 2.12714 138.81
155.8 9.16716 55.1838 2.11906 138.79
155.9 9.12959 55.2032 2.11097 138.771
156 9.09201 55.2226 2.10287 138.751
156.1 9.05444 55.2419 2.09477 138.732
156.2 9.01686 55.2611 2.08665 138.713
156.3 8.97927 55.2803 2.07853 138.694
156.4 8.94168 55.2993 2.07041 138.675
156.5 8.90409 55.3183 2.06227 138.656
156.6 8.86649 55.3373 2.05412 138.637
156.7 8.82889 55.3561 2.04597 138.618
156.8 8.79129 55.3749 2.03781 138.599
156.9 8.75368 55.3936 2.02964 138.58
157 8.71607 55.4122 2.02147 138.562
157.1 8.67845 55.4307 2.01328 138.543
157.2 8.64083 55.4492 2.00509 138.525
157.3 8.60321 55.4675 1.99689 138.506
157.4 8.56558 55.4859 1.98869 138.488
157.5 8.52795 55.5041 1.98047 138.47
157.6 8.49032 55.5222 1.97225 138.452
157.7 8.45268 55.5403 1.96402 138.434
157.8 8.41504 55.5583 1.95579 138.416
157.9 8.37739 55.5762 1.94754 138.398
158 8.33974 55.5941 1.93929 138.38
158.1 8.30209 55.6119 1.93103 138.362
158.2 8.26443 55.6296 1.92276 138.344
158.3 8.22677 55.6472 1.91449 138.327
158.4 8.18911 55.6647 1.90621 138.309
158.5 8.15144 55.6822 1.89792 138.292
158.6 8.11377 55.6996 1.88962 138.274
158.7 8.0761 55.7169 1.88132 138.257
158.8 8.03842 55.7341 1.87301 138.24
158.9 8.00074 55.7513 1.86469 138.223
159.001 7.96306 55.7683 1.85636 138.206
159.101 7.92537 55.7853 1.84803 138.189
159.201 7.88768 55.8023 1.83969 138.172
159.301 7.84998 55.8191 1.83134 138.155
159.401 7.81228 55.8359 1.82299 138.138
159.501 7.77458 55.8525 1.81463 138.121
159.601 7.73688 55.8692 1.80626 138.105
159.701 7.69917 55.8857 1.79788 138.088
159.801 7.66146 55.9021 1.7895 138.072
159.901 7.62374 55.9185 1.78111 138.055
160.001 7.58603 55.9348 1.77272 138.039
160.101 7.5483 55.951 1.76431 138.023
160.201 7.51058 55.9672 1.75591 138.007
160.301 7.47285 55.9832 1.74749 137.991
160.401 7.43512 55.9992 1.73907 137.975
160.501 7.39739 56.0151 1.73064 137.959
160.601 7.35965 56.031 1.7222 137.943
160.701 7.32191 56.0467 1.71376 137.927
160.801 7.28416 56.0624 1.70531 137.912
160.901 7.24642 56.078 1.69685 137.896
161.001 7.20867 56.0935 1.68839 137.88
161.101 7.17092 56.109 1.67992 137.865
161.201 7.13316 56.1243 1.67144 137.85
161.301 7.0954 56.1396 1.66296 137.834
161.401 7.05764 56.1548 1.65447 137.819
161.501 7.01987 56.1699 1.64598 137.804
161.601 6.9821 56.185 1.63747 137.789
161.701 6.94433 56.1999 1.62897 137.774
161.801 6.90656 56.2148 1.62045 137.759
161.901 6.86878 56.2296 1.61193 137.744
162.001 6.831 56.2444 1.6034 137.73
162.101 6.79322 56.259 1.59487 137.715
162.201 6.75543 56.2736 1.58633 137.7
162.301 6.71765 56.2881 1.57779 137.686
162.401 6.67985 56.3025 1.56924 137.671
162.501 6.64206 56.3168 1.56068 137.657
162.601 6.60426 56.3311 1.55211 137.643
162.701 6.56646 56.3453 1.54354 137.629
162.801 6.52866 56.3594 1.53497 137.615
162.901 6.49085 56.3734 1.52639 137.601
163.001 6.45305 56.3873 1.5178 137.587
163.101 6.41523 56.4012 1.50921 137.573
163.201 6.37742 56.415 1.50061 137.559
163.301 6.3396 56.4287 1.492 137.545
163.401 6.30178 56.4423 1.48339 137.532
163.501 6.26396 56.4558 1.47477 137.518
163.601 6.22614 56.4693 1.46615 137.505
163.701 6.18831 56.4827 1.45752 137.491
163.801 6.15048 56.496 1.44889 137.478
163.901 6.11265 56.5092 1.44025 137.465
164.001 6.07481 56.5223 1.4316 137.452
164.101 6.03698 56.5354 1.42295 137.439
164.201 5.99914 56.5484 1.4143 137.426
164.301 5.96129 56.5613 1.40564 137.413
164.401 5.92345 56.5741 1.39697 137.4
164.501 5.8856 56.5869 1.3883 137.387
164.601 5.84775 56.5995 1.37962 137.374
164.701 5.8099 56.6121 1.37093 137.362
164.801 5.77204 56.6246 1.36225 137.349
164.901 5.73419 56.637 1.35355 137.337
165.001 5.69633 56.6494 1.34485 137.325
165.101 5.65846 56.6616 1.33615 137.312
165.201 5.6206 56.6738 1.32744 137.3
165.301 5.58273 56.6859 1.31872 137.288
165.401 5.54486 56.698 1.31 137.276
165.501 5.50699 56.7099 1.30128 137.264
165.601 5.46912 56.7218 1.29255 137.252
165.701 5.43124 56.7335 1.28381 137.24
165.801 5.39336 56.7452 1.27507 137.229
165.901 5.35548 56.7569 1.26633 137.217
166.001 5.3176 56.7684 1.25757 137.206
166.101 5.27971 56.7799 1.24882 137.194
166.201 5.24183 56.7912 1.24006 137.183
166.301 5.20394 56.8025 1.23129 137.171
166.401 5.16604 56.8138 1.22252 137.16
166.501 5.12815 56.8249 1.21375 137.149
166.601 5.09025 56.836 1.20497 137.138
166.701 5.05235 56.8469 1.19619 137.127
166.801 5.01445 56.8578 1.1874 137.116
166.901 4.97655 56.8686 1.1786 137.105
167.001 4.93865 56.8794 1.16981 137.095
167.101 4.90074 56.89 1.161 137.084
167.201 4.86283 56.9006 1.1522 137.073
167.301 4.82492 56.9111 1.14339 137.063
167.401 4.78701 56.9215 1.13457 137.052
167.501 4.74909 56.9318 1.12575 137.042
167.601 4.71118 56.9421 1.11692 137.032
167.701 4.67326 56.9523 1.1081 137.022
167.801 4.63534 56.9623 1.09926 137.012
167.901 4.59741 56.9723 1.09042 137.002
168.001 4.55949 56.9823 1.08158 136.992
168.101 4.52156 56.9921 1.07274 136.982
168.201 4.48363 57.0019 1.06389 136.972
168.301 4.4457 57.0116 1.05503 136.962
168.401 4.40777 57.0212 1.04617 136.953
168.501 4.36984 57.0307 1.03731 136.943
168.601 4.3319 57.0401 1.02844 136.934
168.701 4.29396 57.0495 1.01957 136.924
168.801 4.25602 57.0587 1.0107 136.915
168.901 4.21808 57.0679 1.00182 136.906
169.001 4.18014 57.077 0.992934 136.897
169.101 4.14219 57.0861 0.984048 136.888
169.201 4.10425 57.095 0.975157 136.879
169.301 4.0663 57.1039 0.966263 136.87
169.401 4.02835 57.1127 0.957365 136.861
169.501 3.9904 57.1214 0.948463 136.853
169.601 3.95245 57.13 0.939557 136.844
169.701 3.91449 57.1385 0.930648 136.835
169.801 3.87653 57.147 0.921735 136.827
169.901 3.83858 57.1554 0.912818 136.819
170.001 3.80062 57.1637 0.903898 136.81
170.101 3.76265 57.1719 0.894974 136.802
170.201 3.72469 57.18 0.886047 136.794
170.301 3.68673 57.1881 0.877116 136.786
170.401 3.64876 57.196 0.868182 136.778
170.501 3.61079 57.2039 0.859244 136.77
170.601 3.57283 57.2117 0.850303 136.762
170.701 3.53486 57.2195 0.841359 136.755
170.801 3.49688 57.2271 0.832412 136.747
170.901 3.45891 57.2347 0.823461 136.739
171.001 3.42093 57.2421 0.814507 136.732
171.101 3.38296 57.2495 0.805549 136.724
171.201 3.34498 57.2568 0.796589 136.717
171.301 3.307 57.2641 0.787625 136.71
171.401 3.26902 57.2712 0.778659 136.703
171.501 3.23104 57.2783 0.769689 136.696
171.601 3.19306 57.2853 0.760716 136.689
171.701 3.15507 57.2922 0.751741 136.682
171.801 3.11709 57.299 0.742762 136.675
171.901 3.0791 57.3057 0.733781 136.668
172.001 3.04111 57.3124 0.724796 136.662
172.101 3.00312 57.319 0.715809 136.655
172.201 2.96513 57.3255 0.706819 136.649
172.301 2.92714 57.3319 0.697826 136.642
172.401 2.88915 57.3382 0.68883 136.636
172.501 2.85115 57.3444 0.679832 136.63
172.601 2.81316 57.3506 0.670831 136.623
172.701 2.77516 57.3567 0.661827 136.617
172.801 2.73716 57.3627 0.652821 136.611
172.901 2.69916 57.3686 0.643812 136.605
173.001 2.66116 57.3744 0.634801 136.6
173.101 2.62316 57.3802 0.625787 136.594
173.201 2.58516 57.3859 0.616771 136.588
173.301 2.54716 57.3914 0.607752 136.583
173.401 2.50915 57.3969 0.598731 136.577
173.501 2.47115 57.4024 0.589707 136.572
173.601 2.43314 57.4077 0.580682 136.566
173.701 2.39513 57.413 0.571654 136.561
173.801 2.35712 57.4181 0.562623 136.556
173.901 2.31911 57.4232 0.553591 136.551
174.001 2.2811 57.4282 0.544556 136.546
174.101 2.24309 57.4332 0.535519 136.541
174.201 2.20508 57.438 0.52648 136.536
174.301 2.16707 57.4428 0.517439 136.531
174.401 2.12905 57.4475 0.508396 136.527
174.501 2.09104 57.452 0.499351 136.522
174.601 2.05302 57.4566 0.490304 136.517
174.701 2.015 57.461 0.481255 136.513
174.801 1.97699 57.4653 0.472205 136.509
174.901 1.93897 57.4696 0.463152 136.504
175.001 1.90095 57.4738 0.454097 136.5
175.101 1.86293 57.4779 0.445041 136.496
175.201 1.82491 57.4819 0.435983 136.492
175.301 1.78689 57.4858 0.426923 136.488
175.402 1.74887 57.4897 0.417862 136.484
175.502 1.71084 57.4935 0.408799 136.48
175.602 1.67282 57.4972 0.399734 136.477
175.702 1.63479 57.5008 0.390668 136.473
175.802 1.59677 57.5043 0.3816 136.47
175.902 1.55874 57.5077 0.372531 136.466
176.002 1.52072 57.5111 0.36346 136.463
176.102 1.48269 57.5144 0.354388 136.46
176.202 1.44466 57.5175 0.345314 136.456
176.302 1.40664 57.5207 0.336239 136.453
176.402 1.36861 57.5237 0.327163 136.45
176.502 1.33058 57.5266 0.318086 136.447
176.602 1.29255 57.5295 0.309007 136.444
176.702 1.25452 57.5323 0.299927 136.442
176.802 1.21649 57.535 0.290846 136.439
176.902 1.17846 57.5376 0.281763 136.436
177.002 1.14042 57.5401 0.27268 136.434
177.102 1.10239 57.5425 0.263595 136.431
177.202 1.06436 57.5449 0.25451 136.429
177.302 1.02633 57.5472 0.245423 136.427
177.402 0.988292 57.5494 0.236335 136.425
177.502 0.950258 57.5515 0.227247 136.422
177.602 0.912223 57.5535 0.218158 136.42
177.702 0.874189 57.5555 0.209067 136.418
177.802 0.836153 57.5573 0.199976 136.417
177.902 0.798118 57.5591 0.190885 136.415
178.002 0.760082 57.5608 0.181792 136.413
178.102 0.722046 57.5624 0.172699 136.412
178.202 0.68401 57.564 0.163605 136.41
178.302 0.645973 57.5654 0.15451 136.409
178.402 0.607936 57.5668 0.145415 136.407
178.502 0.569899 57.5681 0.136319 136.406
178.602 0.531861 57.5693 0.127223 136.405
178.702 0.493824 57.5704 0.118126 136.404
178.802 0.455786 57.5714 0.109029 136.403
178.902 0.417748 57.5724 0.0999308 136.402
179.002 0.379709 57.5732 0.0908326 136.401
179.102 0.341671 57.574 0.0817342 136.4
179.202 0.303632 57.5747 0.0726353 136.399
179.302 0.265594 57.5754 0.0635362 136.399
179.402 0.227555 57.5759 0.0544369 136.398
179.502 0.189516 57.5764 0.0453373 136.398
179.602 0.151477 57.5767 0.0362376 136.397
179.702 0.113438 57.577 0.0271377 136.397
179.802 0.0753992 57.5772 0.0180377 136.397
179.902 0.0373601 57.5773 0.00893766 136.397
