0 1.15146e-14 3.06055 0 186.913
0.1 0.164101 3.06059 0.00766947 186.913
0.2 0.328197 3.06071 0.0153389 186.913
0.3 0.492281 3.06091 0.0230083 186.913
0.4 0.656348 3.0612 0.0306777 186.913
0.5 0.820392 3.06156 0.038347 186.912
0.6 0.984408 3.06201 0.0460162 186.912
0.7 1.14839 3.06253 0.0536853 186.911
0.8 1.31233 3.06314 0.0613543 186.911
0.9 1.47623 3.06383 0.0690231 186.91
1 1.64008 3.0646 0.0766917 186.909
1.1 1.80386 3.06545 0.0843602 186.909
1.2 1.96759 3.06639 0.0920285 186.908
1.3 2.13125 3.0674 0.0996965 186.907
1.4 2.29484 3.06849 0.107364 186.905
1.5 2.45834 3.06967 0.115032 186.904
1.6 2.62176 3.07093 0.122699 186.903
1.7 2.7851 3.07226 0.130366 186.902
1.8 2.94833 3.07368 0.138033 186.9
1.9 3.11147 3.07518 0.145699 186.899
2 3.27449 3.07676 0.153365 186.897
2.1 3.43741 3.07843 0.161031 186.896
2.2 3.6002 3.08017 0.168696 186.894
2.3 3.76288 3.08199 0.176361 186.892
2.4 3.92542 3.0839 0.184025 186.89
2.5 4.08783 3.08588 0.191689 186.888
2.6 4.2501 3.08795 0.199353 186.886
2.7 4.41223 3.0901 0.207016 186.884
2.8 4.5742 3.09233 0.214679 186.882
2.9 4.73602 3.09464 0.222341 186.879
3 4.89768 3.09703 0.230002 186.877
3.1 5.05917 3.0995 0.237663 186.874
3.2 5.2205 3.10206 0.245324 186.872
3.3 5.38164 3.10469 0.252984 186.869
3.4 5.5426 3.1074 0.260643 186.867
3.5 5.70337 3.1102 0.268302 186.864
3.6 5.86396 3.11308 0.27596 186.861
3.7 6.02434 3.11604 0.283617 186.858
3.8 6.18452 3.11907 0.291274 186.855
3.9 6.3445 3.12219 0.29893 186.852
4 6.50426 3.12539 0.306585 186.849
4.1 6.6638 3.12868 0.314239 186.845
4.2 6.82312 3.13204 0.321893 186.842
4.3 6.98222 3.13548 0.329546 186.838
4.4 7.14108 3.13901 0.337198 186.835
4.5 7.2997 3.14261 0.34485 186.831
4.6 7.45808 3.1463 0.3525 186.828
4.7 7.61621 3.15006 0.36015 186.824
4.8 7.7741 3.15391 0.367799 186.82
4.9 7.93172 3.15784 0.375447 186.816
5 8.08909 3.16185 0.383094 186.812
5.1 8.24619 3.16594 0.390741 186.808
5.2 8.40301 3.17011 0.398386 186.804
5.3 8.55957 3.17436 0.40603 186.8
5.4 8.71584 3.17869 0.413674 186.795
5.5 8.87183 3.18311 0.421316 186.791
5.6 9.02753 3.1876 0.428958 186.786
5.7 9.18294 3.19217 0.436598 186.782
5.8 9.33805 3.19683 0.444238 186.777
5.9 9.49286 3.20156 0.451876 186.772
6 9.64737 3.20638 0.459513 186.768
6.1 9.80156 3.21128 0.467149 186.763
6.2 9.95544 3.21626 0.474784 186.758
6.3 10.109 3.22131 0.482418 186.753
6.4 10.2622 3.22645 0.490051 186.748
6.5 10.4152 3.23167 0.497683 186.742
6.6 10.5677 3.23697 0.505313 186.737
6.7 10.72 3.24235 0.512942 186.732
6.8 10.8719 3.24781 0.52057 186.726
6.9 11.0235 3.25336 0.528197 186.721
7 11.1747 3.25898 0.535823 186.715
7.1 11.3256 3.26468 0.543447 186.709
7.2 11.4761 3.27046 0.55107 186.703
7.3 11.6262 3.27633 0.558691 186.698
7.4 11.776 3.28227 0.566312 186.692
7.5 11.9255 3.2883 0.573931 186.686
7.6 12.0745 3.2944 0.581548 186.68
7.7 12.2232 3.30059 0.589165 186.673
7.79999 12.3716 3.30685 0.596779 186.667
7.89999 12.5195 3.3132 0.604393 186.661
7.99999 12.6671 3.31962 0.612005 186.654
8.09999 12.8142 3.32613 0.619615 186.648
8.2 12.961 3.33272 0.627224 186.641
8.3 13.1074 3.33938 0.634832 186.635
8.4 13.2534 3.34613 0.642438 186.628
8.5 13.399 3.35296 0.650043 186.621
8.6 13.5442 3.35987 0.657646 186.614
8.7 13.689 3.36685 0.665247 186.607
8.8 13.8334 3.37392 0.672847 186.6
8.9 13.9774 3.38107 0.680445 186.593
9 14.121 3.3883 0.688042 186.586
9.1 14.2641 3.39561 0.695637 186.578
9.2 14.4069 3.403 0.70323 186.571
9.3 14.5492 3.41046 0.710822 186.563
9.4 14.6911 3.41801 0.718412 186.556
9.5 14.8325 3.42564 0.726 186.548
9.6 14.9736 3.43335 0.733586 186.541
9.7 15.1142 3.44114 0.741171 186.533
9.8 15.2543 3.44901 0.748754 186.525
9.9 15.3941 3.45696 0.756335 186.517
10 15.5334 3.46498 0.763915 186.509
10.1 15.6722 3.47309 0.771493 186.501
10.2 15.8106 3.48128 0.779068 186.493
10.3 15.9486 3.48955 0.786642 186.484
10.4 16.0861 3.4979 0.794214 186.476
10.5 16.2232 3.50632 0.801784 186.468
10.6 16.3598 3.51483 0.809353 186.459
10.7 16.496 3.52342 0.816919 186.451
10.8 16.6317 3.53208 0.824483 186.442
10.9 16.7669 3.54083 0.832046 186.433
11 16.9017 3.54966 0.839606 186.424
11.1 17.0361 3.55856 0.847165 186.415
11.2 17.1699 3.56755 0.854721 186.406
11.3 17.3033 3.57661 0.862276 186.397
11.4 17.4363 3.58575 0.869828 186.388
11.5 17.5687 3.59498 0.877378 186.379
11.6 17.7007 3.60428 0.884926 186.37
11.7 17.8322 3.61366 0.892472 186.36
11.8 17.9633 3.62313 0.900016 186.351
11.9 18.0939 3.63267 0.907558 186.341
12 18.224 3.64229 0.915098 186.332
12.1 18.3536 3.65199 0.922635 186.322
12.2 18.4827 3.66177 0.93017 186.312
12.3 18.6114 3.67162 0.937703 186.302
12.4 18.7395 3.68156 0.945234 186.292
12.5 18.8672 3.69158 0.952763 186.282
12.6 18.9944 3.70168 0.960289 186.272
12.7 19.1212 3.71185 0.967813 186.262
12.8 19.2474 3.7221 0.975334 186.252
12.9 19.3732 3.73244 0.982854 186.242
13 19.4984 3.74285 0.990371 186.231
13.1 19.6232 3.75334 0.997885 186.221
13.2 19.7475 3.76391 1.0054 186.21
13.3 19.8713 3.77456 1.01291 186.199
13.4 19.9946 3.78529 1.02041 186.189
13.5 20.1174 3.7961 1.02792 186.178
13.6 20.2397 3.80698 1.03542 186.167
13.7 20.3615 3.81795 1.04292 186.156
13.8 20.4828 3.82899 1.05042 186.145
13.9 20.6037 3.84011 1.05792 186.134
14 20.724 3.85132 1.06541 186.123
14.1 20.8438 3.86259 1.0729 186.111
14.2 20.9631 3.87395 1.08039 186.1
14.3 21.082 3.88539 1.08787 186.089
14.4 21.2003 3.89691 1.09535 186.077
14.5 21.3182 3.9085 1.10283 186.065
14.6 21.4355 3.92017 1.11031 186.054
14.7 21.5523 3.93192 1.11778 186.042
14.8 21.6687 3.94375 1.12525 186.03
14.9 21.7845 3.95566 1.13272 186.018
15 21.8998 3.96765 1.14019 186.006
15.1 22.0147 3.97971 1.14765 185.994
15.2 22.129 3.99186 1.15511 185.982
15.3 22.2428 4.00408 1.16257 185.97
15.4 22.3562 4.01638 1.17003 185.958
15.5 22.469 4.02875 1.17748 185.945
15.6 22.5813 4.04121 1.18493 185.933
15.7 22.6931 4.05374 1.19238 185.92
15.8 22.8045 4.06636 1.19982 185.908
15.9 22.9153 4.07905 1.20726 185.895
16 23.0256 4.09181 1.2147 185.882
16.1 23.1354 4.10466 1.22214 185.869
16.2 23.2447 4.11758 1.22957 185.856
16.3 23.3535 4.13059 1.237 185.843
16.4 23.4619 4.14367 1.24442 185.83
16.5 23.5697 4.15682 1.25185 185.817
16.6 23.677 4.17006 1.25927 185.804
16.7 23.7838 4.18337 1.26668 185.791
16.8 23.8901 4.19676 1.2741 185.777
16.9 23.9959 4.21023 1.28151 185.764
17 24.1012 4.22377 1.28892 185.75
17.1 24.206 4.2374 1.29632 185.737
17.2 24.3103 4.2511 1.30373 185.723
17.3 24.4141 4.26488 1.31113 185.709
17.4 24.5174 4.27873 1.31852 185.695
17.5 24.6203 4.29267 1.32591 185.681
17.6 24.7226 4.30668 1.3333 185.667
17.7 24.8244 4.32076 1.34069 185.653
17.8 24.9257 4.33493 1.34807 185.639
17.9 25.0265 4.34917 1.35545 185.625
18 25.1269 4.36349 1.36283 185.61
18.1 25.2267 4.37789 1.3702 185.596
18.2 25.326 4.39236 1.37757 185.582
18.3 25.4249 4.40691 1.38494 185.567
18.4 25.5232 4.42154 1.3923 185.552
18.5 25.6211 4.43624 1.39966 185.538
18.6 25.7185 4.45102 1.40702 185.523
18.7 25.8154 4.46588 1.41437 185.508
18.8 25.9118 4.48082 1.42172 185.493
18.9 26.0077 4.49583 1.42907 185.478
19 26.1031 4.51092 1.43641 185.463
19.1 26.198 4.52608 1.44375 185.448
19.2 26.2924 4.54133 1.45109 185.433
19.3 26.3864 4.55664 1.45842 185.417
19.4 26.4799 4.57204 1.46575 185.402
19.5 26.5728 4.58751 1.47308 185.386
19.6 26.6653 4.60306 1.4804 185.371
19.7 26.7574 4.61868 1.48772 185.355
19.8 26.8489 4.63438 1.49503 185.34
19.9 26.9399 4.65016 1.50234 185.324
20 27.0305 4.66601 1.50965 185.308
20.1 27.1206 4.68194 1.51696 185.292
20.2 27.2102 4.69795 1.52426 185.276
20.3 27.2994 4.71403 1.53155 185.26
20.4 27.388 4.73019 1.53885 185.244
20.5 27.4762 4.74642 1.54614 185.228
20.6 27.5639 4.76273 1.55342 185.211
20.7 27.6512 4.77912 1.5607 185.195
20.8 27.738 4.79558 1.56798 185.178
20.9 27.8243 4.81212 1.57526 185.162
21 27.9101 4.82873 1.58253 185.145
21.1 27.9955 4.84542 1.58979 185.129
21.2 28.0803 4.86218 1.59706 185.112
21.3 28.1648 4.87902 1.60432 185.095
21.4 28.2487 4.89594 1.61157 185.078
21.5 28.3322 4.91293 1.61882 185.061
21.6 28.4153 4.93 1.62607 185.044
21.7 28.4979 4.94714 1.63331 185.027
21.8 28.58 4.96436 1.64055 185.01
21.9 28.6616 4.98165 1.64779 184.992
22 28.7428 4.99902 1.65502 184.975
22.1 28.8236 5.01646 1.66225 184.957
22.2 28.9038 5.03398 1.66947 184.94
22.3 28.9837 5.05157 1.67669 184.922
22.4 29.0631 5.06924 1.68391 184.905
22.5 29.142 5.08698 1.69112 184.887
22.6 29.2205 5.1048 1.69833 184.869
22.7001 29.2985 5.12269 1.70553 184.851
22.8001 29.3761 5.14066 1.71273 184.833
22.9001 29.4532 5.1587 1.71993 184.815
23.0001 29.5299 5.17682 1.72712 184.797
23.1001 29.6061 5.19501 1.7343 184.779
23.2001 29.6819 5.21328 1.74149 184.761
23.3001 29.7573 5.23162 1.74867 184.742
23.4001 29.8322 5.25004 1.75584 184.724
23.5001 29.9067 5.26853 1.76301 184.705
23.6001 29.9807 5.28709 1.77018 184.687
23.7001 30.0543 5.30573 1.77734 184.668
23.8001 30.1275 5.32444 1.7845 184.65
23.9001 30.2002 5.34323 1.79165 184.631
24.0001 30.2725 5.36209 1.7988 184.612
24.1001 30.3444 5.38103 1.80594 184.593
24.2001 30.4158 5.40003 1.81308 184.574
24.3001 30.4868 5.41912 1.82022 184.555
24.4001 30.5574 5.43828 1.82735 184.536
24.5001 30.6275 5.45751 1.83447 184.516
24.6001 30.6973 5.47681 1.8416 184.497
24.7001 30.7666 5.49619 1.84871 184.478
24.8001 30.8355 5.51564 1.85583 184.458
24.9001 30.9039 5.53517 1.86294 184.439
25.0001 30.972 5.55477 1.87004 184.419
25.1001 31.0396 5.57444 1.87714 184.4
25.2001 31.1068 5.59419 1.88424 184.38
25.3001 31.1736 5.61401 1.89133 184.36
25.4001 31.24 5.6339 1.89841 184.34
25.5001 31.306 5.65387 1.90549 184.32
25.6001 31.3716 5.67391 1.91257 184.3
25.7001 31.4367 5.69402 1.91964 184.28
25.8001 31.5015 5.7142 1.92671 184.26
25.9001 31.5658 5.73446 1.93377 184.239
26.0001 31.6298 5.75479 1.94083 184.219
26.1001 31.6933 5.7752 1.94789 184.199
26.2001 31.7564 5.79568 1.95493 184.178
26.3001 31.8192 5.81623 1.96198 184.158
26.4001 31.8815 5.83685 1.96902 184.137
26.5001 31.9434 5.85754 1.97605 184.116
26.6001 32.005 5.87831 1.98308 184.096
26.7001 32.0661 5.89915 1.99011 184.075
26.8001 32.1269 5.92007 1.99713 184.054
26.9001 32.1872 5.94105 2.00414 184.033
27.0001 32.2472 5.96211 2.01115 184.012
27.1001 32.3068 5.98324 2.01816 183.991
27.2001 32.366 6.00444 2.02516 183.97
27.3001 32.4248 6.02572 2.03215 183.948
27.4001 32.4832 6.04706 2.03914 183.927
27.5001 32.5412 6.06848 2.04613 183.905
27.6001 32.5989 6.08997 2.05311 183.884
27.7001 32.6561 6.11153 2.06009 183.862
27.8001 32.713 6.13317 2.06706 183.841
27.9001 32.7696 6.15487 2.07402 183.819
28.0001 32.8257 6.17665 2.08098 183.797
28.1001 32.8815 6.1985 2.08794 183.775
28.2001 32.9368 6.22042 2.09489 183.754
28.3001 32.9919 6.24241 2.10184 183.732
28.4001 33.0465 6.26447 2.10878 183.709
28.5001 33.1008 6.28661 2.11571 183.687
28.6001 33.1547 6.30882 2.12264 183.665
28.7001 33.2083 6.33109 2.12957 183.643
28.8001 33.2614 6.35344 2.13649 183.621
28.9001 33.3142 6.37586 2.1434 183.598
29.0001 33.3667 6.39835 2.15031 183.576
29.1001 33.4188 6.42091 2.15721 183.553
29.2001 33.4705 6.44354 2.16411 183.53
29.3001 33.5219 6.46625 2.17101 183.508
29.4001 33.5729 6.48902 2.17789 183.485
29.5001 33.6236 6.51186 2.18478 183.462
29.6001 33.6739 6.53478 2.19165 183.439
29.7001 33.7238 6.55776 2.19853 183.416
29.8001 33.7735 6.58082 2.20539 183.393
29.9001 33.8227 6.60395 2.21225 183.37
30.0001 33.8716 6.62714 2.21911 183.347
30.1001 33.9202 6.65041 2.22596 183.324
30.2001 33.9684 6.67375 2.23281 183.3
30.3001 34.0163 6.69715 2.23965 183.277
30.4001 34.0638 6.72063 2.24648 183.253
30.5001 34.111 6.74418 2.25331 183.23
30.6001 34.1578 6.76779 2.26013 183.206
30.7001 34.2043 6.79148 2.26695 183.182
30.8001 34.2505 6.81524 2.27376 183.159
30.9001 34.2964 6.83906 2.28057 183.135
31.0001 34.3419 6.86296 2.28737 183.111
31.1001 34.387 6.88692 2.29417 183.087
31.2001 34.4319 6.91096 2.30096 183.063
31.3001 34.4764 6.93506 2.30774 183.039
31.4001 34.5205 6.95924 2.31452 183.015
31.5001 34.5644 6.98348 2.32129 182.99
31.6001 34.6079 7.00779 2.32806 182.966
31.7001 34.6511 7.03217 2.33482 182.942
31.8001 34.694 7.05662 2.34158 182.917
31.9001 34.7365 7.08114 2.34833 182.893
32.0001 34.7788 7.10573 2.35507 182.868
32.1001 34.8207 7.13038 2.36181 182.844
32.2001 34.8623 7.15511 2.36854 182.819
32.3001 34.9035 7.1799 2.37527 182.794
32.4001 34.9445 7.20476 2.38199 182.769
32.5001 34.9851 7.22969 2.3887 182.744
32.6001 35.0255 7.25469 2.39541 182.719
32.7001 35.0655 7.27975 2.40212 182.694
32.8001 35.1052 7.30489 2.40881 182.669
32.9001 35.1446 7.33009 2.4155 182.644
33.0001 35.1837 7.35536 2.42219 182.619
33.1001 35.2225 7.3807 2.42887 182.593
33.2001 35.261 7.40611 2.43554 182.568
33.3001 35.2991 7.43159 2.44221 182.542
33.4001 35.337 7.45713 2.44887 182.517
33.5001 35.3746 7.48274 2.45553 182.491
33.6001 35.4118 7.50842 2.46218 182.466
33.7001 35.4488 7.53416 2.46882 182.44
33.8001 35.4855 7.55998 2.47546 182.414
33.9001 35.5219 7.58586 2.48209 182.388
34.0001 35.558 7.6118 2.48871 182.362
34.1001 35.5937 7.63782 2.49533 182.336
34.2001 35.6292 7.6639 2.50195 182.31
34.3 35.6644 7.69005 2.50855 182.284
34.4 35.6994 7.71627 2.51515 182.258
34.5 35.734 7.74255 2.52175 182.231
34.6 35.7683 7.7689 2.52834 182.205
34.7 35.8024 7.79532 2.53492 182.179
34.8 35.8361 7.8218 2.54149 182.152
34.9 35.8696 7.84835 2.54806 182.126
35 35.9028 7.87497 2.55463 182.099
35.1 35.9357 7.90165 2.56118 182.072
35.2 35.9684 7.9284 2.56773 182.046
35.3 36.0007 7.95521 2.57428 182.019
35.4 36.0328 7.98209 2.58082 181.992
35.5 36.0646 8.00904 2.58735 181.965
35.6 36.0961 8.03606 2.59387 181.938
35.7 36.1274 8.06314 2.60039 181.911
35.8 36.1584 8.09028 2.6069 181.884
35.9 36.1891 8.11749 2.61341 181.856
36 36.2195 8.14477 2.61991 181.829
36.1 36.2497 8.17211 2.6264 181.802
36.2 36.2796 8.19952 2.63289 181.774
36.3 36.3092 8.22699 2.63937 181.747
36.4 36.3386 8.25453 2.64584 181.719
36.5 36.3677 8.28214 2.65231 181.692
36.6 36.3965 8.30981 2.65877 181.664
36.7 36.4251 8.33754 2.66522 181.636
36.8 36.4534 8.36534 2.67167 181.609
36.9 36.4814 8.39321 2.67811 181.581
37 36.5092 8.42113 2.68454 181.553
37.1 36.5367 8.44913 2.69097 181.525
37.2 36.564 8.47719 2.69739 181.497
37.3 36.591 8.50531 2.7038 181.469
37.4 36.6178 8.5335 2.71021 181.44
37.5 36.6443 8.56175 2.71661 181.412
37.6 36.6705 8.59007 2.72301 181.384
37.7 36.6965 8.61845 2.72939 181.356
37.8 36.7223 8.64689 2.73577 181.327
37.9 36.7478 8.6754 2.74215 181.299
38 36.7731 8.70397 2.74851 181.27
38.1 36.7981 8.73261 2.75487 181.241
38.2 36.8228 8.76131 2.76122 181.213
38.3 36.8473 8.79008 2.76757 181.184
38.4 36.8716 8.81891 2.77391 181.155
38.5 36.8956 8.8478 2.78024 181.126
38.6 36.9194 8.87675 2.78657 181.097
38.7 36.943 8.90577 2.79288 181.068
38.8 36.9663 8.93485 2.7992 181.039
38.9 36.9893 8.964 2.8055 181.01
39 37.0122 8.99321 2.8118 180.981
39.1 37.0348 9.02248 2.81809 180.951
39.2 37.0571 9.05181 2.82437 180.922
39.3 37.0792 9.08121 2.83065 180.893
39.4 37.1011 9.11067 2.83692 180.863
39.5 37.1228 9.14019 2.84318 180.834
39.6 37.1442 9.16977 2.84943 180.804
39.7 37.1654 9.19942 2.85568 180.775
39.8 37.1863 9.22913 2.86192 180.745
39.9 37.2071 9.2589 2.86816 180.715
40 37.2276 9.28874 2.87438 180.685
40.1 37.2479 9.31863 2.8806 180.655
40.2 37.2679 9.34859 2.88681 180.625
40.3 37.2877 9.37861 2.89302 180.595
40.4 37.3073 9.40869 2.89922 180.565
40.5 37.3267 9.43884 2.90541 180.535
40.6 37.3459 9.46904 2.91159 180.505
40.7 37.3648 9.49931 2.91777 180.475
40.7999 37.3835 9.52964 2.92394 180.444
40.8999 37.402 9.56003 2.9301 180.414
40.9999 37.4203 9.59048 2.93625 180.383
41.0999 37.4384 9.62099 2.9424 180.353
41.1999 37.4562 9.65157 2.94854 180.322
41.2999 37.4738 9.6822 2.95467 180.292
41.3999 37.4913 9.7129 2.96079 180.261
41.4999 37.5085 9.74365 2.96691 180.23
41.5999 37.5255 9.77447 2.97302 180.199
41.6999 37.5422 9.80535 2.97912 180.169
41.7999 37.5588 9.83629 2.98522 180.138
41.8999 37.5752 9.86729 2.9913 180.107
41.9999 37.5913 9.89835 2.99738 180.076
42.0999 37.6073 9.92946 3.00346 180.044
42.1999 37.623 9.96064 3.00952 180.013
42.2999 37.6385 9.99188 3.01558 179.982
42.3999 37.6539 10.0232 3.02163 179.951
42.4999 37.669 10.0545 3.02767 179.919
42.5999 37.6839 10.086 3.0337 179.888
42.6999 37.6986 10.1174 3.03973 179.857
42.7999 37.7131 10.149 3.04575 179.825
42.8999 37.7274 10.1806 3.05176 179.793
42.9999 37.7416 10.2122 3.05776 179.762
43.0999 37.7555 10.244 3.06376 179.73
43.1999 37.7692 10.2757 3.06975 179.698
43.2999 37.7827 10.3076 3.07573 179.666
43.3999 37.796 10.3395 3.0817 179.635
43.4999 37.8091 10.3714 3.08767 179.603
43.5999 37.8221 10.4034 3.09362 179.571
43.6999 37.8348 10.4355 3.09957 179.538
43.7999 37.8474 10.4676 3.10552 179.506
43.8999 37.8597 10.4998 3.11145 179.474
43.9999 37.8719 10.5321 3.11738 179.442
44.0999 37.8838 10.5644 3.12329 179.41
44.1999 37.8956 10.5967 3.1292 179.377
44.2999 37.9072 10.6291 3.13511 179.345
44.3999 37.9186 10.6616 3.141 179.312
44.4999 37.9298 10.6942 3.14689 179.28
44.5999 37.9409 10.7268 3.15277 179.247
44.6999 37.9517 10.7594 3.15864 179.215
44.7999 37.9624 10.7921 3.1645 179.182
44.8999 37.9729 10.8249 3.17035 179.149
44.9999 37.9831 10.8577 3.1762 179.116
45.0999 37.9933 10.8906 3.18204 179.083
45.1999 38.0032 10.9235 3.18787 179.05
45.2999 38.0129 10.9565 3.19369 179.017
45.3999 38.0225 10.9896 3.19951 178.984
45.4999 38.0319 11.0227 3.20531 178.951
45.5999 38.0411 11.0559 3.21111 178.918
45.6999 38.0501 11.0891 3.2169 178.885
45.7999 38.059 11.1224 3.22268 178.852
45.8999 38.0677 11.1557 3.22846 178.818
45.9999 38.0762 11.1891 3.23422 178.785
46.0999 38.0845 11.2225 3.23998 178.751
46.1999 38.0926 11.2561 3.24573 178.718
46.2999 38.1006 11.2896 3.25147 178.684
46.3999 38.1084 11.3232 3.2572 178.651
46.4999 38.1161 11.3569 3.26293 178.617
46.5999 38.1235 11.3906 3.26864 178.583
46.6999 38.1308 11.4244 3.27435 178.55
46.7999 38.138 11.4583 3.28005 178.516
46.8999 38.1449 11.4922 3.28574 178.482
46.9999 38.1517 11.5261 3.29142 178.448
47.0999 38.1583 11.5601 3.2971 178.414
47.1999 38.1648 11.5942 3.30276 178.38
47.2999 38.1711 11.6283 3.30842 178.346
47.3998 38.1772 11.6625 3.31407 178.311
47.4998 38.1831 11.6967 3.31971 178.277
47.5998 38.1889 11.731 3.32534 178.243
47.6998 38.1946 11.7653 3.33097 178.209
47.7998 38.2 11.7997 3.33658 178.174
47.8998 38.2053 11.8342 3.34219 178.14
47.9998 38.2105 11.8687 3.34779 178.105
48.0998 38.2155 11.9032 3.35338 178.071
48.1998 38.2203 11.9378 3.35896 178.036
48.2998 38.225 11.9725 3.36453 178.001
48.3998 38.2295 12.0072 3.37009 177.967
48.4998 38.2338 12.042 3.37565 177.932
48.5998 38.238 12.0768 3.38119 177.897
48.6998 38.2421 12.1117 3.38673 177.862
48.7998 38.2459 12.1466 3.39226 177.827
48.8998 38.2497 12.1816 3.39778 177.792
48.9998 38.2532 12.2166 3.40329 177.757
49.0998 38.2567 12.2517 3.4088 177.722
49.1998 38.2599 12.2869 3.41429 177.687
49.2998 38.263 12.3221 3.41978 177.652
49.3998 38.266 12.3573 3.42526 177.617
49.4998 38.2688 12.3926 3.43072 177.581
49.5998 38.2715 12.428 3.43618 177.546
49.6998 38.274 12.4634 3.44163 177.511
49.7998 38.2763 12.4989 3.44708 177.475
49.8998 38.2786 12.5344 3.45251 177.44
49.9998 38.2806 12.5699 3.45793 177.404
50.0998 38.2825 12.6056 3.46335 177.368
50.1998 38.2843 12.6412 3.46876 177.333
50.2998 38.2859 12.6769 3.47415 177.297
50.3998 38.2874 12.7127 3.47954 177.261
50.4998 38.2887 12.7485 3.48492 177.225
50.5998 38.2899 12.7844 3.49029 177.19
50.6998 38.291 12.8204 3.49565 177.154
50.7998 38.2919 12.8563 3.50101 177.118
50.8998 38.2926 12.8924 3.50635 177.082
50.9998 38.2932 12.9284 3.51168 177.046
51.0998 38.2937 12.9646 3.51701 177.009
51.1998 38.2941 13.0008 3.52233 176.973
51.2998 38.2943 13.037 3.52763 176.937
51.3998 38.2943 13.0733 3.53293 176.901
51.4998 38.2942 13.1096 3.53822 176.864
51.5998 38.294 13.146 3.5435 176.828
51.6998 38.2936 13.1824 3.54877 176.792
51.7998 38.2931 13.2189 3.55404 176.755
51.8998 38.2925 13.2555 3.55929 176.718
51.9998 38.2917 13.2921 3.56453 176.682
52.0998 38.2908 13.3287 3.56977 176.645
52.1998 38.2898 13.3654 3.57499 176.609
52.2998 38.2886 13.4021 3.58021 176.572
52.3998 38.2873 13.4389 3.58541 176.535
52.4998 38.2859 13.4757 3.59061 176.498
52.5998 38.2843 13.5126 3.5958 176.461
52.6998 38.2826 13.5496 3.60098 176.424
52.7998 38.2808 13.5865 3.60615 176.387
52.8998 38.2788 13.6236 3.61131 176.35
52.9998 38.2767 13.6607 3.61646 176.313
53.0998 38.2745 13.6978 3.6216 176.276
53.1998 38.2721 13.735 3.62673 176.239
53.2998 38.2696 13.7722 3.63185 176.202
53.3998 38.267 13.8095 3.63697 176.164
53.4998 38.2643 13.8468 3.64207 176.127
53.5998 38.2614 13.8842 3.64717 176.09
53.6998 38.2584 13.9216 3.65225 176.052
53.7998 38.2553 13.9591 3.65733 176.015
53.8997 38.252 13.9966 3.66239 175.977
53.9997 38.2486 14.0341 3.66745 175.94
54.0997 38.2451 14.0718 3.6725 175.902
54.1997 38.2415 14.1094 3.67753 175.865
54.2997 38.2378 14.1471 3.68256 175.827
54.3997 38.2339 14.1849 3.68758 175.789
54.4997 38.2299 14.2227 3.69259 175.751
54.5997 38.2258 14.2605 3.69759 175.713
54.6997 38.2215 14.2984 3.70258 175.676
54.7997 38.2172 14.3364 3.70756 175.638
54.8997 38.2127 14.3744 3.71253 175.6
54.9997 38.2081 14.4124 3.71749 175.562
55.0997 38.2034 14.4505 3.72244 175.523
55.1997 38.1985 14.4886 3.72738 175.485
55.2997 38.1936 14.5268 3.73231 175.447
55.3997 38.1885 14.565 3.73723 175.409
55.4997 38.1833 14.6033 3.74214 175.371
55.5997 38.178 14.6416 3.74704 175.332
55.6997 38.1726 14.6799 3.75194 175.294
55.7997 38.167 14.7184 3.75682 175.256
55.8997 38.1614 14.7568 3.76169 175.217
55.9997 38.1556 14.7953 3.76655 175.179
56.0997 38.1497 14.8338 3.77141 175.14
56.1997 38.1437 14.8724 3.77625 175.102
56.2997 38.1376 14.9111 3.78108 175.063
56.3997 38.1313 14.9497 3.78591 175.024
56.4997 38.125 14.9885 3.79072 174.986
56.5997 38.1185 15.0272 3.79552 174.947
56.6997 38.112 15.066 3.80032 174.908
56.7997 38.1053 15.1049 3.8051 174.869
56.8997 38.0985 15.1438 3.80987 174.83
56.9997 38.0916 15.1827 3.81464 174.791
57.0997 38.0846 15.2217 3.81939 174.752
57.1997 38.0774 15.2608 3.82413 174.713
57.2997 38.0702 15.2998 3.82887 174.674
57.3997 38.0628 15.339 3.83359 174.635
57.4997 38.0554 15.3781 3.8383 174.596
57.5997 38.0478 15.4173 3.84301 174.557
57.6997 38.0402 15.4566 3.8477 174.517
57.7997 38.0324 15.4959 3.85238 174.478
57.8997 38.0245 15.5352 3.85706 174.439
57.9997 38.0165 15.5746 3.86172 174.399
58.0997 38.0084 15.614 3.86637 174.36
58.1997 38.0002 15.6535 3.87101 174.32
58.2997 37.9919 15.693 3.87564 174.281
58.3997 37.9835 15.7325 3.88027 174.241
58.4997 37.975 15.7721 3.88488 174.202
58.5997 37.9664 15.8118 3.88948 174.162
58.6997 37.9576 15.8514 3.89407 174.123
58.7997 37.9488 15.8912 3.89865 174.083
58.8997 37.9399 15.9309 3.90322 174.043
58.9997 37.9308 15.9707 3.90778 174.003
59.0997 37.9217 16.0106 3.91233 173.963
59.1997 37.9125 16.0505 3.91687 173.923
59.2997 37.9031 16.0904 3.9214 173.884
59.3997 37.8937 16.1304 3.92592 173.844
59.4997 37.8842 16.1704 3.93043 173.804
59.5997 37.8745 16.2104 3.93493 173.764
59.6997 37.8648 16.2505 3.93941 173.723
59.7997 37.8549 16.2907 3.94389 173.683
59.8997 37.845 16.3308 3.94836 173.643
59.9997 37.835 16.3711 3.95281 173.603
60.0997 37.8248 16.4113 3.95726 173.563
60.1997 37.8146 16.4516 3.9617 173.522
60.2997 37.8043 16.492 3.96612 173.482
60.3997 37.7939 16.5323 3.97054 173.442
60.4996 37.7833 16.5728 3.97494 173.401
60.5996 37.7727 16.6132 3.97933 173.361
60.6996 37.762 16.6537 3.98371 173.32
60.7996 37.7512 16.6942 3.98809 173.28
60.8996 37.7403 16.7348 3.99245 173.239
60.9996 37.7293 16.7754 3.9968 173.199
61.0996 37.7182 16.8161 4.00114 173.158
61.1996 37.707 16.8568 4.00547 173.117
61.2996 37.6958 16.8975 4.00979 173.076
61.3996 37.6844 16.9383 4.0141 173.036
61.4996 37.6729 16.9791 4.01839 172.995
61.5996 37.6614 17.02 4.02268 172.954
61.6996 37.6497 17.0609 4.02696 172.913
61.7996 37.638 17.1018 4.03122 172.872
61.8996 37.6261 17.1427 4.03548 172.831
61.9996 37.6142 17.1838 4.03972 172.79
62.0996 37.6022 17.2248 4.04395 172.749
62.1996 37.5901 17.2659 4.04818 172.708
62.2996 37.5779 17.307 4.05239 172.667
62.3996 37.5656 17.3482 4.05659 172.626
62.4996 37.5532 17.3893 4.06078 172.585
62.5996 37.5408 17.4306 4.06496 172.543
62.6996 37.5282 17.4718 4.06912 172.502
62.7996 37.5156 17.5131 4.07328 172.461
62.8996 37.5029 17.5545 4.07743 172.419
62.9996 37.4901 17.5959 4.08156 172.378
63.0996 37.4772 17.6373 4.08569 172.337
63.1996 37.4642 17.6787 4.0898 172.295
63.2996 37.4511 17.7202 4.0939 172.254
63.3996 37.4379 17.7618 4.09799 172.212
63.4996 37.4247 17.8033 4.10207 172.171
63.5996 37.4114 17.8449 4.10614 172.129
63.6996 37.3979 17.8866 4.1102 172.087
63.7996 37.3844 17.9282 4.11425 172.046
63.8996 37.3708 17.9699 4.11829 172.004
63.9996 37.3572 18.0117 4.12231 171.962
64.0996 37.3434 18.0534 4.12633 171.921
64.1996 37.3296 18.0953 4.13033 171.879
64.2996 37.3157 18.1371 4.13432 171.837
64.3996 37.3017 18.179 4.1383 171.795
64.4996 37.2876 18.2209 4.14227 171.753
64.5996 37.2734 18.2629 4.14623 171.711
64.6996 37.2591 18.3049 4.15018 171.669
64.7996 37.2448 18.3469 4.15411 171.627
64.8996 37.2304 18.3889 4.15804 171.585
64.9996 37.2159 18.431 4.16195 171.543
65.0996 37.2013 18.4732 4.16585 171.501
65.1996 37.1867 18.5153 4.16974 171.459
65.2996 37.1719 18.5575 4.17362 171.416
65.3996 37.1571 18.5997 4.17749 171.374
65.4996 37.1422 18.642 4.18135 171.332
65.5996 37.1272 18.6843 4.1852 171.29
65.6996 37.1122 18.7266 4.18903 171.247
65.7996 37.0971 18.769 4.19285 171.205
65.8996 37.0818 18.8114 4.19667 171.163
65.9996 37.0665 18.8538 4.20047 171.12
66.0996 37.0512 18.8963 4.20426 171.078
66.1996 37.0357 18.9388 4.20803 171.035
66.2996 37.0202 18.9813 4.2118 170.993
66.3996 37.0046 19.0239 4.21556 170.95
66.4996 36.9889 19.0664 4.2193 170.908
66.5996 36.9732 19.1091 4.22303 170.865
66.6996 36.9574 19.1517 4.22675 170.822
66.7996 36.9414 19.1944 4.23046 170.78
66.8996 36.9255 19.2371 4.23416 170.737
66.9995 36.9094 19.2799 4.23785 170.694
67.0995 36.8933 19.3227 4.24152 170.651
67.1995 36.8771 19.3655 4.24518 170.608
67.2995 36.8608 19.4083 4.24884 170.566
67.3995 36.8444 19.4512 4.25248 170.523
67.4995 36.828 19.4941 4.2561 170.48
67.5995 36.8115 19.5371 4.25972 170.437
67.6995 36.7949 19.58 4.26333 170.394
67.7995 36.7783 19.623 4.26692 170.351
67.8995 36.7616 19.6661 4.2705 170.308
67.9995 36.7448 19.7091 4.27407 170.265
68.0995 36.7279 19.7522 4.27763 170.222
68.1995 36.711 19.7954 4.28118 170.179
68.2995 36.694 19.8385 4.28471 170.135
68.3995 36.6769 19.8817 4.28824 170.092
68.4995 36.6597 19.9249 4.29175 170.049
68.5995 36.6425 19.9682 4.29525 170.006
68.6995 36.6252 20.0114 4.29874 169.963
68.7995 36.6079 20.0547 4.30221 169.919
68.8995 36.5904 20.0981 4.30568 169.876
68.9995 36.5729 20.1414 4.30913 169.833
69.0995 36.5554 20.1848 4.31257 169.789
69.1995 36.5377 20.2282 4.316 169.746
69.2995 36.52 20.2717 4.31942 169.702
69.3995 36.5022 20.3152 4.32283 169.659
69.4995 36.4844 20.3587 4.32622 169.615
69.5995 36.4665 20.4022 4.3296 169.572
69.6995 36.4485 20.4458 4.33297 169.528
69.7995 36.4304 20.4893 4.33633 169.485
69.8995 36.4123 20.533 4.33968 169.441
69.9995 36.3941 20.5766 4.34301 169.397
70.0995 36.3759 20.6203 4.34633 169.354
70.1995 36.3575 20.664 4.34964 169.31
70.2995 36.3391 20.7077 4.35294 169.266
70.3995 36.3207 20.7515 4.35623 169.222
70.4995 36.3022 20.7953 4.3595 169.179
70.5995 36.2836 20.8391 4.36276 169.135
70.6995 36.2649 20.8829 4.36601 169.091
70.7995 36.2462 20.9268 4.36925 169.047
70.8995 36.2274 20.9707 4.37248 169.003
70.9995 36.2086 21.0146 4.37569 168.959
71.0995 36.1897 21.0585 4.3789 168.915
71.1995 36.1707 21.1025 4.38209 168.871
71.2995 36.1516 21.1465 4.38526 168.827
71.3995 36.1325 21.1905 4.38843 168.783
71.4995 36.1134 21.2346 4.39158 168.739
71.5995 36.0941 21.2786 4.39472 168.695
71.6995 36.0748 21.3227 4.39785 168.651
71.7995 36.0555 21.3669 4.40097 168.607
71.8995 36.0361 21.411 4.40408 168.563
71.9995 36.0166 21.4552 4.40717 168.519
72.0995 35.997 21.4994 4.41025 168.475
72.1995 35.9774 21.5436 4.41332 168.43
72.2995 35.9578 21.5879 4.41637 168.386
72.3995 35.938 21.6321 4.41942 168.342
72.4995 35.9182 21.6764 4.42245 168.298
72.5995 35.8984 21.7208 4.42547 168.253
72.6995 35.8785 21.7651 4.42848 168.209
72.7995 35.8585 21.8095 4.43147 168.164
72.8995 35.8384 21.8539 4.43445 168.12
72.9995 35.8183 21.8983 4.43742 168.076
73.0995 35.7982 21.9427 4.44038 168.031
73.1995 35.778 21.9872 4.44333 167.987
73.2995 35.7577 22.0317 4.44626 167.942
73.3995 35.7373 22.0762 4.44918 167.898
73.4995 35.7169 22.1207 4.45209 167.853
73.5994 35.6965 22.1653 4.45498 167.809
73.6994 35.676 22.2099 4.45787 167.764
73.7994 35.6554 22.2545 4.46074 167.719
73.8994 35.6348 22.2991 4.4636 167.675
73.9994 35.6141 22.3438 4.46644 167.63
74.0994 35.5933 22.3885 4.46927 167.586
74.1994 35.5725 22.4331 4.4721 167.541
74.2994 35.5517 22.4779 4.4749 167.496
74.3994 35.5307 22.5226 4.4777 167.451
74.4994 35.5097 22.5674 4.48048 167.407
74.5994 35.4887 22.6121 4.48325 167.362
74.6994 35.4676 22.657 4.48601 167.317
74.7994 35.4465 22.7018 4.48876 167.272
74.8994 35.4253 22.7466 4.49149 167.227
74.9994 35.404 22.7915 4.49421 167.182
75.0994 35.3827 22.8364 4.49692 167.138
75.1994 35.3613 22.8813 4.49961 167.093
75.2994 35.3399 22.9262 4.5023 167.048
75.3994 35.3184 22.9712 4.50497 167.003
75.4994 35.2968 23.0161 4.50762 166.958
75.5994 35.2752 23.0611 4.51027 166.913
75.6994 35.2536 23.1062 4.5129 166.868
75.7994 35.2319 23.1512 4.51552 166.823
75.8994 35.2101 23.1962 4.51813 166.778
75.9994 35.1883 23.2413 4.52072 166.733
76.0994 35.1664 23.2864 4.5233 166.688
76.1994 35.1445 23.3315 4.52587 166.642
76.2994 35.1225 23.3766 4.52843 166.597
76.3994 35.1005 23.4218 4.53097 166.552
76.4994 35.0784 23.467 4.5335 166.507
76.5994 35.0563 23.5122 4.53602 166.462
76.6994 35.0341 23.5574 4.53852 166.417
76.7994 35.0118 23.6026 4.54101 166.371
76.8994 34.9895 23.6478 4.54349 166.326
76.9994 34.9672 23.6931 4.54596 166.281
77.0994 34.9448 23.7384 4.54841 166.236
77.1994 34.9223 23.7837 4.55085 166.19
77.2994 34.8998 23.829 4.55328 166.145
77.3994 34.8773 23.8743 4.55569 166.1
77.4994 34.8547 23.9197 4.55809 166.054
77.5994 34.832 23.965 4.56048 166.009
77.6994 34.8093 24.0104 4.56286 165.964
77.7994 34.7865 24.0558 4.56522 165.918
77.8994 34.7637 24.1013 4.56757 165.873
77.9994 34.7409 24.1467 4.56991 165.827
78.0994 34.7179 24.1921 4.57223 165.782
78.1994 34.695 24.2376 4.57454 165.736
78.2994 34.672 24.2831 4.57684 165.691
78.3994 34.6489 24.3286 4.57912 165.645
78.4994 34.6258 24.3741 4.58139 165.6
78.5994 34.6026 24.4197 4.58365 165.554
78.6994 34.5794 24.4652 4.5859 165.509
78.7994 34.5561 24.5108 4.58813 165.463
78.8994 34.5328 24.5564 4.59035 165.418
78.9994 34.5095 24.602 4.59256 165.372
79.0994 34.486 24.6476 4.59475 165.326
79.1994 34.4626 24.6932 4.59693 165.281
79.2994 34.4391 24.7389 4.5991 165.235
79.3994 34.4155 24.7845 4.60125 165.189
79.4994 34.3919 24.8302 4.60339 165.144
79.5994 34.3683 24.8759 4.60552 165.098
79.6994 34.3446 24.9216 4.60764 165.052
79.7994 34.3208 24.9673 4.60974 165.007
79.8994 34.297 25.0131 4.61182 164.961
79.9994 34.2732 25.0588 4.6139 164.915
80.0993 34.2493 25.1046 4.61596 164.869
80.1993 34.2253 25.1504 4.61801 164.824
80.2993 34.2014 25.1961 4.62004 164.778
80.3993 34.1773 25.242 4.62207 164.732
80.4993 34.1533 25.2878 4.62408 164.686
80.5993 34.1291 25.3336 4.62607 164.64
80.6993 34.105 25.3794 4.62805 164.595
80.7993 34.0807 25.4253 4.63002 164.549
80.8993 34.0565 25.4712 4.63198 164.503
80.9993 34.0322 25.5171 4.63392 164.457
81.0993 34.0078 25.563 4.63585 164.411
81.1993 33.9834 25.6089 4.63776 164.365
81.2993 33.959 25.6548 4.63967 164.319
81.3993 33.9345 25.7007 4.64156 164.273
81.4993 33.9099 25.7467 4.64343 164.227
81.5993 33.8854 25.7926 4.64529 164.181
81.6993 33.8607 25.8386 4.64714 164.135
81.7993 33.8361 25.8846 4.64898 164.089
81.8993 33.8114 25.9306 4.6508 164.043
81.9993 33.7866 25.9766 4.65261 163.997
82.0993 33.7618 26.0226 4.6544 163.951
82.1993 33.7369 26.0686 4.65618 163.905
82.2993 33.7121 26.1147 4.65795 163.859
82.3993 33.6871 26.1607 4.65971 163.813
82.4993 33.6621 26.2068 4.66145 163.767
82.5993 33.6371 26.2528 4.66318 163.721
82.6993 33.6121 26.2989 4.66489 163.675
82.7993 33.587 26.345 4.66659 163.629
82.8993 33.5618 26.3911 4.66828 163.583
82.9993 33.5366 26.4372 4.66995 163.537
83.0993 33.5114 26.4833 4.67161 163.491
83.1993 33.4861 26.5295 4.67326 163.444
83.2993 33.4608 26.5756 4.67489 163.398
83.3993 33.4354 26.6218 4.67651 163.352
83.4993 33.41 26.6679 4.67812 163.306
83.5993 33.3846 26.7141 4.67971 163.26
83.6993 33.3591 26.7603 4.68129 163.214
83.7993 33.3335 26.8064 4.68285 163.168
83.8993 33.308 26.8526 4.6844 163.121
83.9993 33.2824 26.8988 4.68594 163.075
84.0993 33.2567 26.9451 4.68746 163.029
84.1993 33.231 26.9913 4.68897 162.983
84.2993 33.2053 27.0375 4.69047 162.936
84.3993 33.1795 27.0837 4.69195 162.89
84.4993 33.1537 27.13 4.69342 162.844
84.5993 33.1278 27.1762 4.69488 162.798
84.6993 33.1019 27.2225 4.69632 162.751
84.7993 33.076 27.2688 4.69775 162.705
84.8993 33.05 27.315 4.69916 162.659
84.9993 33.024 27.3613 4.70056 162.613
85.0993 32.9979 27.4076 4.70195 162.566
85.1993 32.9718 27.4539 4.70332 162.52
85.2993 32.9457 27.5002 4.70468 162.474
85.3993 32.9195 27.5465 4.70603 162.427
85.4993 32.8933 27.5928 4.70736 162.381
85.5993 32.867 27.6392 4.70868 162.335
85.6993 32.8407 27.6855 4.70998 162.288
85.7993 32.8144 27.7318 4.71127 162.242
85.8993 32.788 27.7782 4.71255 162.196
85.9993 32.7616 27.8245 4.71381 162.149
86.0993 32.7351 27.8709 4.71506 162.103
86.1993 32.7086 27.9172 4.7163 162.057
86.2993 32.6821 27.9636 4.71752 162.01
86.3993 32.6555 28.0099 4.71873 161.964
86.4993 32.6289 28.0563 4.71992 161.918
86.5993 32.6023 28.1027 4.7211 161.871
86.6992 32.5756 28.1491 4.72226 161.825
86.7992 32.5489 28.1955 4.72342 161.778
86.8992 32.5221 28.2419 4.72455 161.732
86.9992 32.4953 28.2883 4.72568 161.686
87.0992 32.4685 28.3347 4.72679 161.639
87.1992 32.4416 28.3811 4.72788 161.593
87.2992 32.4147 28.4275 4.72896 161.546
87.3992 32.3878 28.4739 4.73003 161.5
87.4992 32.3608 28.5203 4.73109 161.454
87.5992 32.3338 28.5667 4.73213 161.407
87.6992 32.3067 28.6131 4.73315 161.361
87.7992 32.2796 28.6596 4.73416 161.314
87.8992 32.2525 28.706 4.73516 161.268
87.9992 32.2253 28.7524 4.73615 161.222
88.0992 32.1981 28.7989 4.73712 161.175
88.1992 32.1709 28.8453 4.73807 161.129
88.2992 32.1436 28.8917 4.73901 161.082
88.3992 32.1163 28.9382 4.73994 161.036
88.4992 32.089 28.9846 4.74086 160.989
88.5992 32.0616 29.0311 4.74176 160.943
88.6992 32.0342 29.0775 4.74264 160.896
88.7992 32.0067 29.124 4.74351 160.85
88.8992 31.9792 29.1704 4.74437 160.804
88.9992 31.9517 29.2169 4.74521 160.757
89.0992 31.9242 29.2633 4.74604 160.711
89.1992 31.8966 29.3098 4.74686 160.664
89.2992 31.8689 29.3563 4.74766 160.618
89.3992 31.8413 29.4027 4.74844 160.571
89.4992 31.8136 29.4492 4.74922 160.525
89.5992 31.7858 29.4956 4.74998 160.478
89.6992 31.7581 29.5421 4.75072 160.432
89.7992 31.7303 29.5886 4.75145 160.385
89.8992 31.7024 29.635 4.75217 160.339
89.9992 31.6746 29.6815 4.75287 160.292
90.0992 31.6467 29.7279 4.75355 160.246
90.1992 31.6187 29.7744 4.75423 160.2
90.2992 31.5908 29.8209 4.75489 160.153
90.3992 31.5628 29.8673 4.75553 160.107
90.4992 31.5347 29.9138 4.75616 160.06
90.5992 31.5067 29.9602 4.75678 160.014
90.6992 31.4786 30.0067 4.75738 159.967
90.7992 31.4504 30.0532 4.75797 159.921
90.8992 31.4222 30.0996 4.75854 159.874
90.9992 31.394 30.1461 4.7591 159.828
91.0992 31.3658 30.1925 4.75964 159.781
91.1992 31.3375 30.239 4.76017 159.735
91.2992 31.3092 30.2854 4.76069 159.689
91.3992 31.2809 30.3319 4.76119 159.642
91.4992 31.2525 30.3783 4.76168 159.596
91.5992 31.2241 30.4248 4.76215 159.549
91.6992 31.1957 30.4712 4.76261 159.503
91.7992 31.1672 30.5177 4.76306 159.456
91.8992 31.1387 30.5641 4.76349 159.41
91.9992 31.1102 30.6105 4.7639 159.363
92.0992 31.0817 30.657 4.7643 159.317
92.1992 31.0531 30.7034 4.76469 159.271
92.2992 31.0244 30.7498 4.76506 159.224
92.3992 30.9958 30.7962 4.76542 159.178
92.4992 30.9671 30.8427 4.76577 159.131
92.5992 30.9384 30.8891 4.7661 159.085
92.6992 30.9096 30.9355 4.76641 159.038
92.7992 30.8808 30.9819 4.76671 158.992
92.8992 30.852 31.0283 4.767 158.946
92.9992 30.8232 31.0747 4.76727 158.899
93.0992 30.7943 31.1211 4.76753 158.853
93.1992 30.7654 31.1675 4.76777 158.806
93.2991 30.7365 31.2139 4.768 158.76
93.3991 30.7075 31.2603 4.76821 158.714
93.4991 30.6785 31.3066 4.76841 158.667
93.5991 30.6495 31.353 4.7686 158.621
93.6991 30.6204 31.3994 4.76877 158.575
93.7991 30.5913 31.4458 4.76893 158.528
93.8991 30.5622 31.4921 4.76907 158.482
93.9991 30.5331 31.5385 4.76919 158.435
94.0991 30.5039 31.5848 4.76931 158.389
94.1991 30.4747 31.6311 4.7694 158.343
94.2991 30.4455 31.6775 4.76949 158.296
94.3991 30.4162 31.7238 4.76956 158.25
94.4991 30.3869 31.7701 4.76961 158.204
94.5991 30.3576 31.8164 4.76965 158.158
94.6991 30.3282 31.8628 4.76968 158.111
94.7991 30.2988 31.9091 4.76969 158.065
94.8991 30.2694 31.9554 4.76968 158.019
94.9991 30.24 32.0016 4.76967 157.972
95.0991 30.2105 32.0479 4.76963 157.926
95.1991 30.181 32.0942 4.76959 157.88
95.2991 30.1515 32.1405 4.76952 157.833
95.3991 30.1219 32.1867 4.76945 157.787
95.4991 30.0923 32.233 4.76936 157.741
95.5991 30.0627 32.2792 4.76925 157.695
95.6991 30.0331 32.3255 4.76913 157.648
95.7991 30.0034 32.3717 4.76899 157.602
95.8991 29.9737 32.4179 4.76884 157.556
95.9991 29.944 32.4641 4.76868 157.51
96.0991 29.9142 32.5103 4.7685 157.464
96.1991 29.8844 32.5565 4.76831 157.417
96.2991 29.8546 32.6027 4.7681 157.371
96.3991 29.8248 32.6489 4.76788 157.325
96.4991 29.7949 32.6951 4.76764 157.279
96.5991 29.765 32.7412 4.76739 157.233
96.6991 29.7351 32.7874 4.76712 157.187
96.7991 29.7051 32.8335 4.76684 157.14
96.8991 29.6751 32.8796 4.76654 157.094
96.9991 29.6451 32.9258 4.76623 157.048
97.0991 29.6151 32.9719 4.76591 157.002
97.1991 29.585 33.018 4.76557 156.956
97.2991 29.5549 33.0641 4.76521 156.91
97.3991 29.5248 33.1101 4.76484 156.864
97.4991 29.4947 33.1562 4.76446 156.818
97.5991 29.4645 33.2023 4.76406 156.772
97.6991 29.4343 33.2483 4.76364 156.726
97.7991 29.4041 33.2944 4.76321 156.68
97.8991 29.3738 33.3404 4.76277 156.634
97.9991 29.3436 33.3864 4.76231 156.588
98.0991 29.3133 33.4324 4.76184 156.542
98.1991 29.2829 33.4784 4.76135 156.496
98.2991 29.2526 33.5244 4.76085 156.45
98.3991 29.2222 33.5703 4.76033 156.404
98.4991 29.1918 33.6163 4.7598 156.358
98.5991 29.1613 33.6623 4.75925 156.312
98.6991 29.1309 33.7082 4.75869 156.266
98.7991 29.1004 33.7541 4.75812 156.22
98.8991 29.0699 33.8 4.75753 156.174
98.9991 29.0393 33.8459 4.75692 156.128
99.0991 29.0088 33.8918 4.7563 156.082
99.1991 28.9782 33.9377 4.75566 156.036
99.2991 28.9476 33.9835 4.75501 155.99
99.3991 28.9169 34.0294 4.75435 155.945
99.4991 28.8863 34.0752 4.75367 155.899
99.5991 28.8556 34.121 4.75297 155.853
99.6991 28.8249 34.1668 4.75226 155.807
99.799 28.7941 34.2126 4.75154 155.761
99.899 28.7634 34.2584 4.7508 155.716
99.999 28.7326 34.3042 4.75005 155.67
100.099 28.7017 34.3499 4.74928 155.624
100.199 28.6709 34.3956 4.74849 155.578
100.299 28.64 34.4414 4.7477 155.533
100.399 28.6092 34.4871 4.74688 155.487
100.499 28.5782 34.5328 4.74605 155.441
100.599 28.5473 34.5784 4.74521 155.396
100.699 28.5163 34.6241 4.74435 155.35
100.799 28.4853 34.6697 4.74348 155.304
100.899 28.4543 34.7154 4.74259 155.259
100.999 28.4233 34.761 4.74169 155.213
101.099 28.3922 34.8066 4.74077 155.167
101.199 28.3611 34.8522 4.73984 155.122
101.299 28.33 34.8978 4.73889 155.076
101.399 28.2989 34.9433 4.73793 155.031
101.499 28.2677 34.9888 4.73695 154.985
101.599 28.2366 35.0344 4.73596 154.94
101.699 28.2054 35.0799 4.73495 154.894
101.799 28.1741 35.1254 4.73393 154.849
101.899 28.1429 35.1708 4.7329 154.803
101.999 28.1116 35.2163 4.73184 154.758
102.099 28.0803 35.2617 4.73078 154.712
102.199 28.049 35.3071 4.7297 154.667
102.299 28.0176 35.3526 4.7286 154.621
102.399 27.9863 35.3979 4.72749 154.576
102.499 27.9549 35.4433 4.72636 154.531
102.599 27.9235 35.4887 4.72522 154.485
102.699 27.892 35.534 4.72407 154.44
102.799 27.8606 35.5793 4.72289 154.395
102.899 27.8291 35.6246 4.72171 154.349
102.999 27.7976 35.6699 4.72051 154.304
103.099 27.766 35.7152 4.71929 154.259
103.199 27.7345 35.7604 4.71806 154.214
103.299 27.7029 35.8056 4.71681 154.168
103.399 27.6713 35.8508 4.71555 154.123
103.499 27.6397 35.896 4.71428 154.078
103.599 27.608 35.9412 4.71299 154.033
103.699 27.5764 35.9863 4.71168 153.988
103.799 27.5447 36.0315 4.71036 153.942
103.899 27.513 36.0766 4.70903 153.897
103.999 27.4813 36.1217 4.70768 153.852
104.099 27.4495 36.1667 4.70631 153.807
104.199 27.4177 36.2118 4.70493 153.762
104.299 27.3859 36.2568 4.70353 153.717
104.399 27.3541 36.3018 4.70212 153.672
104.499 27.3223 36.3468 4.7007 153.627
104.599 27.2904 36.3918 4.69926 153.582
104.699 27.2585 36.4368 4.6978 153.537
104.799 27.2266 36.4817 4.69633 153.492
104.899 27.1947 36.5266 4.69485 153.447
104.999 27.1627 36.5715 4.69335 153.402
105.099 27.1308 36.6164 4.69183 153.358
105.199 27.0988 36.6612 4.6903 153.313
105.299 27.0668 36.706 4.68876 153.268
105.399 27.0347 36.7508 4.6872 153.223
105.499 27.0027 36.7956 4.68562 153.178
105.599 26.9706 36.8404 4.68403 153.134
105.699 26.9385 36.8851 4.68243 153.089
105.799 26.9064 36.9298 4.68081 153.044
105.899 26.8742 36.9745 4.67917 152.999
105.999 26.8421 37.0192 4.67752 152.955
106.099 26.8099 37.0639 4.67585 152.91
106.199 26.7777 37.1085 4.67417 152.865
106.299 26.7455 37.1531 4.67248 152.821
106.399 26.7132 37.1977 4.67077 152.776
106.499 26.681 37.2422 4.66904 152.732
106.599 26.6487 37.2868 4.6673 152.687
106.699 26.6164 37.3313 4.66555 152.643
106.799 26.584 37.3758 4.66378 152.598
106.899 26.5517 37.4203 4.66199 152.554
106.999 26.5193 37.4647 4.66019 152.509
107.099 26.4869 37.5091 4.65838 152.465
107.199 26.4545 37.5535 4.65655 152.42
107.299 26.4221 37.5979 4.6547 152.376
107.399 26.3897 37.6422 4.65284 152.332
107.499 26.3572 37.6866 4.65096 152.287
107.599 26.3247 37.7309 4.64907 152.243
107.699 26.2922 37.7751 4.64717 152.199
107.799 26.2597 37.8194 4.64525 152.155
107.899 26.2271 37.8636 4.64331 152.11
107.999 26.1946 37.9078 4.64136 152.066
108.099 26.162 37.952 4.6394 152.022
108.199 26.1294 37.9961 4.63741 151.978
108.299 26.0967 38.0403 4.63542 151.934
108.399 26.0641 38.0844 4.63341 151.89
108.499 26.0314 38.1284 4.63138 151.846
108.599 25.9988 38.1725 4.62934 151.801
108.699 25.9661 38.2165 4.62729 151.757
108.799 25.9333 38.2605 4.62521 151.713
108.899 25.9006 38.3045 4.62313 151.669
108.999 25.8678 38.3484 4.62103 151.626
109.099 25.8351 38.3923 4.61891 151.582
109.199 25.8023 38.4362 4.61678 151.538
109.299 25.7694 38.4801 4.61464 151.494
109.399 25.7366 38.5239 4.61247 151.45
109.499 25.7038 38.5677 4.6103 151.406
109.599 25.6709 38.6115 4.60811 151.362
109.699 25.638 38.6553 4.6059 151.319
109.799 25.6051 38.699 4.60368 151.275
109.899 25.5722 38.7427 4.60144 151.231
109.999 25.5392 38.7864 4.59919 151.188
110.099 25.5062 38.83 4.59693 151.144
110.199 25.4733 38.8737 4.59465 151.1
110.299 25.4403 38.9172 4.59235 151.057
110.399 25.4072 38.9608 4.59004 151.013
110.499 25.3742 39.0043 4.58771 150.97
110.599 25.3411 39.0479 4.58537 150.926
110.699 25.3081 39.0913 4.58301 150.883
110.799 25.275 39.1348 4.58064 150.839
110.899 25.2419 39.1782 4.57826 150.796
110.999 25.2087 39.2216 4.57586 150.752
111.099 25.1756 39.265 4.57344 150.709
111.199 25.1424 39.3083 4.57101 150.666
111.299 25.1092 39.3516 4.56856 150.622
111.399 25.076 39.3949 4.5661 150.579
111.499 25.0428 39.4381 4.56363 150.536
111.599 25.0096 39.4813 4.56113 150.493
111.699 24.9763 39.5245 4.55863 150.449
111.799 24.9431 39.5677 4.55611 150.406
111.899 24.9098 39.6108 4.55357 150.363
111.999 24.8765 39.6539 4.55102 150.32
112.099 24.8431 39.6969 4.54845 150.277
112.199 24.8098 39.74 4.54587 150.234
112.299 24.7764 39.783 4.54328 150.191
112.399 24.7431 39.826 4.54066 150.148
112.499 24.7097 39.8689 4.53804 150.105
112.599 24.6763 39.9118 4.5354 150.062
112.699 24.6428 39.9547 4.53274 150.019
112.799 24.6094 39.9975 4.53007 149.976
112.899 24.5759 40.0403 4.52738 149.934
112.999 24.5425 40.0831 4.52468 149.891
113.099 24.509 40.1259 4.52197 149.848
113.199 24.4754 40.1686 4.51924 149.805
113.299 24.4419 40.2113 4.51649 149.763
113.399 24.4084 40.254 4.51373 149.72
113.499 24.3748 40.2966 4.51095 149.677
113.599 24.3412 40.3392 4.50816 149.635
113.699 24.3076 40.3817 4.50536 149.592
113.799 24.274 40.4243 4.50254 149.55
113.899 24.2404 40.4668 4.4997 149.507
113.999 24.2068 40.5092 4.49685 149.465
114.099 24.1731 40.5516 4.49398 149.422
114.199 24.1394 40.594 4.4911 149.38
114.299 24.1057 40.6364 4.48821 149.338
114.399 24.072 40.6787 4.4853 149.295
114.499 24.0383 40.721 4.48237 149.253
114.599 24.0045 40.7633 4.47943 149.211
114.699 23.9708 40.8055 4.47648 149.168
114.799 23.937 40.8477 4.47351 149.126
114.899 23.9032 40.8899 4.47052 149.084
114.999 23.8694 40.932 4.46752 149.042
115.099 23.8356 40.9741 4.46451 149
115.199 23.8018 41.0162 4.46148 148.958
115.299 23.7679 41.0582 4.45843 148.916
115.399 23.734 41.1002 4.45537 148.874
115.499 23.7001 41.1421 4.4523 148.832
115.599 23.6662 41.184 4.44921 148.79
115.699 23.6323 41.2259 4.44611 148.748
115.799 23.5984 41.2678 4.44299 148.706
115.899 23.5644 41.3096 4.43985 148.664
115.999 23.5305 41.3514 4.4367 148.623
116.099 23.4965 41.3931 4.43354 148.581
116.199 23.4625 41.4348 4.43036 148.539
116.299 23.4285 41.4765 4.42717 148.497
116.399 23.3945 41.5181 4.42396 148.456
116.499 23.3604 41.5597 4.42074 148.414
116.599 23.3264 41.6013 4.4175 148.373
116.699 23.2923 41.6428 4.41425 148.331
116.799 23.2582 41.6843 4.41098 148.29
116.899 23.2241 41.7258 4.4077 148.248
116.999 23.19 41.7672 4.4044 148.207
117.099 23.1559 41.8086 4.40109 148.165
117.199 23.1217 41.8499 4.39776 148.124
117.299 23.0875 41.8912 4.39442 148.083
117.399 23.0534 41.9325 4.39106 148.041
117.499 23.0192 41.9737 4.38769 148
117.599 22.985 42.0149 4.3843 147.959
117.699 22.9508 42.0561 4.3809 147.918
117.799 22.9165 42.0972 4.37749 147.877
117.899 22.8823 42.1383 4.37406 147.836
117.999 22.848 42.1793 4.37061 147.795
118.099 22.8137 42.2203 4.36715 147.754
118.199 22.7794 42.2613 4.36368 147.713
118.299 22.7451 42.3022 4.36019 147.672
118.399 22.7108 42.3431 4.35668 147.631
118.499 22.6765 42.3839 4.35316 147.59
118.599 22.6421 42.4248 4.34963 147.549
118.699 22.6077 42.4655 4.34608 147.508
118.799 22.5734 42.5063 4.34252 147.468
118.899 22.539 42.547 4.33894 147.427
118.999 22.5046 42.5876 4.33535 147.386
119.099 22.4701 42.6282 4.33174 147.346
119.199 22.4357 42.6688 4.32812 147.305
119.299 22.4012 42.7093 4.32448 147.265
119.399 22.3668 42.7498 4.32083 147.224
119.499 22.3323 42.7903 4.31716 147.184
119.599 22.2978 42.8307 4.31348 147.143
119.699 22.2633 42.8711 4.30979 147.103
119.799 22.2288 42.9114 4.30608 147.063
119.899 22.1942 42.9517 4.30235 147.022
119.999 22.1597 42.992 4.29861 146.982
120.099 22.1251 43.0322 4.29486 146.942
120.199 22.0905 43.0724 4.29109 146.902
120.299 22.056 43.1125 4.28731 146.861
120.399 22.0214 43.1526 4.28351 146.821
120.499 21.9867 43.1927 4.2797 146.781
120.599 21.9521 43.2327 4.27587 146.741
120.699 21.9175 43.2727 4.27203 146.701
120.799 21.8828 43.3126 4.26817 146.661
120.899 21.8481 43.3525 4.2643 146.621
120.999 21.8134 43.3923 4.26041 146.582
121.099 21.7787 43.4321 4.25651 146.542
121.199 21.744 43.4719 4.2526 146.502
121.299 21.7093 43.5116 4.24867 146.462
121.399 21.6746 43.5513 4.24473 146.423
121.499 21.6398 43.5909 4.24077 146.383
121.599 21.6051 43.6305 4.23679 146.343
121.699 21.5703 43.6701 4.23281 146.304
121.799 21.5355 43.7096 4.2288 146.264
121.899 21.5007 43.7491 4.22479 146.225
121.999 21.4659 43.7885 4.22076 146.185
122.099 21.431 43.8279 4.21671 146.146
122.199 21.3962 43.8672 4.21265 146.107
122.299 21.3613 43.9065 4.20858 146.067
122.399 21.3265 43.9458 4.20449 146.028
122.499 21.2916 43.985 4.20038 145.989
122.599 21.2567 44.0241 4.19627 145.95
122.699 21.2218 44.0632 4.19213 145.911
122.799 21.1869 44.1023 4.18799 145.872
122.899 21.1519 44.1414 4.18382 145.833
122.999 21.117 44.1803 4.17965 145.794
123.099 21.082 44.2193 4.17546 145.755
123.199 21.0471 44.2582 4.17125 145.716
123.299 21.0121 44.297 4.16704 145.677
123.399 20.9771 44.3359 4.1628 145.638
123.499 20.9421 44.3746 4.15855 145.599
123.599 20.9071 44.4134 4.15429 145.561
123.699 20.872 44.452 4.15002 145.522
123.799 20.837 44.4907 4.14572 145.483
123.899 20.8019 44.5292 4.14142 145.445
123.999 20.7669 44.5678 4.1371 145.406
124.099 20.7318 44.6063 4.13277 145.368
124.199 20.6967 44.6447 4.12842 145.329
124.299 20.6616 44.6831 4.12405 145.291
124.399 20.6265 44.7215 4.11968 145.252
124.499 20.5913 44.7598 4.11529 145.214
124.599 20.5562 44.7981 4.11088 145.176
124.699 20.521 44.8363 4.10646 145.138
124.799 20.4859 44.8745 4.10203 145.099
124.899 20.4507 44.9126 4.09758 145.061
124.999 20.4155 44.9507 4.09312 145.023
125.099 20.3803 44.9887 4.08864 144.985
125.199 20.3451 45.0267 4.08415 144.947
125.299 20.3099 45.0647 4.07964 144.909
125.399 20.2746 45.1026 4.07513 144.871
125.499 20.2394 45.1404 4.07059 144.834
125.599 20.2041 45.1782 4.06604 144.796
125.699 20.1688 45.216 4.06148 144.758
125.799 20.1336 45.2537 4.05691 144.72
125.899 20.0983 45.2913 4.05232 144.683
125.999 20.063 45.329 4.04771 144.645
126.099 20.0276 45.3665 4.04309 144.607
126.199 19.9923 45.404 4.03846 144.57
126.299 19.957 45.4415 4.03381 144.532
126.399 19.9216 45.4789 4.02915 144.495
126.499 19.8862 45.5163 4.02448 144.458
126.599 19.8509 45.5536 4.01979 144.42
126.699 19.8155 45.5909 4.01509 144.383
126.799 19.7801 45.6281 4.01037 144.346
126.899 19.7447 45.6653 4.00564 144.309
126.999 19.7093 45.7024 4.00089 144.272
127.099 19.6738 45.7395 3.99613 144.234
127.199 19.6384 45.7766 3.99136 144.197
127.299 19.6029 45.8135 3.98657 144.16
127.399 19.5675 45.8505 3.98177 144.123
127.499 19.532 45.8874 3.97696 144.087
127.599 19.4965 45.9242 3.97213 144.05
127.699 19.461 45.961 3.96728 144.013
127.799 19.4255 45.9977 3.96243 143.976
127.899 19.39 46.0344 3.95756 143.94
127.999 19.3544 46.0711 3.95267 143.903
128.099 19.3189 46.1076 3.94777 143.866
128.199 19.2834 46.1442 3.94286 143.83
128.299 19.2478 46.1807 3.93793 143.793
128.399 19.2122 46.2171 3.93299 143.757
128.499 19.1766 46.2535 3.92804 143.72
128.599 19.141 46.2899 3.92307 143.684
128.699 19.1054 46.3261 3.91809 143.648
128.799 19.0698 46.3624 3.91309 143.612
128.899 19.0342 46.3986 3.90808 143.575
128.999 18.9985 46.4347 3.90306 143.539
129.099 18.9629 46.4708 3.89802 143.503
129.199 18.9272 46.5068 3.89297 143.467
129.299 18.8915 46.5428 3.8879 143.431
129.399 18.8559 46.5787 3.88282 143.395
129.499 18.8202 46.6146 3.87773 143.359
129.599 18.7845 46.6504 3.87262 143.324
129.699 18.7488 46.6862 3.8675 143.288
129.799 18.713 46.722 3.86237 143.252
129.899 18.6773 46.7576 3.85722 143.216
129.999 18.6416 46.7932 3.85206 143.181
130.099 18.6058 46.8288 3.84689 143.145
130.199 18.57 46.8643 3.8417 143.11
130.299 18.5343 46.8998 3.8365 143.074
130.399 18.4985 46.9352 3.83128 143.039
130.499 18.4627 46.9706 3.82605 143.003
130.599 18.4269 47.0059 3.82081 142.968
130.699 18.3911 47.0411 3.81555 142.933
130.799 18.3552 47.0763 3.81028 142.898
130.899 18.3194 47.1115 3.805 142.862
130.999 18.2836 47.1466 3.7997 142.827
131.099 18.2477 47.1816 3.79439 142.792
131.199 18.2118 47.2166 3.78907 142.757
131.299 18.176 47.2515 3.78373 142.722
131.399 18.1401 47.2864 3.77838 142.688
131.499 18.1042 47.3213 3.77301 142.653
131.599 18.0683 47.356 3.76763 142.618
131.699 18.0324 47.3908 3.76224 142.583
131.799 17.9964 47.4254 3.75684 142.549
131.899 17.9605 47.46 3.75142 142.514
131.999 17.9246 47.4946 3.74599 142.479
132.099 17.8886 47.5291 3.74054 142.445
132.199 17.8527 47.5635 3.73508 142.41
132.299 17.8167 47.5979 3.72961 142.376
132.399 17.7807 47.6323 3.72413 142.342
132.499 17.7447 47.6666 3.71863 142.307
132.599 17.7087 47.7008 3.71312 142.273
132.699 17.6727 47.735 3.70759 142.239
132.799 17.6367 47.7691 3.70205 142.205
132.899 17.6007 47.8032 3.6965 142.171
132.999 17.5646 47.8372 3.69094 142.137
133.099 17.5286 47.8711 3.68536 142.103
133.199 17.4925 47.905 3.67977 142.069
133.299 17.4565 47.9389 3.67416 142.035
133.399 17.4204 47.9727 3.66854 142.001
133.499 17.3843 48.0064 3.66291 141.968
133.599 17.3482 48.0401 3.65727 141.934
133.699 17.3121 48.0737 3.65161 141.9
133.799 17.276 48.1073 3.64594 141.867
133.899 17.2399 48.1408 3.64026 141.833
133.999 17.2037 48.1742 3.63456 141.8
134.099 17.1676 48.2076 3.62885 141.766
134.199 17.1315 48.241 3.62313 141.733
134.299 17.0953 48.2742 3.61739 141.7
134.399 17.0591 48.3075 3.61164 141.666
134.499 17.023 48.3406 3.60588 141.633
134.599 16.9868 48.3738 3.60011 141.6
134.699 16.9506 48.4068 3.59432 141.567
134.799 16.9144 48.4398 3.58852 141.534
134.899 16.8782 48.4728 3.58271 141.501
134.999 16.842 48.5056 3.57688 141.468
135.099 16.8057 48.5385 3.57104 141.435
135.199 16.7695 48.5712 3.56519 141.403
135.299 16.7333 48.604 3.55932 141.37
135.399 16.697 48.6366 3.55344 141.337
135.499 16.6608 48.6692 3.54755 141.305
135.599 16.6245 48.7017 3.54165 141.272
135.699 16.5882 48.7342 3.53573 141.24
135.799 16.5519 48.7667 3.5298 141.207
135.899 16.5156 48.799 3.52386 141.175
135.999 16.4793 48.8313 3.5179 141.143
136.099 16.443 48.8636 3.51194 141.11
136.199 16.4067 48.8958 3.50596 141.078
136.299 16.3704 48.9279 3.49996 141.046
136.399 16.334 48.96 3.49396 141.014
136.499 16.2977 48.992 3.48794 140.982
136.599 16.2613 49.0239 3.48191 140.95
136.699 16.225 49.0558 3.47586 140.918
136.799 16.1886 49.0877 3.46981 140.886
136.899 16.1522 49.1195 3.46374 140.855
136.999 16.1158 49.1512 3.45766 140.823
137.099 16.0794 49.1828 3.45156 140.791
137.199 16.043 49.2144 3.44545 140.76
137.299 16.0066 49.246 3.43933 140.728
137.399 15.9702 49.2775 3.4332 140.696
137.499 15.9338 49.3089 3.42706 140.665
137.599 15.8973 49.3402 3.4209 140.634
137.699 15.8609 49.3715 3.41473 140.602
137.799 15.8244 49.4028 3.40855 140.571
137.899 15.788 49.434 3.40236 140.54
137.999 15.7515 49.4651 3.39615 140.509
138.099 15.715 49.4962 3.38993 140.478
138.199 15.6785 49.5272 3.3837 140.447
138.299 15.6421 49.5581 3.37745 140.416
138.399 15.6056 49.589 3.3712 140.385
138.499 15.569 49.6198 3.36493 140.354
138.599 15.5325 49.6506 3.35865 140.323
138.699 15.496 49.6813 3.35236 140.293
138.799 15.4595 49.7119 3.34605 140.262
138.899 15.4229 49.7425 3.33973 140.231
138.999 15.3864 49.773 3.3334 140.201
139.099 15.3498 49.8034 3.32706 140.171
139.199 15.3133 49.8338 3.32071 140.14
139.299 15.2767 49.8642 3.31434 140.11
139.399 15.2401 49.8944 3.30796 140.08
139.499 15.2035 49.9246 3.30157 140.049
139.599 15.167 49.9548 3.29517 140.019
139.699 15.1304 49.9849 3.28875 139.989
139.799 15.0937 50.0149 3.28233 139.959
139.899 15.0571 50.0449 3.27589 139.929
139.999 15.0205 50.0748 3.26944 139.899
140.099 14.9839 50.1046 3.26297 139.869
140.199 14.9472 50.1344 3.2565 139.84
140.299 14.9106 50.1641 3.25001 139.81
140.399 14.874 50.1937 3.24351 139.78
140.499 14.8373 50.2233 3.237 139.751
140.599 14.8006 50.2528 3.23048 139.721
140.699 14.764 50.2823 3.22395 139.692
140.799 14.7273 50.3117 3.2174 139.662
140.899 14.6906 50.341 3.21084 139.633
140.999 14.6539 50.3703 3.20427 139.604
141.099 14.6172 50.3995 3.19769 139.574
141.199 14.5805 50.4287 3.1911 139.545
141.299 14.5438 50.4578 3.18449 139.516
141.399 14.507 50.4868 3.17787 139.487
141.499 14.4703 50.5157 3.17124 139.458
141.599 14.4336 50.5446 3.1646 139.429
141.699 14.3968 50.5735 3.15795 139.4
141.799 14.3601 50.6022 3.15129 139.372
141.899 14.3233 50.6309 3.14461 139.343
141.999 14.2866 50.6596 3.13792 139.314
142.099 14.2498 50.6882 3.13122 139.286
142.199 14.213 50.7167 3.12451 139.257
142.299 14.1762 50.7451 3.11779 139.229
142.399 14.1394 50.7735 3.11106 139.2
142.499 14.1026 50.8018 3.10431 139.172
142.6 14.0658 50.8301 3.09756 139.144
142.7 14.029 50.8583 3.09079 139.116
142.8 13.9922 50.8864 3.08401 139.088
142.9 13.9554 50.9144 3.07722 139.06
143 13.9185 50.9424 3.07042 139.032
143.1 13.8817 50.9704 3.0636 139.004
143.2 13.8448 50.9982 3.05678 138.976
143.3 13.808 51.026 3.04994 138.948
143.4 13.7711 51.0538 3.04309 138.92
143.5 13.7342 51.0814 3.03623 138.893
143.6 13.6974 51.1091 3.02936 138.865
143.7 13.6605 51.1366 3.02248 138.837
143.8 13.6236 51.1641 3.01559 138.81
143.9 13.5867 51.1915 3.00869 138.782
144 13.5498 51.2188 3.00177 138.755
144.1 13.5129 51.2461 2.99484 138.728
144.2 13.476 51.2733 2.98791 138.701
144.3 13.4391 51.3005 2.98096 138.673
144.4 13.4021 51.3276 2.974 138.646
144.5 13.3652 51.3546 2.96703 138.619
144.6 13.3283 51.3815 2.96005 138.592
144.7 13.2913 51.4084 2.95305 138.566
144.8 13.2544 51.4352 2.94605 138.539
144.9 13.2174 51.462 2.93903 138.512
145 13.1805 51.4887 2.93201 138.485
145.1 13.1435 51.5153 2.92497 138.459
145.2 13.1065 51.5418 2.91792 138.432
145.3 13.0695 51.5683 2.91087 138.406
145.4 13.0325 51.5947 2.9038 138.379
145.5 12.9955 51.6211 2.89672 138.353
145.6 12.9585 51.6474 2.88963 138.327
145.7 12.9215 51.6736 2.88252 138.3
145.8 12.8845 51.6997 2.87541 138.274
145.9 12.8475 51.7258 2.86829 138.248
146 12.8105 51.7518 2.86115 138.222
146.1 12.7734 51.7778 2.85401 138.196
146.2 12.7364 51.8037 2.84685 138.17
146.3 12.6994 51.8295 2.83969 138.144
146.4 12.6623 51.8552 2.83251 138.119
146.5 12.6253 51.8809 2.82532 138.093
146.6 12.5882 51.9065 2.81812 138.067
146.7 12.5511 51.9321 2.81092 138.042
146.8 12.5141 51.9576 2.8037 138.016
146.9 12.477 51.983 2.79647 137.991
147 12.4399 52.0083 2.78923 137.966
147.1 12.4028 52.0336 2.78198 137.94
147.2 12.3657 52.0588 2.77472 137.915
147.3 12.3286 52.0839 2.76744 137.89
147.4 12.2915 52.109 2.76016 137.865
147.5 12.2544 52.134 2.75287 137.84
147.6 12.2173 52.1589 2.74557 137.815
147.7 12.1801 52.1838 2.73826 137.79
147.8 12.143 52.2086 2.73093 137.765
147.9 12.1059 52.2333 2.7236 137.741
148 12.0687 52.258 2.71626 137.716
148.1 12.0316 52.2825 2.7089 137.691
148.2 11.9944 52.3071 2.70154 137.667
148.3 11.9573 52.3315 2.69416 137.642
148.4 11.9201 52.3559 2.68678 137.618
148.5 11.8829 52.3802 2.67938 137.594
148.6 11.8458 52.4045 2.67198 137.569
148.7 11.8086 52.4286 2.66457 137.545
148.8 11.7714 52.4527 2.65714 137.521
148.9 11.7342 52.4768 2.64971 137.497
149 11.697 52.5007 2.64226 137.473
149.1 11.6598 52.5246 2.63481 137.449
149.2 11.6226 52.5485 2.62734 137.425
149.3 11.5854 52.5722 2.61987 137.402
149.4 11.5482 52.5959 2.61238 137.378
149.5 11.511 52.6195 2.60489 137.354
149.6 11.4737 52.6431 2.59739 137.331
149.7 11.4365 52.6666 2.58987 137.307
149.8 11.3993 52.69 2.58235 137.284
149.9 11.362 52.7133 2.57481 137.261
150 11.3248 52.7366 2.56727 137.237
150.1 11.2875 52.7598 2.55972 137.214
150.2 11.2502 52.7829 2.55216 137.191
150.3 11.213 52.806 2.54458 137.168
150.4 11.1757 52.8289 2.537 137.145
150.5 11.1384 52.8519 2.52941 137.122
150.6 11.1012 52.8747 2.52181 137.099
150.7 11.0639 52.8975 2.5142 137.076
150.8 11.0266 52.9202 2.50658 137.054
150.9 10.9893 52.9428 2.49895 137.031
151 10.952 52.9654 2.49131 137.009
151.1 10.9147 52.9879 2.48366 136.986
151.2 10.8774 53.0103 2.476 136.964
151.3 10.84 53.0326 2.46834 136.941
151.4 10.8027 53.0549 2.46066 136.919
151.5 10.7654 53.0771 2.45297 136.897
151.6 10.7281 53.0993 2.44528 136.875
151.7 10.6907 53.1213 2.43757 136.853
151.8 10.6534 53.1433 2.42986 136.831
151.9 10.6161 53.1652 2.42214 136.809
152 10.5787 53.1871 2.4144 136.787
152.1 10.5413 53.2089 2.40666 136.765
152.2 10.504 53.2306 2.39891 136.743
152.3 10.4666 53.2522 2.39115 136.722
152.4 10.4293 53.2738 2.38338 136.7
152.5 10.3919 53.2953 2.37561 136.679
152.6 10.3545 53.3167 2.36782 136.657
152.7 10.3171 53.338 2.36002 136.636
152.8 10.2797 53.3593 2.35222 136.615
152.9 10.2423 53.3805 2.3444 136.593
153 10.2049 53.4016 2.33658 136.572
153.1 10.1675 53.4227 2.32875 136.551
153.2 10.1301 53.4437 2.32091 136.53
153.3 10.0927 53.4646 2.31306 136.509
153.4 10.0553 53.4854 2.3052 136.489
153.5 10.0179 53.5062 2.29733 136.468
153.6 9.98048 53.5269 2.28946 136.447
153.7 9.94305 53.5475 2.28157 136.426
153.8 9.90562 53.5681 2.27368 136.406
153.9 9.86818 53.5886 2.26578 136.385
154 9.83074 53.609 2.25787 136.365
154.1 9.79329 53.6293 2.24995 136.345
154.2 9.75584 53.6496 2.24202 136.324
154.3 9.71839 53.6697 2.23409 136.304
154.4 9.68093 53.6899 2.22614 136.284
154.5 9.64347 53.7099 2.21819 136.264
154.6 9.606 53.7299 2.21023 136.244
154.7 9.56853 53.7498 2.20225 136.224
154.8 9.53105 53.7696 2.19428 136.204
154.9 9.49357 53.7893 2.18629 136.185
155 9.45609 53.809 2.17829 136.165
155.1 9.4186 53.8286 2.17029 136.145
155.2 9.38111 53.8481 2.16228 136.126
155.3 9.34361 53.8676 2.15426 136.106
155.4 9.30611 53.887 2.14623 136.087
155.5 9.2686 53.9063 2.13819 136.068
155.6 9.2311 53.9255 2.13015 136.048
155.7 9.19358 53.9447 2.12209 136.029
155.8 9.15606 53.9637 2.11403 136.01
155.9 9.11854 53.9828 2.10596 135.991
156 9.08102 54.0017 2.09788 135.972
156.1 9.04349 54.0205 2.0898 135.953
156.2 9.00596 54.0393 2.08171 135.935
156.3 8.96842 54.0581 2.0736 135.916
156.4 8.93088 54.0767 2.06549 135.897
156.5 8.89333 54.0953 2.05738 135.879
156.6 8.85578 54.1137 2.04925 135.86
156.7 8.81823 54.1322 2.04112 135.842
156.8 8.78067 54.1505 2.03298 135.823
156.9 8.74311 54.1688 2.02483 135.805
157 8.70555 54.187 2.01667 135.787
157.1 8.66798 54.2051 2.00851 135.769
157.2 8.63041 54.2231 2.00033 135.751
157.3 8.59283 54.2411 1.99215 135.733
157.4 8.55525 54.259 1.98397 135.715
157.5 8.51767 54.2768 1.97577 135.697
157.6 8.48008 54.2945 1.96757 135.679
157.7 8.44249 54.3122 1.95936 135.662
157.8 8.4049 54.3298 1.95114 135.644
157.9 8.3673 54.3473 1.94292 135.627
158 8.3297 54.3648 1.93468 135.609
158.1 8.29209 54.3821 1.92644 135.592
158.2 8.25448 54.3994 1.91819 135.575
158.3 8.21687 54.4167 1.90994 135.557
158.4 8.17925 54.4338 1.90168 135.54
158.5 8.14163 54.4509 1.89341 135.523
158.6 8.10401 54.4679 1.88513 135.506
158.7 8.06638 54.4848 1.87685 135.489
158.8 8.02875 54.5016 1.86855 135.472
158.9 7.99112 54.5184 1.86026 135.456
159.001 7.95348 54.5351 1.85195 135.439
159.101 7.91584 54.5517 1.84364 135.422
159.201 7.87819 54.5682 1.83532 135.406
159.301 7.84055 54.5847 1.82699 135.389
159.401 7.80289 54.6011 1.81865 135.373
159.501 7.76524 54.6174 1.81031 135.357
159.601 7.72758 54.6336 1.80196 135.34
159.701 7.68992 54.6498 1.79361 135.324
159.801 7.65226 54.6659 1.78525 135.308
159.901 7.61459 54.6819 1.77688 135.292
160.001 7.57692 54.6978 1.7685 135.276
160.101 7.53924 54.7136 1.76012 135.26
160.201 7.50156 54.7294 1.75173 135.245
160.301 7.46388 54.7451 1.74333 135.229
160.401 7.4262 54.7607 1.73493 135.213
160.501 7.38851 54.7763 1.72652 135.198
160.601 7.35082 54.7918 1.7181 135.182
160.701 7.31313 54.8072 1.70968 135.167
160.801 7.27543 54.8225 1.70125 135.151
160.901 7.23773 54.8377 1.69281 135.136
161.001 7.20003 54.8529 1.68437 135.121
161.101 7.16232 54.868 1.67592 135.106
161.201 7.12461 54.883 1.66746 135.091
161.301 7.0869 54.8979 1.659 135.076
161.401 7.04918 54.9128 1.65053 135.061
161.501 7.01146 54.9276 1.64206 135.046
161.601 6.97374 54.9423 1.63358 135.032
161.701 6.93602 54.9569 1.62509 135.017
161.801 6.89829 54.9714 1.61659 135.003
161.901 6.86056 54.9859 1.60809 134.988
162.001 6.82283 55.0003 1.59959 134.974
162.101 6.78509 55.0146 1.59107 134.959
162.201 6.74735 55.0289 1.58255 134.945
162.301 6.70961 55.043 1.57403 134.931
162.401 6.67186 55.0571 1.5655 134.917
162.501 6.63411 55.0711 1.55696 134.903
162.601 6.59636 55.0851 1.54842 134.889
162.701 6.55861 55.0989 1.53987 134.875
162.801 6.52085 55.1127 1.53131 134.861
162.901 6.48309 55.1264 1.52275 134.848
163.001 6.44533 55.14 1.51418 134.834
163.101 6.40757 55.1536 1.50561 134.82
163.201 6.3698 55.1671 1.49703 134.807
163.301 6.33203 55.1804 1.48845 134.794
163.401 6.29426 55.1938 1.47986 134.78
163.501 6.25648 55.207 1.47126 134.767
163.601 6.2187 55.2201 1.46266 134.754
163.701 6.18092 55.2332 1.45405 134.741
163.801 6.14314 55.2462 1.44544 134.728
163.901 6.10535 55.2592 1.43682 134.715
164.001 6.06756 55.272 1.42819 134.702
164.101 6.02977 55.2848 1.41956 134.689
164.201 5.99198 55.2975 1.41093 134.677
164.301 5.95418 55.3101 1.40228 134.664
164.401 5.91638 55.3226 1.39364 134.651
164.501 5.87858 55.3351 1.38499 134.639
164.601 5.84078 55.3474 1.37633 134.627
164.701 5.80297 55.3597 1.36766 134.614
164.801 5.76516 55.372 1.359 134.602
164.901 5.72735 55.3841 1.35032 134.59
165.001 5.68954 55.3962 1.34164 134.578
165.101 5.65172 55.4082 1.33296 134.566
165.201 5.6139 55.4201 1.32427 134.554
165.301 5.57608 55.4319 1.31558 134.542
165.401 5.53826 55.4436 1.30688 134.53
165.501 5.50043 55.4553 1.29817 134.519
165.601 5.4626 55.4669 1.28946 134.507
165.701 5.42477 55.4784 1.28075 134.496
165.801 5.38694 55.4899 1.27203 134.484
165.901 5.3491 55.5012 1.2633 134.473
166.001 5.31127 55.5125 1.25457 134.461
166.101 5.27343 55.5237 1.24584 134.45
166.201 5.23558 55.5348 1.2371 134.439
166.301 5.19774 55.5459 1.22836 134.428
166.401 5.15989 55.5568 1.21961 134.417
166.501 5.12205 55.5677 1.21085 134.406
166.601 5.0842 55.5785 1.20209 134.395
166.701 5.04634 55.5892 1.19333 134.385
166.801 5.00849 55.5999 1.18456 134.374
166.901 4.97063 55.6105 1.17579 134.363
167.001 4.93277 55.621 1.16701 134.353
167.101 4.89491 55.6314 1.15823 134.343
167.201 4.85705 55.6417 1.14945 134.332
167.301 4.81918 55.652 1.14066 134.322
167.401 4.78132 55.6621 1.13186 134.312
167.501 4.74345 55.6722 1.12306 134.302
167.601 4.70558 55.6822 1.11426 134.292
167.701 4.6677 55.6922 1.10545 134.282
167.801 4.62983 55.702 1.09664 134.272
167.901 4.59195 55.7118 1.08782 134.262
168.001 4.55407 55.7215 1.079 134.252
168.101 4.51619 55.7311 1.07017 134.243
168.201 4.47831 55.7407 1.06134 134.233
168.301 4.44042 55.7501 1.05251 134.224
168.401 4.40254 55.7595 1.04367 134.214
168.501 4.36465 55.7688 1.03483 134.205
168.601 4.32676 55.7781 1.02599 134.196
168.701 4.28886 55.7872 1.01714 134.187
168.801 4.25097 55.7963 1.00828 134.178
168.901 4.21307 55.8052 0.999424 134.169
169.001 4.17518 55.8141 0.990562 134.16
169.101 4.13728 55.823 0.981696 134.151
169.201 4.09938 55.8317 0.972827 134.142
169.301 4.06147 55.8404 0.963954 134.134
169.401 4.02357 55.849 0.955077 134.125
169.501 3.98566 55.8575 0.946196 134.116
169.601 3.94776 55.8659 0.937312 134.108
169.701 3.90985 55.8743 0.928423 134.1
169.801 3.87194 55.8825 0.919532 134.091
169.901 3.83402 55.8907 0.910636 134.083
170.001 3.79611 55.8988 0.901737 134.075
170.101 3.75819 55.9068 0.892835 134.067
170.201 3.72027 55.9148 0.883929 134.059
170.301 3.68236 55.9227 0.875019 134.051
170.401 3.64444 55.9304 0.866107 134.044
170.501 3.60651 55.9382 0.85719 134.036
170.601 3.56859 55.9458 0.848271 134.028
170.701 3.53066 55.9533 0.839348 134.021
170.801 3.49274 55.9608 0.830421 134.013
170.901 3.45481 55.9682 0.821492 134.006
171.001 3.41688 55.9755 0.812559 133.998
171.101 3.37895 55.9827 0.803623 133.991
171.201 3.34102 55.9899 0.794684 133.984
171.301 3.30308 55.9969 0.785742 133.977
171.401 3.26515 56.0039 0.776797 133.97
171.501 3.22721 56.0108 0.767849 133.963
171.601 3.18927 56.0177 0.758897 133.956
171.701 3.15134 56.0244 0.749943 133.95
171.801 3.11339 56.0311 0.740986 133.943
171.901 3.07545 56.0377 0.732026 133.936
172.001 3.03751 56.0442 0.723063 133.93
172.101 2.99957 56.0506 0.714097 133.923
172.201 2.96162 56.0569 0.705128 133.917
172.301 2.92367 56.0632 0.696157 133.911
172.401 2.88573 56.0694 0.687183 133.905
172.501 2.84778 56.0755 0.678206 133.898
172.601 2.80983 56.0815 0.669226 133.892
172.701 2.77187 56.0875 0.660244 133.887
172.801 2.73392 56.0933 0.651259 133.881
172.901 2.69597 56.0991 0.642272 133.875
173.001 2.65801 56.1048 0.633282 133.869
173.101 2.62006 56.1104 0.62429 133.864
173.201 2.5821 56.116 0.615295 133.858
173.301 2.54414 56.1214 0.606298 133.853
173.401 2.50618 56.1268 0.597299 133.847
173.501 2.46822 56.1321 0.588297 133.842
173.601 2.43026 56.1373 0.579292 133.837
173.701 2.3923 56.1425 0.570286 133.831
173.801 2.35433 56.1475 0.561277 133.826
173.901 2.31637 56.1525 0.552266 133.821
174.001 2.2784 56.1574 0.543253 133.817
174.101 2.24044 56.1622 0.534238 133.812
174.201 2.20247 56.1669 0.525221 133.807
174.301 2.1645 56.1716 0.516201 133.802
174.401 2.12653 56.1762 0.50718 133.798
174.501 2.08856 56.1807 0.498156 133.793
174.601 2.05059 56.1851 0.489131 133.789
174.701 2.01262 56.1894 0.480104 133.785
174.801 1.97465 56.1937 0.471075 133.78
174.901 1.93668 56.1978 0.462044 133.776
175.001 1.8987 56.2019 0.453011 133.772
175.101 1.86073 56.2059 0.443976 133.768
175.201 1.82275 56.2099 0.43494 133.764
175.301 1.78478 56.2137 0.425902 133.76
175.402 1.7468 56.2175 0.416862 133.756
175.502 1.70882 56.2211 0.40782 133.753
175.602 1.67084 56.2248 0.398777 133.749
175.702 1.63286 56.2283 0.389733 133.746
175.802 1.59488 56.2317 0.380687 133.742
175.902 1.5569 56.2351 0.371639 133.739
176.002 1.51892 56.2384 0.36259 133.736
176.102 1.48094 56.2416 0.35354 133.732
176.202 1.44296 56.2447 0.344488 133.729
176.302 1.40497 56.2477 0.335435 133.726
176.402 1.36699 56.2507 0.32638 133.723
176.502 1.329 56.2535 0.317324 133.72
176.602 1.29102 56.2563 0.308267 133.718
176.702 1.25303 56.2591 0.299209 133.715
176.802 1.21505 56.2617 0.290149 133.712
176.902 1.17706 56.2642 0.281089 133.71
177.002 1.13908 56.2667 0.272027 133.707
177.102 1.10109 56.2691 0.262964 133.705
177.202 1.0631 56.2714 0.2539 133.703
177.302 1.02511 56.2736 0.244836 133.7
177.402 0.987124 56.2758 0.23577 133.698
177.502 0.949135 56.2779 0.226703 133.696
177.602 0.911145 56.2798 0.217635 133.694
177.702 0.873156 56.2817 0.208567 133.692
177.802 0.835165 56.2836 0.199498 133.69
177.902 0.797175 56.2853 0.190428 133.689
178.002 0.759184 56.287 0.181357 133.687
178.102 0.721193 56.2885 0.172285 133.685
178.202 0.683201 56.29 0.163213 133.684
178.302 0.64521 56.2915 0.15414 133.682
178.402 0.607218 56.2928 0.145067 133.681
178.502 0.569225 56.2941 0.135993 133.68
178.602 0.531233 56.2952 0.126918 133.679
178.702 0.49324 56.2963 0.117843 133.678
178.802 0.455247 56.2973 0.108767 133.677
178.902 0.417254 56.2983 0.0996915 133.676
179.002 0.379261 56.2991 0.0906152 133.675
179.102 0.341267 56.2999 0.0815385 133.674
179.202 0.303274 56.3006 0.0724614 133.673
179.302 0.26528 56.3012 0.0633841 133.673
179.402 0.227286 56.3017 0.0543066 133.672
179.502 0.189292 56.3022 0.0452288 133.672
179.602 0.151298 56.3025 0.0361508 133.671
179.702 0.113304 56.3028 0.0270727 133.671
179.802 0.0753101 56.303 0.0179945 133.671
179.902 0.037316 56.3031 0.00891626 133.671
