0 1.1415e-14 3.00352 0 181.37
0.1 0.162682 3.00356 0.0076469 181.37
0.2 0.325358 3.00368 0.0152938 181.37
0.3 0.488024 3.00387 0.0229406 181.37
0.4 0.650672 3.00415 0.0305874 181.37
0.5 0.813299 3.0045 0.0382341 181.369
0.6 0.975897 3.00493 0.0458808 181.369
0.7 1.13846 3.00544 0.0535273 181.369
0.8 1.30099 3.00603 0.0611737 181.368
0.9 1.46347 3.0067 0.0688199 181.367
1 1.6259 3.00744 0.076466 181.367
1.1 1.78828 3.00827 0.0841119 181.366
1.2 1.95059 3.00917 0.0917576 181.365
1.3 2.11284 3.01015 0.0994031 181.364
1.4 2.27502 3.01121 0.107048 181.363
1.5 2.43712 3.01235 0.114693 181.362
1.6 2.59914 3.01356 0.122338 181.36
1.7 2.76106 3.01486 0.129982 181.359
1.8 2.9229 3.01623 0.137627 181.358
1.9 3.08463 3.01768 0.14527 181.356
2 3.24626 3.01921 0.152914 181.355
2.1 3.40778 3.02082 0.160557 181.353
2.2 3.56919 3.02251 0.1682 181.351
2.3 3.73047 3.02427 0.175842 181.35
2.4 3.89163 3.02611 0.183484 181.348
2.5 4.05265 3.02804 0.191125 181.346
2.6 4.21354 3.03004 0.198766 181.344
2.7 4.37429 3.03211 0.206407 181.342
2.8 4.53489 3.03427 0.214047 181.34
2.9 4.69534 3.03651 0.221686 181.337
3 4.85563 3.03882 0.229325 181.335
3.1 5.01575 3.04121 0.236964 181.333
3.2 5.17571 3.04368 0.244602 181.33
3.3 5.3355 3.04623 0.252239 181.328
3.4 5.4951 3.04886 0.259876 181.325
3.5 5.65453 3.05156 0.267512 181.322
3.6 5.81376 3.05435 0.275147 181.32
3.7 5.9728 3.05721 0.282782 181.317
3.8 6.13164 3.06015 0.290416 181.314
3.9 6.29028 3.06317 0.298049 181.311
4 6.44871 3.06626 0.305682 181.308
4.1 6.60693 3.06944 0.313314 181.305
4.2 6.76493 3.07269 0.320945 181.301
4.3 6.9227 3.07602 0.328576 181.298
4.4 7.08025 3.07943 0.336206 181.295
4.5 7.23757 3.08292 0.343835 181.291
4.6 7.39464 3.08649 0.351463 181.287
4.7 7.55148 3.09013 0.35909 181.284
4.8 7.70807 3.09386 0.366716 181.28
4.9 7.86441 3.09766 0.374342 181.276
5 8.02049 3.10154 0.381967 181.272
5.1 8.17631 3.10549 0.38959 181.268
5.2 8.33186 3.10953 0.397213 181.264
5.3 8.48715 3.11364 0.404835 181.26
5.4 8.64216 3.11783 0.412456 181.256
5.5 8.7969 3.1221 0.420076 181.252
5.6 8.95135 3.12645 0.427695 181.248
5.7 9.10551 3.13088 0.435313 181.243
5.8 9.25938 3.13538 0.442929 181.239
5.9 9.41296 3.13996 0.450545 181.234
6 9.56624 3.14462 0.45816 181.229
6.1 9.71921 3.14936 0.465774 181.225
6.2 9.87188 3.15418 0.473386 181.22
6.3 10.0242 3.15907 0.480998 181.215
6.4 10.1763 3.16404 0.488608 181.21
6.5 10.328 3.16909 0.496217 181.205
6.6 10.4794 3.17422 0.503825 181.2
6.7 10.6304 3.17943 0.511432 181.195
6.8 10.7812 3.18471 0.519037 181.189
6.9 10.9316 3.19007 0.526642 181.184
7 11.0816 3.19551 0.534245 181.178
7.1 11.2313 3.20103 0.541846 181.173
7.2 11.3807 3.20663 0.549447 181.167
7.3 11.5297 3.2123 0.557046 181.162
7.4 11.6784 3.21805 0.564644 181.156
7.5 11.8267 3.22388 0.57224 181.15
7.6 11.9746 3.22979 0.579835 181.144
7.7 12.1222 3.23577 0.587429 181.138
7.79999 12.2694 3.24184 0.595022 181.132
7.89999 12.4163 3.24798 0.602612 181.126
7.99999 12.5627 3.25419 0.610202 181.12
8.09999 12.7088 3.26049 0.61779 181.113
8.2 12.8545 3.26686 0.625377 181.107
8.3 12.9998 3.27331 0.632962 181.101
8.4 13.1448 3.27984 0.640545 181.094
8.5 13.2893 3.28645 0.648128 181.088
8.6 13.4335 3.29313 0.655708 181.081
8.7 13.5772 3.29989 0.663287 181.074
8.8 13.7206 3.30673 0.670864 181.067
8.9 13.8635 3.31365 0.67844 181.06
9 14.0061 3.32064 0.686015 181.053
9.1 14.1482 3.32771 0.693587 181.046
9.2 14.29 3.33486 0.701158 181.039
9.3 14.4313 3.34209 0.708727 181.032
9.4 14.5722 3.34939 0.716295 181.025
9.5 14.7126 3.35677 0.723861 181.017
9.6 14.8527 3.36423 0.731425 181.01
9.7 14.9923 3.37177 0.738987 181.002
9.8 15.1316 3.37938 0.746548 180.995
9.9 15.2703 3.38707 0.754107 180.987
10 15.4087 3.39484 0.761664 180.979
10.1 15.5466 3.40268 0.769219 180.971
10.2 15.6841 3.41061 0.776772 180.963
10.3 15.8211 3.41861 0.784324 180.955
10.4 15.9577 3.42668 0.791874 180.947
10.5 16.0939 3.43484 0.799421 180.939
10.6 16.2296 3.44307 0.806967 180.931
10.7 16.3649 3.45138 0.814511 180.923
10.8 16.4997 3.45976 0.822053 180.914
10.9 16.6341 3.46823 0.829593 180.906
11 16.768 3.47676 0.837131 180.897
11.1 16.9015 3.48538 0.844667 180.889
11.2 17.0345 3.49407 0.852202 180.88
11.3 17.167 3.50285 0.859734 180.871
11.4 17.2991 3.51169 0.867264 180.862
11.5 17.4307 3.52062 0.874792 180.853
11.6 17.5619 3.52962 0.882317 180.844
11.7 17.6926 3.5387 0.889841 180.835
11.8 17.8229 3.54785 0.897363 180.826
11.9 17.9526 3.55708 0.904882 180.817
12 18.0819 3.56639 0.912399 180.808
12.1 18.2108 3.57578 0.919915 180.798
12.2 18.3391 3.58524 0.927428 180.789
12.3 18.467 3.59478 0.934938 180.779
12.4 18.5944 3.60439 0.942447 180.77
12.5 18.7214 3.61409 0.949953 180.76
12.6 18.8479 3.62385 0.957457 180.75
12.7 18.9738 3.6337 0.964959 180.74
12.8 19.0993 3.64362 0.972458 180.73
12.9 19.2244 3.65362 0.979955 180.72
13 19.3489 3.66369 0.98745 180.71
13.1 19.473 3.67384 0.994942 180.7
13.2 19.5966 3.68407 1.00243 180.69
13.3 19.7197 3.69438 1.00992 180.68
13.4 19.8423 3.70476 1.0174 180.669
13.5 19.9644 3.71521 1.02489 180.659
13.6 20.0861 3.72575 1.03237 180.648
13.7 20.2072 3.73636 1.03985 180.638
13.8 20.3279 3.74704 1.04732 180.627
13.9 20.4481 3.7578 1.05479 180.616
14 20.5677 3.76864 1.06226 180.605
14.1 20.6869 3.77955 1.06973 180.594
14.2 20.8057 3.79054 1.0772 180.583
14.3 20.9239 3.80161 1.08466 180.572
14.4 21.0416 3.81275 1.09212 180.561
14.5 21.1588 3.82397 1.09958 180.55
14.6 21.2756 3.83527 1.10703 180.539
14.7 21.3918 3.84664 1.11448 180.527
14.8 21.5076 3.85808 1.12193 180.516
14.9 21.6228 3.8696 1.12938 180.504
15 21.7376 3.8812 1.13682 180.493
15.1 21.8519 3.89287 1.14427 180.481
15.2 21.9657 3.90462 1.1517 180.469
15.3 22.079 3.91645 1.15914 180.458
15.4 22.1917 3.92835 1.16657 180.446
15.5 22.304 3.94032 1.174 180.434
15.6 22.4158 3.95238 1.18143 180.422
15.7 22.5272 3.9645 1.18886 180.409
15.8 22.638 3.97671 1.19628 180.397
15.9 22.7483 3.98899 1.2037 180.385
16 22.8581 4.00134 1.21111 180.373
16.1 22.9674 4.01377 1.21853 180.36
16.2 23.0763 4.02627 1.22594 180.348
16.3 23.1846 4.03885 1.23334 180.335
16.4 23.2924 4.05151 1.24075 180.322
16.5 23.3998 4.06424 1.24815 180.31
16.6 23.5066 4.07705 1.25555 180.297
16.7 23.613 4.08993 1.26294 180.284
16.8 23.7189 4.10288 1.27034 180.271
16.9 23.8242 4.11591 1.27773 180.258
17 23.9291 4.12902 1.28511 180.245
17.1 24.0335 4.1422 1.2925 180.232
17.2 24.1374 4.15546 1.29988 180.218
17.3 24.2408 4.16879 1.30725 180.205
17.4 24.3437 4.1822 1.31463 180.192
17.5 24.4461 4.19568 1.322 180.178
17.6 24.548 4.20923 1.32936 180.165
17.7 24.6495 4.22286 1.33673 180.151
17.8 24.7504 4.23657 1.34409 180.137
17.9 24.8509 4.25035 1.35145 180.124
18 24.9508 4.2642 1.3588 180.11
18.1 25.0503 4.27813 1.36615 180.096
18.2 25.1493 4.29214 1.3735 180.082
18.3 25.2478 4.30622 1.38085 180.068
18.4 25.3458 4.32037 1.38819 180.054
18.5 25.4434 4.3346 1.39553 180.039
18.6 25.5404 4.3489 1.40286 180.025
18.7 25.637 4.36328 1.41019 180.011
18.8 25.733 4.37773 1.41752 179.996
18.9 25.8286 4.39225 1.42485 179.982
19 25.9237 4.40685 1.43217 179.967
19.1 26.0183 4.42152 1.43948 179.952
19.2 26.1125 4.43627 1.4468 179.938
19.3 26.2062 4.45109 1.45411 179.923
19.4 26.2993 4.46599 1.46142 179.908
19.5 26.392 4.48096 1.46872 179.893
19.6 26.4843 4.496 1.47602 179.878
19.7 26.576 4.51112 1.48332 179.863
19.8 26.6673 4.52631 1.49061 179.848
19.9 26.7581 4.54158 1.4979 179.832
20 26.8484 4.55692 1.50519 179.817
20.1 26.9383 4.57233 1.51247 179.802
20.2 27.0276 4.58782 1.51975 179.786
20.3 27.1165 4.60338 1.52702 179.771
20.4 27.205 4.61901 1.53429 179.755
20.5 27.2929 4.63472 1.54156 179.739
20.6 27.3804 4.6505 1.54883 179.723
20.7 27.4675 4.66635 1.55609 179.708
20.8 27.554 4.68228 1.56334 179.692
20.9 27.6401 4.69828 1.5706 179.676
21 27.7258 4.71435 1.57784 179.66
21.1 27.8109 4.7305 1.58509 179.643
21.2 27.8956 4.74672 1.59233 179.627
21.3 27.9799 4.76302 1.59957 179.611
21.4 28.0637 4.77938 1.6068 179.595
21.5 28.147 4.79582 1.61403 179.578
21.6 28.2299 4.81234 1.62126 179.562
21.7 28.3123 4.82892 1.62848 179.545
21.8 28.3942 4.84558 1.6357 179.528
21.9 28.4757 4.86231 1.64291 179.512
22 28.5568 4.87912 1.65012 179.495
22.1 28.6374 4.896 1.65733 179.478
22.2 28.7175 4.91295 1.66453 179.461
22.3 28.7972 4.92997 1.67173 179.444
22.4 28.8764 4.94706 1.67892 179.427
22.5 28.9552 4.96423 1.68611 179.41
22.6 29.0336 4.98147 1.6933 179.392
22.7001 29.1115 4.99878 1.70048 179.375
22.8001 29.1889 5.01617 1.70766 179.358
22.9001 29.266 5.03363 1.71483 179.34
23.0001 29.3425 5.05116 1.722 179.323
23.1001 29.4187 5.06876 1.72917 179.305
23.2001 29.4944 5.08643 1.73633 179.288
23.3001 29.5696 5.10418 1.74349 179.27
23.4001 29.6444 5.122 1.75064 179.252
23.5001 29.7188 5.13989 1.75779 179.234
23.6001 29.7928 5.15785 1.76493 179.216
23.7001 29.8663 5.17588 1.77207 179.198
23.8001 29.9394 5.19399 1.77921 179.18
23.9001 30.012 5.21217 1.78634 179.162
24.0001 30.0843 5.23042 1.79347 179.144
24.1001 30.1561 5.24874 1.80059 179.125
24.2001 30.2274 5.26713 1.80771 179.107
24.3001 30.2984 5.28559 1.81482 179.088
24.4001 30.3689 5.30413 1.82193 179.07
24.5001 30.439 5.32274 1.82904 179.051
24.6001 30.5087 5.34142 1.83614 179.033
24.7001 30.578 5.36017 1.84323 179.014
24.8001 30.6468 5.37899 1.85033 178.995
24.9001 30.7153 5.39788 1.85741 178.976
25.0001 30.7833 5.41684 1.8645 178.957
25.1001 30.8509 5.43588 1.87157 178.938
25.2001 30.9181 5.45499 1.87865 178.919
25.3001 30.9848 5.47416 1.88572 178.9
25.4001 31.0512 5.49341 1.89278 178.881
25.5001 31.1172 5.51273 1.89984 178.861
25.6001 31.1827 5.53212 1.9069 178.842
25.7001 31.2479 5.55158 1.91395 178.822
25.8001 31.3126 5.57111 1.92099 178.803
25.9001 31.377 5.59071 1.92804 178.783
26.0001 31.4409 5.61038 1.93507 178.764
26.1001 31.5044 5.63013 1.94211 178.744
26.2001 31.5676 5.64994 1.94913 178.724
26.3001 31.6303 5.66982 1.95616 178.704
26.4001 31.6926 5.68978 1.96317 178.684
26.5001 31.7546 5.7098 1.97019 178.664
26.6001 31.8161 5.7299 1.9772 178.644
26.7001 31.8773 5.75006 1.9842 178.624
26.8001 31.9381 5.7703 1.9912 178.604
26.9001 31.9985 5.7906 1.99819 178.583
27.0001 32.0585 5.81098 2.00518 178.563
27.1001 32.1181 5.83142 2.01217 178.543
27.2001 32.1773 5.85193 2.01915 178.522
27.3001 32.2361 5.87252 2.02612 178.501
27.4001 32.2946 5.89317 2.03309 178.481
27.5001 32.3527 5.9139 2.04005 178.46
27.6001 32.4104 5.93469 2.04701 178.439
27.7001 32.4677 5.95555 2.05397 178.418
27.8001 32.5246 5.97648 2.06092 178.397
27.9001 32.5812 5.99749 2.06786 178.376
28.0001 32.6374 6.01856 2.0748 178.355
28.1001 32.6932 6.0397 2.08174 178.334
28.2001 32.7487 6.06091 2.08867 178.313
28.3001 32.8037 6.08219 2.09559 178.292
28.4001 32.8585 6.10353 2.10251 178.27
28.5001 32.9128 6.12495 2.10942 178.249
28.6001 32.9668 6.14644 2.11633 178.228
28.7001 33.0204 6.16799 2.12324 178.206
28.8001 33.0737 6.18961 2.13014 178.184
28.9001 33.1265 6.21131 2.13703 178.163
29.0001 33.1791 6.23307 2.14392 178.141
29.1001 33.2312 6.2549 2.1508 178.119
29.2001 33.2831 6.2768 2.15768 178.097
29.3001 33.3345 6.29876 2.16455 178.075
29.4001 33.3856 6.3208 2.17142 178.053
29.5001 33.4364 6.3429 2.17828 178.031
29.6001 33.4868 6.36507 2.18514 178.009
29.7001 33.5368 6.38731 2.19199 177.987
29.8001 33.5865 6.40962 2.19883 177.964
29.9001 33.6359 6.432 2.20567 177.942
30.0001 33.6849 6.45444 2.21251 177.92
30.1001 33.7335 6.47695 2.21934 177.897
30.2001 33.7819 6.49953 2.22616 177.874
30.3001 33.8298 6.52218 2.23298 177.852
30.4001 33.8775 6.5449 2.2398 177.829
30.5001 33.9248 6.56768 2.2466 177.806
30.6001 33.9717 6.59053 2.25341 177.783
30.7001 34.0183 6.61345 2.2602 177.761
30.8001 34.0646 6.63643 2.26699 177.738
30.9001 34.1106 6.65949 2.27378 177.714
31.0001 34.1562 6.68261 2.28056 177.691
31.1001 34.2015 6.7058 2.28734 177.668
31.2001 34.2464 6.72905 2.2941 177.645
31.3001 34.2911 6.75237 2.30087 177.622
31.4001 34.3354 6.77576 2.30763 177.598
31.5001 34.3794 6.79922 2.31438 177.575
31.6001 34.423 6.82274 2.32112 177.551
31.7001 34.4663 6.84633 2.32787 177.528
31.8001 34.5093 6.86999 2.3346 177.504
31.9001 34.552 6.89371 2.34133 177.48
32.0001 34.5944 6.9175 2.34805 177.456
32.1001 34.6364 6.94136 2.35477 177.433
32.2001 34.6781 6.96528 2.36148 177.409
32.3001 34.7196 6.98927 2.36819 177.385
32.4001 34.7607 7.01332 2.37489 177.361
32.5001 34.8014 7.03744 2.38158 177.337
32.6001 34.8419 7.06163 2.38827 177.312
32.7001 34.8821 7.08589 2.39496 177.288
32.8001 34.9219 7.1102 2.40163 177.264
32.9001 34.9615 7.13459 2.4083 177.239
33.0001 35.0007 7.15904 2.41497 177.215
33.1001 35.0396 7.18356 2.42163 177.19
33.2001 35.0783 7.20814 2.42828 177.166
33.3001 35.1166 7.23279 2.43493 177.141
33.4001 35.1546 7.25751 2.44157 177.116
33.5001 35.1924 7.28229 2.4482 177.092
33.6001 35.2298 7.30713 2.45483 177.067
33.7001 35.2669 7.33204 2.46146 177.042
33.8001 35.3037 7.35702 2.46807 177.017
33.9001 35.3403 7.38206 2.47468 176.992
34.0001 35.3765 7.40716 2.48129 176.967
34.1001 35.4125 7.43234 2.48789 176.942
34.2001 35.4481 7.45757 2.49448 176.916
34.3 35.4835 7.48287 2.50107 176.891
34.4 35.5186 7.50824 2.50765 176.866
34.5 35.5534 7.53367 2.51422 176.84
34.6 35.5879 7.55916 2.52079 176.815
34.7 35.6221 7.58472 2.52735 176.789
34.8 35.656 7.61035 2.53391 176.764
34.9 35.6897 7.63604 2.54046 176.738
35 35.723 7.66179 2.547 176.712
35.1 35.7561 7.68761 2.55354 176.686
35.2 35.7889 7.71349 2.56007 176.66
35.3 35.8215 7.73944 2.56659 176.635
35.4 35.8537 7.76545 2.57311 176.609
35.5 35.8857 7.79152 2.57962 176.582
35.6 35.9174 7.81766 2.58612 176.556
35.7 35.9488 7.84386 2.59262 176.53
35.8 35.98 7.87012 2.59912 176.504
35.9 36.0109 7.89645 2.6056 176.478
36 36.0415 7.92284 2.61208 176.451
36.1 36.0718 7.9493 2.61855 176.425
36.2 36.1019 7.97582 2.62502 176.398
36.3 36.1317 8.0024 2.63148 176.372
36.4 36.1613 8.02905 2.63793 176.345
36.5 36.1906 8.05576 2.64438 176.318
36.6 36.2196 8.08253 2.65082 176.291
36.7 36.2483 8.10936 2.65725 176.265
36.8 36.2768 8.13626 2.66368 176.238
36.9 36.3051 8.16322 2.6701 176.211
37 36.333 8.19025 2.67651 176.184
37.1 36.3608 8.21733 2.68292 176.157
37.2 36.3882 8.24448 2.68932 176.129
37.3 36.4154 8.27169 2.69572 176.102
37.4 36.4424 8.29897 2.7021 176.075
37.5 36.4691 8.3263 2.70848 176.048
37.6 36.4955 8.3537 2.71486 176.02
37.7 36.5217 8.38116 2.72122 175.993
37.8 36.5477 8.40868 2.72758 175.965
37.9 36.5734 8.43627 2.73394 175.938
38 36.5988 8.46391 2.74028 175.91
38.1 36.624 8.49162 2.74662 175.882
38.2 36.649 8.51939 2.75296 175.855
38.3 36.6737 8.54722 2.75928 175.827
38.4 36.6981 8.57512 2.7656 175.799
38.5 36.7224 8.60307 2.77192 175.771
38.6 36.7464 8.63109 2.77822 175.743
38.7 36.7701 8.65916 2.78452 175.715
38.8 36.7936 8.6873 2.79081 175.687
38.9 36.8169 8.7155 2.7971 175.658
39 36.8399 8.74376 2.80337 175.63
39.1 36.8627 8.77208 2.80964 175.602
39.2 36.8852 8.80047 2.81591 175.573
39.3 36.9076 8.82891 2.82216 175.545
39.4 36.9297 8.85742 2.82841 175.517
39.5 36.9515 8.88598 2.83466 175.488
39.6 36.9731 8.91461 2.84089 175.459
39.7 36.9945 8.94329 2.84712 175.431
39.8 37.0157 8.97204 2.85334 175.402
39.9 37.0366 9.00084 2.85956 175.373
40 37.0573 9.02971 2.86576 175.344
40.1 37.0778 9.05864 2.87196 175.315
40.2 37.0981 9.08762 2.87816 175.286
40.3 37.1181 9.11667 2.88434 175.257
40.4 37.1379 9.14578 2.89052 175.228
40.5 37.1575 9.17494 2.89669 175.199
40.6 37.1769 9.20417 2.90286 175.17
40.7 37.196 9.23345 2.90901 175.141
40.7999 37.2149 9.2628 2.91516 175.111
40.8999 37.2337 9.2922 2.9213 175.082
40.9999 37.2521 9.32167 2.92744 175.052
41.0999 37.2704 9.35119 2.93356 175.023
41.1999 37.2885 9.38077 2.93968 174.993
41.2999 37.3063 9.41041 2.9458 174.964
41.3999 37.3239 9.44011 2.9519 174.934
41.4999 37.3414 9.46987 2.958 174.904
41.5999 37.3586 9.49969 2.96409 174.874
41.6999 37.3756 9.52957 2.97017 174.844
41.7999 37.3923 9.5595 2.97625 174.814
41.8999 37.4089 9.58949 2.98232 174.784
41.9999 37.4253 9.61955 2.98838 174.754
42.0999 37.4414 9.64966 2.99443 174.724
42.1999 37.4574 9.67982 3.00048 174.694
42.2999 37.4731 9.71005 3.00652 174.664
42.3999 37.4887 9.74034 3.01255 174.634
42.4999 37.504 9.77068 3.01857 174.603
42.5999 37.5191 9.80108 3.02458 174.573
42.6999 37.534 9.83154 3.03059 174.542
42.7999 37.5488 9.86205 3.03659 174.512
42.8999 37.5633 9.89263 3.04258 174.481
42.9999 37.5776 9.92326 3.04857 174.451
43.0999 37.5918 9.95394 3.05455 174.42
43.1999 37.6057 9.98469 3.06052 174.389
43.2999 37.6194 10.0155 3.06648 174.358
43.3999 37.633 10.0464 3.07243 174.328
43.4999 37.6463 10.0773 3.07838 174.297
43.5999 37.6594 10.1082 3.08432 174.266
43.6999 37.6724 10.1393 3.09025 174.235
43.7999 37.6852 10.1704 3.09617 174.204
43.8999 37.6977 10.2015 3.10208 174.172
43.9999 37.7101 10.2327 3.10799 174.141
44.0999 37.7223 10.264 3.11389 174.11
44.1999 37.7343 10.2953 3.11978 174.079
44.2999 37.7461 10.3266 3.12567 174.047
44.3999 37.7577 10.3581 3.13154 174.016
44.4999 37.7692 10.3895 3.13741 173.984
44.5999 37.7804 10.4211 3.14327 173.953
44.6999 37.7915 10.4527 3.14912 173.921
44.7999 37.8023 10.4843 3.15497 173.89
44.8999 37.813 10.516 3.1608 173.858
44.9999 37.8235 10.5478 3.16663 173.826
45.0999 37.8339 10.5796 3.17245 173.794
45.1999 37.844 10.6115 3.17826 173.762
45.2999 37.854 10.6434 3.18407 173.731
45.3999 37.8638 10.6754 3.18986 173.699
45.4999 37.8734 10.7074 3.19565 173.667
45.5999 37.8828 10.7395 3.20143 173.634
45.6999 37.8921 10.7717 3.2072 173.602
45.7999 37.9011 10.8039 3.21296 173.57
45.8999 37.91 10.8361 3.21872 173.538
45.9999 37.9187 10.8684 3.22447 173.506
46.0999 37.9273 10.9008 3.23021 173.473
46.1999 37.9357 10.9332 3.23594 173.441
46.2999 37.9439 10.9657 3.24166 173.408
46.3999 37.9519 10.9982 3.24737 173.376
46.4999 37.9597 11.0308 3.25308 173.343
46.5999 37.9674 11.0634 3.25878 173.311
46.6999 37.9749 11.0961 3.26447 173.278
46.7999 37.9823 11.1289 3.27015 173.245
46.8999 37.9895 11.1617 3.27582 173.212
46.9999 37.9965 11.1945 3.28148 173.179
47.0999 38.0033 11.2274 3.28714 173.147
47.1999 38.01 11.2604 3.29279 173.114
47.2999 38.0165 11.2934 3.29843 173.081
47.3998 38.0228 11.3265 3.30406 173.047
47.4998 38.029 11.3596 3.30968 173.014
47.5998 38.035 11.3928 3.3153 172.981
47.6998 38.0409 11.426 3.3209 172.948
47.7998 38.0465 11.4593 3.3265 172.915
47.8998 38.0521 11.4926 3.33209 172.881
47.9998 38.0574 11.526 3.33767 172.848
48.0998 38.0626 11.5594 3.34324 172.815
48.1998 38.0677 11.5929 3.3488 172.781
48.2998 38.0726 11.6264 3.35436 172.748
48.3998 38.0773 11.66 3.3599 172.714
48.4998 38.0819 11.6937 3.36544 172.68
48.5998 38.0863 11.7274 3.37097 172.647
48.6998 38.0905 11.7611 3.37649 172.613
48.7998 38.0946 11.7949 3.382 172.579
48.8998 38.0986 11.8288 3.3875 172.545
48.9998 38.1024 11.8627 3.393 172.511
49.0998 38.106 11.8966 3.39848 172.477
49.1998 38.1095 11.9306 3.40396 172.443
49.2998 38.1128 11.9647 3.40943 172.409
49.3998 38.116 11.9988 3.41489 172.375
49.4998 38.119 12.0329 3.42034 172.341
49.5998 38.1219 12.0671 3.42578 172.307
49.6998 38.1246 12.1014 3.43121 172.273
49.7998 38.1272 12.1357 3.43664 172.238
49.8998 38.1296 12.1701 3.44205 172.204
49.9998 38.1319 12.2045 3.44746 172.169
50.0998 38.134 12.239 3.45286 172.135
50.1998 38.136 12.2735 3.45825 172.1
50.2998 38.1379 12.308 3.46363 172.066
50.3998 38.1396 12.3426 3.469 172.031
50.4998 38.1411 12.3773 3.47436 171.997
50.5998 38.1425 12.412 3.47971 171.962
50.6998 38.1438 12.4468 3.48506 171.927
50.7998 38.1449 12.4816 3.49039 171.892
50.8998 38.1459 12.5165 3.49572 171.857
50.9998 38.1467 12.5514 3.50104 171.823
51.0998 38.1474 12.5863 3.50634 171.788
51.1998 38.1479 12.6213 3.51164 171.753
51.2998 38.1483 12.6564 3.51693 171.718
51.3998 38.1486 12.6915 3.52221 171.682
51.4998 38.1487 12.7267 3.52749 171.647
51.5998 38.1487 12.7619 3.53275 171.612
51.6998 38.1486 12.7971 3.538 171.577
51.7998 38.1483 12.8324 3.54325 171.542
51.8998 38.1479 12.8678 3.54848 171.506
51.9998 38.1473 12.9032 3.55371 171.471
52.0998 38.1467 12.9386 3.55893 171.435
52.1998 38.1458 12.9741 3.56414 171.4
52.2998 38.1449 13.0097 3.56933 171.364
52.3998 38.1438 13.0453 3.57452 171.329
52.4998 38.1425 13.0809 3.5797 171.293
52.5998 38.1412 13.1166 3.58488 171.257
52.6998 38.1397 13.1523 3.59004 171.222
52.7998 38.1381 13.1881 3.59519 171.186
52.8998 38.1363 13.224 3.60033 171.15
52.9998 38.1344 13.2598 3.60547 171.114
53.0998 38.1324 13.2958 3.61059 171.078
53.1998 38.1303 13.3317 3.61571 171.042
53.2998 38.128 13.3678 3.62081 171.006
53.3998 38.1256 13.4038 3.62591 170.97
53.4998 38.123 13.4399 3.631 170.934
53.5998 38.1204 13.4761 3.63607 170.898
53.6998 38.1176 13.5123 3.64114 170.862
53.7998 38.1147 13.5486 3.6462 170.825
53.8997 38.1116 13.5849 3.65125 170.789
53.9997 38.1085 13.6212 3.65629 170.753
54.0997 38.1052 13.6576 3.66132 170.716
54.1997 38.1018 13.694 3.66634 170.68
54.2997 38.0982 13.7305 3.67135 170.643
54.3997 38.0946 13.7671 3.67635 170.607
54.4997 38.0908 13.8036 3.68134 170.57
54.5997 38.0869 13.8403 3.68633 170.534
54.6997 38.0829 13.8769 3.6913 170.497
54.7997 38.0787 13.9136 3.69626 170.46
54.8997 38.0744 13.9504 3.70122 170.424
54.9997 38.07 13.9872 3.70616 170.387
55.0997 38.0655 14.024 3.71109 170.35
55.1997 38.0609 14.0609 3.71602 170.313
55.2997 38.0562 14.0979 3.72093 170.276
55.3997 38.0513 14.1349 3.72584 170.239
55.4997 38.0463 14.1719 3.73073 170.202
55.5997 38.0412 14.2089 3.73562 170.165
55.6997 38.036 14.2461 3.7405 170.128
55.7997 38.0306 14.2832 3.74536 170.091
55.8997 38.0252 14.3204 3.75022 170.054
55.9997 38.0196 14.3577 3.75506 170.016
56.0997 38.0139 14.395 3.7599 169.979
56.1997 38.0081 14.4323 3.76473 169.942
56.2997 38.0022 14.4697 3.76955 169.904
56.3997 37.9962 14.5071 3.77435 169.867
56.4997 37.9901 14.5446 3.77915 169.829
56.5997 37.9838 14.5821 3.78394 169.792
56.6997 37.9774 14.6196 3.78871 169.754
56.7997 37.971 14.6572 3.79348 169.717
56.8997 37.9644 14.6949 3.79824 169.679
56.9997 37.9577 14.7325 3.80299 169.641
57.0997 37.9509 14.7703 3.80772 169.604
57.1997 37.9439 14.808 3.81245 169.566
57.2997 37.9369 14.8458 3.81717 169.528
57.3997 37.9298 14.8837 3.82188 169.49
57.4997 37.9225 14.9216 3.82657 169.452
57.5997 37.9152 14.9595 3.83126 169.414
57.6997 37.9077 14.9975 3.83594 169.376
57.7997 37.9001 15.0355 3.84061 169.338
57.8997 37.8924 15.0736 3.84526 169.3
57.9997 37.8847 15.1117 3.84991 169.262
58.0997 37.8768 15.1498 3.85455 169.224
58.1997 37.8688 15.188 3.85917 169.186
58.2997 37.8607 15.2262 3.86379 169.148
58.3997 37.8524 15.2645 3.8684 169.109
58.4997 37.8441 15.3028 3.87299 169.071
58.5997 37.8357 15.3412 3.87758 169.033
58.6997 37.8272 15.3796 3.88215 168.994
58.7997 37.8186 15.418 3.88672 168.956
58.8997 37.8098 15.4565 3.89127 168.917
58.9997 37.801 15.495 3.89582 168.879
59.0997 37.7921 15.5335 3.90035 168.84
59.1997 37.783 15.5721 3.90488 168.802
59.2997 37.7739 15.6108 3.90939 168.763
59.3997 37.7647 15.6494 3.9139 168.725
59.4997 37.7553 15.6882 3.91839 168.686
59.5997 37.7459 15.7269 3.92287 168.647
59.6997 37.7363 15.7657 3.92734 168.608
59.7997 37.7267 15.8045 3.93181 168.569
59.8997 37.717 15.8434 3.93626 168.531
59.9997 37.7071 15.8823 3.9407 168.492
60.0997 37.6972 15.9213 3.94513 168.453
60.1997 37.6872 15.9603 3.94955 168.414
60.2997 37.677 15.9993 3.95396 168.375
60.3997 37.6668 16.0384 3.95836 168.336
60.4996 37.6565 16.0775 3.96275 168.296
60.5996 37.6461 16.1166 3.96712 168.257
60.6996 37.6356 16.1558 3.97149 168.218
60.7996 37.625 16.195 3.97585 168.179
60.8996 37.6142 16.2343 3.9802 168.14
60.9996 37.6034 16.2736 3.98453 168.1
61.0996 37.5926 16.3129 3.98886 168.061
61.1996 37.5816 16.3523 3.99317 168.022
61.2996 37.5705 16.3917 3.99748 167.982
61.3996 37.5593 16.4312 4.00177 167.943
61.4996 37.548 16.4707 4.00605 167.903
61.5996 37.5367 16.5102 4.01032 167.864
61.6996 37.5252 16.5498 4.01459 167.824
61.7996 37.5137 16.5894 4.01884 167.785
61.8996 37.502 16.629 4.02308 167.745
61.9996 37.4903 16.6687 4.02731 167.705
62.0996 37.4785 16.7084 4.03152 167.666
62.1996 37.4666 16.7481 4.03573 167.626
62.2996 37.4546 16.7879 4.03993 167.586
62.3996 37.4425 16.8277 4.04411 167.546
62.4996 37.4303 16.8676 4.04829 167.506
62.5996 37.418 16.9075 4.05245 167.466
62.6996 37.4057 16.9474 4.05661 167.427
62.7996 37.3932 16.9874 4.06075 167.387
62.8996 37.3807 17.0274 4.06488 167.347
62.9996 37.3681 17.0674 4.069 167.307
63.0996 37.3554 17.1075 4.07311 167.266
63.1996 37.3426 17.1476 4.07721 167.226
63.2996 37.3297 17.1877 4.0813 167.186
63.3996 37.3167 17.2279 4.08538 167.146
63.4996 37.3037 17.2681 4.08944 167.106
63.5996 37.2905 17.3084 4.0935 167.066
63.6996 37.2773 17.3487 4.09754 167.025
63.7996 37.264 17.389 4.10158 166.985
63.8996 37.2506 17.4293 4.1056 166.945
63.9996 37.2371 17.4697 4.10961 166.904
64.0996 37.2235 17.5102 4.11361 166.864
64.1996 37.2099 17.5506 4.1176 166.823
64.2996 37.1962 17.5911 4.12158 166.783
64.3996 37.1823 17.6316 4.12554 166.742
64.4996 37.1684 17.6722 4.1295 166.702
64.5996 37.1545 17.7128 4.13344 166.661
64.6996 37.1404 17.7534 4.13738 166.621
64.7996 37.1262 17.7941 4.1413 166.58
64.8996 37.112 17.8348 4.14521 166.539
64.9996 37.0977 17.8755 4.14911 166.498
65.0996 37.0833 17.9162 4.153 166.458
65.1996 37.0689 17.957 4.15688 166.417
65.2996 37.0543 17.9979 4.16074 166.376
65.3996 37.0397 18.0387 4.1646 166.335
65.4996 37.025 18.0796 4.16844 166.294
65.5996 37.0102 18.1205 4.17227 166.253
65.6996 36.9953 18.1615 4.17609 166.212
65.7996 36.9803 18.2025 4.1799 166.171
65.8996 36.9653 18.2435 4.1837 166.13
65.9996 36.9502 18.2846 4.18749 166.089
66.0996 36.935 18.3256 4.19127 166.048
66.1996 36.9198 18.3668 4.19503 166.007
66.2996 36.9044 18.4079 4.19878 165.966
66.3996 36.889 18.4491 4.20252 165.925
66.4996 36.8735 18.4903 4.20625 165.884
66.5996 36.858 18.5315 4.20997 165.842
66.6996 36.8423 18.5728 4.21368 165.801
66.7996 36.8266 18.6141 4.21738 165.76
66.8996 36.8108 18.6554 4.22106 165.719
66.9995 36.7949 18.6968 4.22473 165.677
67.0995 36.779 18.7382 4.2284 165.636
67.1995 36.7629 18.7796 4.23205 165.594
67.2995 36.7468 18.8211 4.23568 165.553
67.3995 36.7307 18.8626 4.23931 165.511
67.4995 36.7144 18.9041 4.24293 165.47
67.5995 36.6981 18.9457 4.24653 165.428
67.6995 36.6817 18.9872 4.25012 165.387
67.7995 36.6652 19.0288 4.2537 165.345
67.8995 36.6487 19.0705 4.25727 165.303
67.9995 36.6321 19.1121 4.26083 165.262
68.0995 36.6154 19.1538 4.26438 165.22
68.1995 36.5986 19.1956 4.26791 165.178
68.2995 36.5818 19.2373 4.27143 165.137
68.3995 36.5649 19.2791 4.27494 165.095
68.4995 36.5479 19.3209 4.27844 165.053
68.5995 36.5309 19.3628 4.28193 165.011
68.6995 36.5138 19.4046 4.28541 164.969
68.7995 36.4966 19.4465 4.28887 164.927
68.8995 36.4793 19.4885 4.29232 164.886
68.9995 36.462 19.5304 4.29576 164.844
69.0995 36.4446 19.5724 4.29919 164.802
69.1995 36.4272 19.6144 4.30261 164.76
69.2995 36.4096 19.6564 4.30601 164.718
69.3995 36.392 19.6985 4.30941 164.675
69.4995 36.3743 19.7406 4.31279 164.633
69.5995 36.3566 19.7827 4.31616 164.591
69.6995 36.3388 19.8249 4.31951 164.549
69.7995 36.3209 19.867 4.32286 164.507
69.8995 36.303 19.9093 4.32619 164.465
69.9995 36.285 19.9515 4.32952 164.422
70.0995 36.2669 19.9937 4.33283 164.38
70.1995 36.2487 20.036 4.33612 164.338
70.2995 36.2305 20.0783 4.33941 164.296
70.3995 36.2122 20.1207 4.34269 164.253
70.4995 36.1939 20.163 4.34595 164.211
70.5995 36.1755 20.2054 4.3492 164.169
70.6995 36.157 20.2478 4.35244 164.126
70.7995 36.1385 20.2903 4.35566 164.084
70.8995 36.1198 20.3328 4.35888 164.041
70.9995 36.1012 20.3752 4.36208 163.999
71.0995 36.0824 20.4178 4.36527 163.956
71.1995 36.0636 20.4603 4.36845 163.914
71.2995 36.0448 20.5029 4.37161 163.871
71.3995 36.0258 20.5455 4.37477 163.828
71.4995 36.0068 20.5881 4.37791 163.786
71.5995 35.9878 20.6307 4.38104 163.743
71.6995 35.9686 20.6734 4.38416 163.701
71.7995 35.9495 20.7161 4.38726 163.658
71.8995 35.9302 20.7588 4.39036 163.615
71.9995 35.9109 20.8016 4.39344 163.572
72.0995 35.8915 20.8443 4.39651 163.53
72.1995 35.8721 20.8871 4.39956 163.487
72.2995 35.8526 20.9299 4.40261 163.444
72.3995 35.833 20.9728 4.40564 163.401
72.4995 35.8134 21.0156 4.40866 163.358
72.5995 35.7937 21.0585 4.41167 163.315
72.6995 35.7739 21.1014 4.41466 163.273
72.7995 35.7541 21.1444 4.41765 163.23
72.8995 35.7343 21.1873 4.42062 163.187
72.9995 35.7143 21.2303 4.42358 163.144
73.0995 35.6943 21.2733 4.42652 163.101
73.1995 35.6743 21.3163 4.42946 163.058
73.2995 35.6542 21.3594 4.43238 163.015
73.3995 35.634 21.4024 4.43529 162.972
73.4995 35.6138 21.4455 4.43819 162.928
73.5994 35.5935 21.4887 4.44107 162.885
73.6994 35.5731 21.5318 4.44394 162.842
73.7994 35.5527 21.5749 4.4468 162.799
73.8994 35.5323 21.6181 4.44965 162.756
73.9994 35.5117 21.6613 4.45248 162.713
74.0994 35.4912 21.7046 4.45531 162.669
74.1994 35.4705 21.7478 4.45812 162.626
74.2994 35.4498 21.7911 4.46091 162.583
74.3994 35.4291 21.8344 4.4637 162.54
74.4994 35.4082 21.8777 4.46647 162.496
74.5994 35.3874 21.921 4.46923 162.453
74.6994 35.3664 21.9644 4.47198 162.41
74.7994 35.3454 22.0077 4.47471 162.366
74.8994 35.3244 22.0511 4.47744 162.323
74.9994 35.3033 22.0945 4.48015 162.279
75.0994 35.2821 22.138 4.48284 162.236
75.1994 35.2609 22.1814 4.48553 162.193
75.2994 35.2397 22.2249 4.4882 162.149
75.3994 35.2183 22.2684 4.49086 162.106
75.4994 35.197 22.3119 4.49351 162.062
75.5994 35.1755 22.3554 4.49614 162.019
75.6994 35.154 22.399 4.49876 161.975
75.7994 35.1325 22.4426 4.50137 161.931
75.8994 35.1109 22.4861 4.50397 161.888
75.9994 35.0892 22.5298 4.50655 161.844
76.0994 35.0675 22.5734 4.50912 161.801
76.1994 35.0458 22.617 4.51168 161.757
76.2994 35.0239 22.6607 4.51423 161.713
76.3994 35.0021 22.7044 4.51676 161.67
76.4994 34.9801 22.7481 4.51928 161.626
76.5994 34.9582 22.7918 4.52179 161.582
76.6994 34.9361 22.8356 4.52428 161.538
76.7994 34.9141 22.8793 4.52676 161.495
76.8994 34.8919 22.9231 4.52923 161.451
76.9994 34.8697 22.9669 4.53169 161.407
77.0994 34.8475 23.0107 4.53413 161.363
77.1994 34.8252 23.0545 4.53656 161.319
77.2994 34.8028 23.0984 4.53898 161.276
77.3994 34.7804 23.1422 4.54138 161.232
77.4994 34.758 23.1861 4.54377 161.188
77.5994 34.7355 23.23 4.54615 161.144
77.6994 34.7129 23.2739 4.54852 161.1
77.7994 34.6903 23.3179 4.55087 161.056
77.8994 34.6677 23.3618 4.55321 161.012
77.9994 34.645 23.4058 4.55554 160.968
78.0994 34.6222 23.4498 4.55785 160.924
78.1994 34.5994 23.4938 4.56016 160.88
78.2994 34.5765 23.5378 4.56244 160.836
78.3994 34.5536 23.5818 4.56472 160.792
78.4994 34.5307 23.6258 4.56698 160.748
78.5994 34.5077 23.6699 4.56923 160.704
78.6994 34.4846 23.714 4.57147 160.66
78.7994 34.4615 23.7581 4.57369 160.616
78.8994 34.4383 23.8022 4.5759 160.572
78.9994 34.4151 23.8463 4.5781 160.528
79.0994 34.3919 23.8904 4.58028 160.484
79.1994 34.3686 23.9346 4.58245 160.439
79.2994 34.3452 23.9787 4.58461 160.395
79.3994 34.3218 24.0229 4.58676 160.351
79.4994 34.2983 24.0671 4.58889 160.307
79.5994 34.2748 24.1113 4.59101 160.263
79.6994 34.2513 24.1556 4.59311 160.218
79.7994 34.2277 24.1998 4.59521 160.174
79.8994 34.2041 24.244 4.59729 160.13
79.9994 34.1804 24.2883 4.59935 160.086
80.0993 34.1566 24.3326 4.6014 160.041
80.1993 34.1328 24.3769 4.60344 159.997
80.2993 34.109 24.4212 4.60547 159.953
80.3993 34.0851 24.4655 4.60748 159.908
80.4993 34.0612 24.5098 4.60948 159.864
80.5993 34.0372 24.5542 4.61147 159.82
80.6993 34.0132 24.5985 4.61344 159.775
80.7993 33.9891 24.6429 4.6154 159.731
80.8993 33.965 24.6873 4.61735 159.687
80.9993 33.9409 24.7317 4.61929 159.642
81.0993 33.9167 24.7761 4.62121 159.598
81.1993 33.8924 24.8205 4.62311 159.553
81.2993 33.8681 24.865 4.62501 159.509
81.3993 33.8438 24.9094 4.62689 159.465
81.4993 33.8194 24.9539 4.62876 159.42
81.5993 33.795 24.9983 4.63061 159.376
81.6993 33.7705 25.0428 4.63245 159.331
81.7993 33.746 25.0873 4.63428 159.287
81.8993 33.7214 25.1318 4.63609 159.242
81.9993 33.6968 25.1763 4.63789 159.198
82.0993 33.6721 25.2208 4.63968 159.153
82.1993 33.6474 25.2654 4.64145 159.109
82.2993 33.6227 25.3099 4.64321 159.064
82.3993 33.5979 25.3545 4.64496 159.019
82.4993 33.5731 25.399 4.64669 158.975
82.5993 33.5482 25.4436 4.64841 158.93
82.6993 33.5233 25.4882 4.65012 158.886
82.7993 33.4983 25.5328 4.65181 158.841
82.8993 33.4733 25.5774 4.65349 158.797
82.9993 33.4483 25.622 4.65516 158.752
83.0993 33.4232 25.6666 4.65681 158.707
83.1993 33.3981 25.7113 4.65845 158.663
83.2993 33.3729 25.7559 4.66007 158.618
83.3993 33.3477 25.8006 4.66169 158.573
83.4993 33.3224 25.8452 4.66328 158.529
83.5993 33.2971 25.8899 4.66487 158.484
83.6993 33.2718 25.9346 4.66644 158.439
83.7993 33.2464 25.9793 4.668 158.395
83.8993 33.2209 26.024 4.66954 158.35
83.9993 33.1955 26.0687 4.67107 158.305
84.0993 33.17 26.1134 4.67259 158.261
84.1993 33.1444 26.1581 4.67409 158.216
84.2993 33.1188 26.2028 4.67558 158.171
84.3993 33.0932 26.2476 4.67706 158.126
84.4993 33.0675 26.2923 4.67852 158.082
84.5993 33.0418 26.3371 4.67997 158.037
84.6993 33.016 26.3818 4.6814 157.992
84.7993 32.9902 26.4266 4.68283 157.947
84.8993 32.9644 26.4714 4.68423 157.903
84.9993 32.9385 26.5161 4.68563 157.858
85.0993 32.9126 26.5609 4.68701 157.813
85.1993 32.8866 26.6057 4.68837 157.768
85.2993 32.8606 26.6505 4.68973 157.723
85.3993 32.8346 26.6953 4.69107 157.679
85.4993 32.8085 26.7401 4.69239 157.634
85.5993 32.7824 26.785 4.6937 157.589
85.6993 32.7563 26.8298 4.695 157.544
85.7993 32.7301 26.8746 4.69628 157.499
85.8993 32.7038 26.9195 4.69755 157.455
85.9993 32.6775 26.9643 4.69881 157.41
86.0993 32.6512 27.0091 4.70005 157.365
86.1993 32.6249 27.054 4.70128 157.32
86.2993 32.5985 27.0989 4.7025 157.275
86.3993 32.5721 27.1437 4.7037 157.23
86.4993 32.5456 27.1886 4.70489 157.185
86.5993 32.5191 27.2335 4.70606 157.14
86.6992 32.4925 27.2783 4.70722 157.096
86.7992 32.466 27.3232 4.70836 157.051
86.8992 32.4393 27.3681 4.7095 157.006
86.9992 32.4127 27.413 4.71061 156.961
87.0992 32.386 27.4579 4.71172 156.916
87.1992 32.3593 27.5028 4.71281 156.871
87.2992 32.3325 27.5477 4.71388 156.826
87.3992 32.3057 27.5926 4.71495 156.781
87.4992 32.2788 27.6375 4.71599 156.736
87.5992 32.252 27.6824 4.71703 156.692
87.6992 32.225 27.7274 4.71805 156.647
87.7992 32.1981 27.7723 4.71905 156.602
87.8992 32.1711 27.8172 4.72005 156.557
87.9992 32.1441 27.8621 4.72103 156.512
88.0992 32.117 27.9071 4.72199 156.467
88.1992 32.0899 27.952 4.72294 156.422
88.2992 32.0628 27.9969 4.72388 156.377
88.3992 32.0356 28.0419 4.7248 156.332
88.4992 32.0084 28.0868 4.72571 156.287
88.5992 31.9811 28.1317 4.7266 156.242
88.6992 31.9539 28.1767 4.72748 156.197
88.7992 31.9265 28.2216 4.72835 156.152
88.8992 31.8992 28.2666 4.7292 156.107
88.9992 31.8718 28.3115 4.73004 156.062
89.0992 31.8444 28.3565 4.73086 156.017
89.1992 31.8169 28.4014 4.73167 155.973
89.2992 31.7894 28.4464 4.73247 155.928
89.3992 31.7619 28.4913 4.73325 155.883
89.4992 31.7343 28.5363 4.73402 155.838
89.5992 31.7067 28.5812 4.73477 155.793
89.6992 31.6791 28.6262 4.73551 155.748
89.7992 31.6514 28.6711 4.73624 155.703
89.8992 31.6237 28.7161 4.73695 155.658
89.9992 31.596 28.7611 4.73764 155.613
90.0992 31.5682 28.806 4.73833 155.568
90.1992 31.5404 28.851 4.73899 155.523
90.2992 31.5126 28.8959 4.73965 155.478
90.3992 31.4847 28.9409 4.74029 155.433
90.4992 31.4568 28.9858 4.74092 155.388
90.5992 31.4289 29.0308 4.74153 155.343
90.6992 31.4009 29.0757 4.74212 155.298
90.7992 31.3729 29.1207 4.74271 155.253
90.8992 31.3449 29.1656 4.74328 155.208
90.9992 31.3168 29.2106 4.74383 155.163
91.0992 31.2887 29.2555 4.74437 155.118
91.1992 31.2605 29.3005 4.7449 155.073
91.2992 31.2324 29.3454 4.74541 155.029
91.3992 31.2042 29.3904 4.74591 154.984
91.4992 31.1759 29.4353 4.74639 154.939
91.5992 31.1477 29.4802 4.74686 154.894
91.6992 31.1194 29.5252 4.74732 154.849
91.7992 31.091 29.5701 4.74776 154.804
91.8992 31.0627 29.615 4.74818 154.759
91.9992 31.0343 29.66 4.7486 154.714
92.0992 31.0058 29.7049 4.74899 154.669
92.1992 30.9774 29.7498 4.74938 154.624
92.2992 30.9489 29.7947 4.74975 154.579
92.3992 30.9204 29.8397 4.7501 154.534
92.4992 30.8918 29.8846 4.75044 154.489
92.5992 30.8632 29.9295 4.75077 154.444
92.6992 30.8346 29.9744 4.75108 154.4
92.7992 30.8059 30.0193 4.75138 154.355
92.8992 30.7772 30.0642 4.75166 154.31
92.9992 30.7485 30.1091 4.75193 154.265
93.0992 30.7198 30.154 4.75218 154.22
93.1992 30.691 30.1989 4.75242 154.175
93.2991 30.6622 30.2438 4.75265 154.13
93.3991 30.6334 30.2886 4.75286 154.085
93.4991 30.6045 30.3335 4.75305 154.04
93.5991 30.5756 30.3784 4.75324 153.996
93.6991 30.5467 30.4232 4.7534 153.951
93.7991 30.5177 30.4681 4.75356 153.906
93.8991 30.4887 30.513 4.7537 153.861
93.9991 30.4597 30.5578 4.75382 153.816
94.0991 30.4306 30.6026 4.75393 153.771
94.1991 30.4016 30.6475 4.75402 153.726
94.2991 30.3724 30.6923 4.75411 153.682
94.3991 30.3433 30.7371 4.75417 153.637
94.4991 30.3141 30.782 4.75422 153.592
94.5991 30.2849 30.8268 4.75426 153.547
94.6991 30.2557 30.8716 4.75428 153.502
94.7991 30.2264 30.9164 4.75429 153.458
94.8991 30.1972 30.9612 4.75429 153.413
94.9991 30.1678 31.006 4.75427 153.368
95.0991 30.1385 31.0507 4.75423 153.323
95.1991 30.1091 31.0955 4.75418 153.278
95.2991 30.0797 31.1403 4.75412 153.234
95.3991 30.0503 31.185 4.75404 153.189
95.4991 30.0208 31.2298 4.75394 153.144
95.5991 29.9913 31.2745 4.75384 153.099
95.6991 29.9618 31.3193 4.75371 153.055
95.7991 29.9322 31.364 4.75358 153.01
95.8991 29.9027 31.4087 4.75342 152.965
95.9991 29.8731 31.4534 4.75326 152.921
96.0991 29.8434 31.4981 4.75308 152.876
96.1991 29.8138 31.5428 4.75288 152.831
96.2991 29.7841 31.5875 4.75267 152.786
96.3991 29.7543 31.6322 4.75245 152.742
96.4991 29.7246 31.6769 4.75221 152.697
96.5991 29.6948 31.7215 4.75195 152.652
96.6991 29.665 31.7662 4.75169 152.608
96.7991 29.6352 31.8108 4.7514 152.563
96.8991 29.6053 31.8555 4.7511 152.518
96.9991 29.5754 31.9001 4.75079 152.474
97.0991 29.5455 31.9447 4.75047 152.429
97.1991 29.5156 31.9893 4.75012 152.385
97.2991 29.4856 32.0339 4.74977 152.34
97.3991 29.4556 32.0785 4.7494 152.295
97.4991 29.4256 32.1231 4.74901 152.251
97.5991 29.3956 32.1676 4.74861 152.206
97.6991 29.3655 32.2122 4.74819 152.162
97.7991 29.3354 32.2567 4.74777 152.117
97.8991 29.3052 32.3013 4.74732 152.073
97.9991 29.2751 32.3458 4.74686 152.028
98.0991 29.2449 32.3903 4.74639 151.984
98.1991 29.2147 32.4348 4.7459 151.939
98.2991 29.1845 32.4793 4.7454 151.895
98.3991 29.1542 32.5238 4.74488 151.85
98.4991 29.1239 32.5683 4.74435 151.806
98.5991 29.0936 32.6127 4.7438 151.761
98.6991 29.0633 32.6572 4.74324 151.717
98.7991 29.0329 32.7016 4.74266 151.672
98.8991 29.0025 32.746 4.74207 151.628
98.9991 28.9721 32.7904 4.74146 151.584
99.0991 28.9416 32.8348 4.74084 151.539
99.1991 28.9112 32.8792 4.7402 151.495
99.2991 28.8807 32.9236 4.73955 151.45
99.3991 28.8501 32.9679 4.73889 151.406
99.4991 28.8196 33.0123 4.73821 151.362
99.5991 28.789 33.0566 4.73751 151.317
99.6991 28.7584 33.1009 4.7368 151.273
99.799 28.7278 33.1452 4.73608 151.229
99.899 28.6971 33.1895 4.73534 151.184
99.999 28.6665 33.2338 4.73458 151.14
100.099 28.6358 33.2781 4.73382 151.096
100.199 28.605 33.3223 4.73303 151.052
100.299 28.5743 33.3666 4.73223 151.007
100.399 28.5435 33.4108 4.73142 150.963
100.499 28.5127 33.455 4.73059 150.919
100.599 28.4819 33.4992 4.72975 150.875
100.699 28.451 33.5434 4.72889 150.831
100.799 28.4202 33.5875 4.72802 150.786
100.899 28.3893 33.6317 4.72713 150.742
100.999 28.3584 33.6758 4.72623 150.698
101.099 28.3274 33.7199 4.72531 150.654
101.199 28.2964 33.764 4.72438 150.61
101.299 28.2654 33.8081 4.72343 150.566
101.399 28.2344 33.8522 4.72247 150.522
101.499 28.2034 33.8963 4.7215 150.478
101.599 28.1723 33.9403 4.72051 150.434
101.699 28.1412 33.9844 4.7195 150.39
101.799 28.1101 34.0284 4.71848 150.346
101.899 28.079 34.0724 4.71744 150.302
101.999 28.0478 34.1163 4.71639 150.258
102.099 28.0166 34.1603 4.71533 150.214
102.199 27.9854 34.2043 4.71425 150.17
102.299 27.9542 34.2482 4.71315 150.126
102.399 27.9229 34.2921 4.71204 150.082
102.499 27.8916 34.336 4.71092 150.038
102.599 27.8603 34.3799 4.70978 149.994
102.699 27.829 34.4237 4.70862 149.95
102.799 27.7977 34.4676 4.70745 149.906
102.899 27.7663 34.5114 4.70627 149.863
102.999 27.7349 34.5552 4.70507 149.819
103.099 27.7035 34.599 4.70385 149.775
103.199 27.672 34.6428 4.70262 149.731
103.299 27.6406 34.6866 4.70138 149.687
103.399 27.6091 34.7303 4.70012 149.644
103.499 27.5776 34.774 4.69885 149.6
103.599 27.5461 34.8177 4.69756 149.556
103.699 27.5145 34.8614 4.69625 149.513
103.799 27.4829 34.9051 4.69493 149.469
103.899 27.4513 34.9487 4.6936 149.425
103.999 27.4197 34.9924 4.69225 149.382
104.099 27.3881 35.036 4.69089 149.338
104.199 27.3564 35.0796 4.68951 149.294
104.299 27.3247 35.1231 4.68812 149.251
104.399 27.293 35.1667 4.68671 149.207
104.499 27.2613 35.2102 4.68529 149.164
104.599 27.2295 35.2537 4.68385 149.12
104.699 27.1978 35.2972 4.68239 149.077
104.799 27.166 35.3407 4.68093 149.033
104.899 27.1341 35.3842 4.67944 148.99
104.999 27.1023 35.4276 4.67795 148.946
105.099 27.0704 35.471 4.67643 148.903
105.199 27.0386 35.5144 4.67491 148.86
105.299 27.0067 35.5578 4.67336 148.816
105.399 26.9747 35.6011 4.67181 148.773
105.499 26.9428 35.6445 4.67023 148.729
105.599 26.9108 35.6878 4.66864 148.686
105.699 26.8788 35.7311 4.66704 148.643
105.799 26.8468 35.7743 4.66543 148.6
105.899 26.8148 35.8176 4.66379 148.556
105.999 26.7827 35.8608 4.66215 148.513
106.099 26.7507 35.904 4.66048 148.47
106.199 26.7186 35.9472 4.65881 148.427
106.299 26.6864 35.9903 4.65711 148.384
106.399 26.6543 36.0335 4.65541 148.34
106.499 26.6222 36.0766 4.65368 148.297
106.599 26.59 36.1197 4.65195 148.254
106.699 26.5578 36.1628 4.6502 148.211
106.799 26.5256 36.2058 4.64843 148.168
106.899 26.4933 36.2488 4.64665 148.125
106.999 26.4611 36.2918 4.64485 148.082
107.099 26.4288 36.3348 4.64304 148.039
107.199 26.3965 36.3778 4.64121 147.996
107.299 26.3642 36.4207 4.63937 147.953
107.399 26.3318 36.4636 4.63751 147.91
107.499 26.2995 36.5065 4.63564 147.867
107.599 26.2671 36.5494 4.63375 147.825
107.699 26.2347 36.5922 4.63185 147.782
107.799 26.2023 36.635 4.62993 147.739
107.899 26.1698 36.6778 4.628 147.696
107.999 26.1374 36.7206 4.62606 147.653
108.099 26.1049 36.7633 4.62409 147.611
108.199 26.0724 36.806 4.62212 147.568
108.299 26.0399 36.8487 4.62013 147.525
108.399 26.0073 36.8914 4.61812 147.483
108.499 25.9748 36.934 4.6161 147.44
108.599 25.9422 36.9767 4.61406 147.397
108.699 25.9096 37.0193 4.61201 147.355
108.799 25.877 37.0618 4.60994 147.312
108.899 25.8444 37.1044 4.60786 147.27
108.999 25.8117 37.1469 4.60577 147.227
109.099 25.779 37.1894 4.60365 147.185
109.199 25.7463 37.2319 4.60153 147.142
109.299 25.7136 37.2743 4.59939 147.1
109.399 25.6809 37.3167 4.59723 147.057
109.499 25.6481 37.3591 4.59506 147.015
109.599 25.6154 37.4015 4.59287 146.972
109.699 25.5826 37.4438 4.59067 146.93
109.799 25.5498 37.4861 4.58846 146.888
109.899 25.517 37.5284 4.58622 146.846
109.999 25.4841 37.5707 4.58398 146.803
110.099 25.4513 37.6129 4.58172 146.761
110.199 25.4184 37.6551 4.57944 146.719
110.299 25.3855 37.6973 4.57715 146.677
110.399 25.3526 37.7394 4.57484 146.635
110.499 25.3196 37.7815 4.57252 146.592
110.599 25.2867 37.8236 4.57019 146.55
110.699 25.2537 37.8657 4.56784 146.508
110.799 25.2207 37.9077 4.56547 146.466
110.899 25.1877 37.9498 4.56309 146.424
110.999 25.1547 37.9917 4.5607 146.382
111.099 25.1216 38.0337 4.55828 146.34
111.199 25.0886 38.0756 4.55586 146.298
111.299 25.0555 38.1175 4.55342 146.256
111.399 25.0224 38.1594 4.55096 146.215
111.499 24.9893 38.2012 4.54849 146.173
111.599 24.9561 38.2431 4.54601 146.131
111.699 24.923 38.2848 4.54351 146.089
111.799 24.8898 38.3266 4.54099 146.047
111.899 24.8566 38.3683 4.53846 146.006
111.999 24.8234 38.41 4.53592 145.964
112.099 24.7902 38.4517 4.53336 145.922
112.199 24.757 38.4933 4.53078 145.881
112.299 24.7237 38.5349 4.52819 145.839
112.399 24.6904 38.5765 4.52559 145.797
112.499 24.6571 38.6181 4.52297 145.756
112.599 24.6238 38.6596 4.52033 145.714
112.699 24.5905 38.7011 4.51768 145.673
112.799 24.5572 38.7425 4.51502 145.631
112.899 24.5238 38.7839 4.51234 145.59
112.999 24.4904 38.8253 4.50964 145.549
113.099 24.457 38.8667 4.50693 145.507
113.199 24.4236 38.908 4.50421 145.466
113.299 24.3902 38.9494 4.50147 145.425
113.399 24.3567 38.9906 4.49872 145.383
113.499 24.3233 39.0319 4.49595 145.342
113.599 24.2898 39.0731 4.49316 145.301
113.699 24.2563 39.1143 4.49036 145.26
113.799 24.2228 39.1554 4.48755 145.219
113.899 24.1893 39.1965 4.48472 145.177
113.999 24.1557 39.2376 4.48188 145.136
114.099 24.1222 39.2787 4.47902 145.095
114.199 24.0886 39.3197 4.47615 145.054
114.299 24.055 39.3607 4.47326 145.013
114.399 24.0214 39.4016 4.47036 144.972
114.499 23.9877 39.4426 4.46744 144.931
114.599 23.9541 39.4834 4.46451 144.891
114.699 23.9204 39.5243 4.46156 144.85
114.799 23.8868 39.5651 4.4586 144.809
114.899 23.8531 39.6059 4.45562 144.768
114.999 23.8194 39.6467 4.45263 144.727
115.099 23.7856 39.6874 4.44962 144.687
115.199 23.7519 39.7281 4.4466 144.646
115.299 23.7181 39.7688 4.44356 144.605
115.399 23.6844 39.8094 4.44051 144.565
115.499 23.6506 39.85 4.43744 144.524
115.599 23.6168 39.8905 4.43436 144.483
115.699 23.583 39.9311 4.43126 144.443
115.799 23.5491 39.9716 4.42815 144.402
115.899 23.5153 40.012 4.42503 144.362
115.999 23.4814 40.0524 4.42189 144.322
116.099 23.4475 40.0928 4.41873 144.281
116.199 23.4136 40.1332 4.41556 144.241
116.299 23.3797 40.1735 4.41238 144.2
116.399 23.3458 40.2138 4.40918 144.16
116.499 23.3118 40.254 4.40596 144.12
116.599 23.2779 40.2943 4.40273 144.08
116.699 23.2439 40.3344 4.39949 144.04
116.799 23.2099 40.3746 4.39623 143.999
116.899 23.1759 40.4147 4.39296 143.959
116.999 23.1419 40.4548 4.38967 143.919
117.099 23.1078 40.4948 4.38636 143.879
117.199 23.0738 40.5348 4.38305 143.839
117.299 23.0397 40.5748 4.37971 143.799
117.399 23.0057 40.6147 4.37637 143.759
117.499 22.9716 40.6546 4.373 143.719
117.599 22.9374 40.6945 4.36963 143.68
117.699 22.9033 40.7343 4.36624 143.64
117.799 22.8692 40.7741 4.36283 143.6
117.899 22.835 40.8138 4.35941 143.56
117.999 22.8009 40.8535 4.35597 143.52
118.099 22.7667 40.8932 4.35252 143.481
118.199 22.7325 40.9328 4.34906 143.441
118.299 22.6983 40.9724 4.34558 143.402
118.399 22.664 41.012 4.34208 143.362
118.499 22.6298 41.0515 4.33857 143.322
118.599 22.5955 41.091 4.33505 143.283
118.699 22.5613 41.1305 4.33151 143.243
118.799 22.527 41.1699 4.32795 143.204
118.899 22.4927 41.2093 4.32439 143.165
118.999 22.4583 41.2486 4.3208 143.125
119.099 22.424 41.2879 4.31721 143.086
119.199 22.3897 41.3272 4.31359 143.047
119.299 22.3553 41.3664 4.30997 143.008
119.399 22.3209 41.4056 4.30633 142.968
119.499 22.2866 41.4447 4.30267 142.929
119.599 22.2522 41.4838 4.299 142.89
119.699 22.2177 41.5229 4.29531 142.851
119.799 22.1833 41.5619 4.29161 142.812
119.899 22.1489 41.6009 4.2879 142.773
119.999 22.1144 41.6399 4.28417 142.734
120.099 22.0799 41.6788 4.28043 142.695
120.199 22.0455 41.7177 4.27667 142.656
120.299 22.011 41.7565 4.2729 142.617
120.399 21.9765 41.7953 4.26911 142.579
120.499 21.9419 41.834 4.26531 142.54
120.599 21.9074 41.8728 4.26149 142.501
120.699 21.8728 41.9114 4.25766 142.463
120.799 21.8383 41.9501 4.25381 142.424
120.899 21.8037 41.9887 4.24995 142.385
120.999 21.7691 42.0272 4.24608 142.347
121.099 21.7345 42.0657 4.24219 142.308
121.199 21.6999 42.1042 4.23828 142.27
121.299 21.6652 42.1426 4.23437 142.231
121.399 21.6306 42.181 4.23043 142.193
121.499 21.5959 42.2194 4.22649 142.155
121.599 21.5613 42.2577 4.22252 142.116
121.699 21.5266 42.296 4.21855 142.078
121.799 21.4919 42.3342 4.21456 142.04
121.899 21.4572 42.3724 4.21055 142.002
121.999 21.4224 42.4105 4.20653 141.963
122.099 21.3877 42.4486 4.2025 141.925
122.199 21.353 42.4867 4.19845 141.887
122.299 21.3182 42.5247 4.19439 141.849
122.399 21.2834 42.5627 4.19031 141.811
122.499 21.2486 42.6006 4.18622 141.773
122.599 21.2138 42.6385 4.18211 141.735
122.699 21.179 42.6764 4.17799 141.698
122.799 21.1442 42.7142 4.17385 141.66
122.899 21.1093 42.7519 4.16971 141.622
122.999 21.0745 42.7897 4.16554 141.584
123.099 21.0396 42.8274 4.16136 141.547
123.199 21.0047 42.865 4.15717 141.509
123.299 20.9698 42.9026 4.15296 141.471
123.399 20.9349 42.9401 4.14874 141.434
123.499 20.9 42.9777 4.14451 141.396
123.599 20.8651 43.0151 4.14026 141.359
123.699 20.8301 43.0525 4.13599 141.321
123.799 20.7952 43.0899 4.13172 141.284
123.899 20.7602 43.1273 4.12742 141.247
123.999 20.7252 43.1645 4.12312 141.209
124.099 20.6902 43.2018 4.11879 141.172
124.199 20.6552 43.239 4.11446 141.135
124.299 20.6202 43.2762 4.11011 141.098
124.399 20.5852 43.3133 4.10574 141.061
124.499 20.5502 43.3503 4.10137 141.024
124.599 20.5151 43.3874 4.09697 140.987
124.699 20.48 43.4244 4.09257 140.95
124.799 20.445 43.4613 4.08815 140.913
124.899 20.4099 43.4982 4.08371 140.876
124.999 20.3748 43.535 4.07926 140.839
125.099 20.3397 43.5718 4.0748 140.802
125.199 20.3045 43.6086 4.07032 140.765
125.299 20.2694 43.6453 4.06583 140.729
125.399 20.2343 43.682 4.06132 140.692
125.499 20.1991 43.7186 4.0568 140.655
125.599 20.1639 43.7552 4.05227 140.619
125.699 20.1287 43.7917 4.04772 140.582
125.799 20.0935 43.8282 4.04316 140.546
125.899 20.0583 43.8646 4.03858 140.509
125.999 20.0231 43.901 4.03399 140.473
126.099 19.9879 43.9374 4.02938 140.437
126.199 19.9526 43.9737 4.02477 140.4
126.299 19.9174 44.0099 4.02013 140.364
126.399 19.8821 44.0461 4.01549 140.328
126.499 19.8468 44.0823 4.01082 140.292
126.599 19.8116 44.1184 4.00615 140.256
126.699 19.7763 44.1545 4.00146 140.219
126.799 19.7409 44.1905 3.99676 140.183
126.899 19.7056 44.2265 3.99204 140.147
126.999 19.6703 44.2624 3.98731 140.112
127.099 19.6349 44.2983 3.98256 140.076
127.199 19.5996 44.3341 3.97781 140.04
127.299 19.5642 44.3699 3.97303 140.004
127.399 19.5288 44.4056 3.96825 139.968
127.499 19.4935 44.4413 3.96345 139.933
127.599 19.4581 44.477 3.95863 139.897
127.699 19.4226 44.5126 3.9538 139.861
127.799 19.3872 44.5481 3.94896 139.826
127.899 19.3518 44.5836 3.9441 139.79
127.999 19.3163 44.6191 3.93923 139.755
128.099 19.2809 44.6545 3.93435 139.719
128.199 19.2454 44.6898 3.92945 139.684
128.299 19.2099 44.7251 3.92454 139.649
128.399 19.1745 44.7604 3.91961 139.614
128.499 19.139 44.7956 3.91467 139.578
128.599 19.1034 44.8308 3.90972 139.543
128.699 19.0679 44.8659 3.90475 139.508
128.799 19.0324 44.9009 3.89977 139.473
128.899 18.9968 44.9359 3.89478 139.438
128.999 18.9613 44.9709 3.88977 139.403
129.099 18.9257 45.0058 3.88475 139.368
129.199 18.8901 45.0407 3.87971 139.333
129.299 18.8546 45.0755 3.87466 139.298
129.399 18.819 45.1103 3.8696 139.264
129.499 18.7834 45.145 3.86452 139.229
129.599 18.7477 45.1797 3.85943 139.194
129.699 18.7121 45.2143 3.85432 139.16
129.799 18.6765 45.2488 3.84921 139.125
129.899 18.6408 45.2834 3.84407 139.091
129.999 18.6052 45.3178 3.83893 139.056
130.099 18.5695 45.3522 3.83377 139.022
130.199 18.5338 45.3866 3.8286 138.987
130.299 18.4981 45.4209 3.82341 138.953
130.399 18.4624 45.4552 3.81821 138.919
130.499 18.4267 45.4894 3.813 138.885
130.599 18.391 45.5236 3.80777 138.85
130.699 18.3553 45.5577 3.80253 138.816
130.799 18.3195 45.5917 3.79728 138.782
130.899 18.2838 45.6257 3.79201 138.748
130.999 18.248 45.6597 3.78673 138.714
131.099 18.2122 45.6936 3.78143 138.68
131.199 18.1765 45.7275 3.77613 138.646
131.299 18.1407 45.7613 3.77081 138.613
131.399 18.1049 45.795 3.76547 138.579
131.499 18.0691 45.8287 3.76012 138.545
131.599 18.0332 45.8624 3.75476 138.512
131.699 17.9974 45.896 3.74939 138.478
131.799 17.9616 45.9295 3.744 138.444
131.899 17.9257 45.963 3.7386 138.411
131.999 17.8899 45.9964 3.73318 138.378
132.099 17.854 46.0298 3.72775 138.344
132.199 17.8181 46.0631 3.72231 138.311
132.299 17.7822 46.0964 3.71686 138.278
132.399 17.7463 46.1296 3.71139 138.244
132.499 17.7104 46.1628 3.70591 138.211
132.599 17.6745 46.1959 3.70041 138.178
132.699 17.6386 46.229 3.6949 138.145
132.799 17.6026 46.262 3.68938 138.112
132.899 17.5667 46.295 3.68385 138.079
132.999 17.5307 46.3279 3.6783 138.046
133.099 17.4948 46.3607 3.67274 138.013
133.199 17.4588 46.3935 3.66717 137.98
133.299 17.4228 46.4263 3.66158 137.948
133.399 17.3868 46.459 3.65598 137.915
133.499 17.3508 46.4916 3.65037 137.882
133.599 17.3148 46.5242 3.64474 137.85
133.699 17.2788 46.5567 3.6391 137.817
133.799 17.2428 46.5892 3.63345 137.785
133.899 17.2067 46.6216 3.62778 137.752
133.999 17.1707 46.654 3.6221 137.72
134.099 17.1346 46.6863 3.61641 137.688
134.199 17.0986 46.7186 3.61071 137.655
134.299 17.0625 46.7508 3.60499 137.623
134.399 17.0264 46.7829 3.59926 137.591
134.499 16.9903 46.815 3.59352 137.559
134.599 16.9542 46.8471 3.58776 137.527
134.699 16.9181 46.8791 3.58199 137.495
134.799 16.882 46.911 3.57621 137.463
134.899 16.8459 46.9429 3.57041 137.431
134.999 16.8097 46.9747 3.5646 137.399
135.099 16.7736 47.0064 3.55878 137.368
135.199 16.7374 47.0382 3.55295 137.336
135.299 16.7013 47.0698 3.5471 137.304
135.399 16.6651 47.1014 3.54124 137.273
135.499 16.6289 47.1329 3.53537 137.241
135.599 16.5927 47.1644 3.52948 137.21
135.699 16.5565 47.1959 3.52359 137.178
135.799 16.5203 47.2272 3.51768 137.147
135.899 16.4841 47.2585 3.51175 137.115
135.999 16.4479 47.2898 3.50582 137.084
136.099 16.4116 47.321 3.49987 137.053
136.199 16.3754 47.3522 3.49391 137.022
136.299 16.3392 47.3832 3.48793 136.991
136.399 16.3029 47.4143 3.48194 136.96
136.499 16.2666 47.4453 3.47594 136.929
136.599 16.2304 47.4762 3.46993 136.898
136.699 16.1941 47.507 3.46391 136.867
136.799 16.1578 47.5378 3.45787 136.836
136.899 16.1215 47.5686 3.45182 136.805
136.999 16.0852 47.5993 3.44576 136.775
137.099 16.0489 47.6299 3.43968 136.744
137.199 16.0125 47.6605 3.4336 136.713
137.299 15.9762 47.691 3.4275 136.683
137.399 15.9399 47.7215 3.42138 136.652
137.499 15.9035 47.7519 3.41526 136.622
137.599 15.8672 47.7822 3.40912 136.592
137.699 15.8308 47.8125 3.40297 136.561
137.799 15.7944 47.8427 3.39681 136.531
137.899 15.758 47.8729 3.39064 136.501
137.999 15.7217 47.903 3.38445 136.471
138.099 15.6853 47.9331 3.37825 136.441
138.199 15.6489 47.9631 3.37204 136.411
138.299 15.6124 47.993 3.36581 136.381
138.399 15.576 48.0229 3.35958 136.351
138.499 15.5396 48.0527 3.35333 136.321
138.599 15.5032 48.0825 3.34707 136.291
138.699 15.4667 48.1122 3.3408 136.262
138.799 15.4303 48.1418 3.33451 136.232
138.899 15.3938 48.1714 3.32822 136.203
138.999 15.3573 48.2009 3.32191 136.173
139.099 15.3209 48.2304 3.31558 136.144
139.199 15.2844 48.2598 3.30925 136.114
139.299 15.2479 48.2891 3.3029 136.085
139.399 15.2114 48.3184 3.29655 136.056
139.499 15.1749 48.3477 3.29018 136.026
139.599 15.1384 48.3768 3.2838 135.997
139.699 15.1019 48.4059 3.2774 135.968
139.799 15.0653 48.435 3.271 135.939
139.899 15.0288 48.464 3.26458 135.91
139.999 14.9922 48.4929 3.25815 135.881
140.099 14.9557 48.5218 3.25171 135.852
140.199 14.9191 48.5506 3.24525 135.823
140.299 14.8826 48.5793 3.23879 135.795
140.399 14.846 48.608 3.23231 135.766
140.499 14.8094 48.6367 3.22582 135.737
140.599 14.7728 48.6652 3.21932 135.709
140.699 14.7362 48.6937 3.2128 135.68
140.799 14.6996 48.7222 3.20628 135.652
140.899 14.663 48.7506 3.19974 135.623
140.999 14.6264 48.7789 3.19319 135.595
141.099 14.5898 48.8071 3.18663 135.567
141.199 14.5531 48.8353 3.18006 135.539
141.299 14.5165 48.8635 3.17348 135.51
141.399 14.4799 48.8916 3.16688 135.482
141.499 14.4432 48.9196 3.16027 135.454
141.599 14.4065 48.9475 3.15365 135.426
141.699 14.3699 48.9754 3.14702 135.399
141.799 14.3332 49.0033 3.14038 135.371
141.899 14.2965 49.031 3.13373 135.343
141.999 14.2598 49.0588 3.12706 135.315
142.099 14.2231 49.0864 3.12038 135.288
142.199 14.1864 49.114 3.1137 135.26
142.299 14.1497 49.1415 3.107 135.232
142.399 14.113 49.169 3.10029 135.205
142.499 14.0763 49.1964 3.09356 135.178
142.6 14.0396 49.2237 3.08683 135.15
142.7 14.0028 49.251 3.08008 135.123
142.8 13.9661 49.2782 3.07332 135.096
142.9 13.9293 49.3054 3.06656 135.069
143 13.8926 49.3324 3.05978 135.042
143.1 13.8558 49.3595 3.05299 135.014
143.2 13.819 49.3864 3.04618 134.988
143.3 13.7823 49.4133 3.03937 134.961
143.4 13.7455 49.4402 3.03254 134.934
143.5 13.7087 49.467 3.02571 134.907
143.6 13.6719 49.4937 3.01886 134.88
143.7 13.6351 49.5203 3.012 134.854
143.8 13.5983 49.5469 3.00513 134.827
143.9 13.5614 49.5734 2.99825 134.801
144 13.5246 49.5999 2.99136 134.774
144.1 13.4878 49.6263 2.98445 134.748
144.2 13.451 49.6526 2.97754 134.721
144.3 13.4141 49.6789 2.97061 134.695
144.4 13.3773 49.7051 2.96368 134.669
144.5 13.3404 49.7312 2.95673 134.643
144.6 13.3035 49.7573 2.94977 134.617
144.7 13.2667 49.7833 2.9428 134.591
144.8 13.2298 49.8092 2.93582 134.565
144.9 13.1929 49.8351 2.92883 134.539
145 13.156 49.8609 2.92183 134.513
145.1 13.1191 49.8867 2.91481 134.487
145.2 13.0822 49.9124 2.90779 134.462
145.3 13.0453 49.938 2.90075 134.436
145.4 13.0084 49.9636 2.89371 134.41
145.5 12.9715 49.9891 2.88665 134.385
145.6 12.9346 50.0145 2.87958 134.359
145.7 12.8976 50.0399 2.87251 134.334
145.8 12.8607 50.0652 2.86542 134.309
145.9 12.8238 50.0904 2.85832 134.284
146 12.7868 50.1156 2.85121 134.258
146.1 12.7498 50.1407 2.84409 134.233
146.2 12.7129 50.1657 2.83695 134.208
146.3 12.6759 50.1907 2.82981 134.183
146.4 12.6389 50.2156 2.82266 134.158
146.5 12.602 50.2405 2.8155 134.133
146.6 12.565 50.2653 2.80832 134.109
146.7 12.528 50.29 2.80114 134.084
146.8 12.491 50.3146 2.79394 134.059
146.9 12.454 50.3392 2.78674 134.035
147 12.417 50.3637 2.77952 134.01
147.1 12.38 50.3882 2.77229 133.986
147.2 12.3429 50.4126 2.76506 133.961
147.3 12.3059 50.4369 2.75781 133.937
147.4 12.2689 50.4612 2.75055 133.913
147.5 12.2318 50.4853 2.74329 133.889
147.6 12.1948 50.5095 2.73601 133.864
147.7 12.1577 50.5335 2.72872 133.84
147.8 12.1207 50.5575 2.72142 133.816
147.9 12.0836 50.5814 2.71411 133.793
148 12.0465 50.6053 2.70679 133.769
148.1 12.0095 50.6291 2.69946 133.745
148.2 11.9724 50.6528 2.69212 133.721
148.3 11.9353 50.6765 2.68478 133.697
148.4 11.8982 50.7001 2.67742 133.674
148.5 11.8611 50.7236 2.67005 133.65
148.6 11.824 50.747 2.66267 133.627
148.7 11.7869 50.7704 2.65528 133.604
148.8 11.7498 50.7938 2.64788 133.58
148.9 11.7127 50.817 2.64047 133.557
149 11.6756 50.8402 2.63305 133.534
149.1 11.6384 50.8633 2.62562 133.511
149.2 11.6013 50.8864 2.61818 133.488
149.3 11.5642 50.9094 2.61073 133.465
149.4 11.527 50.9323 2.60327 133.442
149.5 11.4899 50.9551 2.5958 133.419
149.6 11.4527 50.9779 2.58832 133.396
149.7 11.4156 51.0006 2.58083 133.373
149.8 11.3784 51.0233 2.57334 133.351
149.9 11.3412 51.0459 2.56583 133.328
150 11.304 51.0684 2.55831 133.306
150.1 11.2669 51.0908 2.55078 133.283
150.2 11.2297 51.1132 2.54325 133.261
150.3 11.1925 51.1355 2.5357 133.238
150.4 11.1553 51.1578 2.52814 133.216
150.5 11.1181 51.1799 2.52058 133.194
150.6 11.0809 51.202 2.513 133.172
150.7 11.0437 51.2241 2.50542 133.15
150.8 11.0064 51.246 2.49782 133.128
150.9 10.9692 51.2679 2.49022 133.106
151 10.932 51.2898 2.48261 133.084
151.1 10.8948 51.3115 2.47498 133.062
151.2 10.8575 51.3332 2.46735 133.041
151.3 10.8203 51.3549 2.45971 133.019
151.4 10.783 51.3764 2.45206 132.998
151.5 10.7458 51.3979 2.4444 132.976
151.6 10.7085 51.4193 2.43673 132.955
151.7 10.6713 51.4407 2.42905 132.933
151.8 10.634 51.4619 2.42137 132.912
151.9 10.5967 51.4832 2.41367 132.891
152 10.5594 51.5043 2.40596 132.87
152.1 10.5222 51.5254 2.39825 132.849
152.2 10.4849 51.5464 2.39052 132.828
152.3 10.4476 51.5673 2.38279 132.807
152.4 10.4103 51.5882 2.37505 132.786
152.5 10.373 51.609 2.3673 132.765
152.6 10.3357 51.6297 2.35954 132.744
152.7 10.2984 51.6503 2.35177 132.724
152.8 10.2611 51.6709 2.34399 132.703
152.9 10.2237 51.6914 2.3362 132.683
153 10.1864 51.7119 2.3284 132.662
153.1 10.1491 51.7323 2.3206 132.642
153.2 10.1117 51.7526 2.31279 132.621
153.3 10.0744 51.7728 2.30496 132.601
153.4 10.0371 51.793 2.29713 132.581
153.5 9.99972 51.8131 2.28929 132.561
153.6 9.96237 51.8331 2.28144 132.541
153.7 9.92501 51.853 2.27358 132.521
153.8 9.88765 51.8729 2.26572 132.501
153.9 9.85028 51.8927 2.25784 132.481
154 9.81292 51.9125 2.24996 132.461
154.1 9.77554 51.9322 2.24207 132.442
154.2 9.73816 51.9518 2.23417 132.422
154.3 9.70078 51.9713 2.22626 132.403
154.4 9.66339 51.9908 2.21834 132.383
154.5 9.626 52.0101 2.21041 132.364
154.6 9.58861 52.0295 2.20248 132.344
154.7 9.55121 52.0487 2.19454 132.325
154.8 9.5138 52.0679 2.18658 132.306
154.9 9.47639 52.087 2.17863 132.287
155 9.43898 52.106 2.17066 132.268
155.1 9.40156 52.125 2.16268 132.249
155.2 9.36414 52.1439 2.1547 132.23
155.3 9.32672 52.1627 2.1467 132.211
155.4 9.28929 52.1815 2.1387 132.192
155.5 9.25185 52.2001 2.13069 132.174
155.6 9.21441 52.2188 2.12268 132.155
155.7 9.17697 52.2373 2.11465 132.137
155.8 9.13953 52.2558 2.10662 132.118
155.9 9.10207 52.2742 2.09857 132.1
156 9.06462 52.2925 2.09052 132.081
156.1 9.02716 52.3107 2.08247 132.063
156.2 8.9897 52.3289 2.0744 132.045
156.3 8.95223 52.347 2.06633 132.027
156.4 8.91476 52.365 2.05825 132.009
156.5 8.87729 52.383 2.05016 131.991
156.6 8.83981 52.4009 2.04206 131.973
156.7 8.80233 52.4187 2.03395 131.955
156.8 8.76484 52.4365 2.02584 131.937
156.9 8.72735 52.4541 2.01772 131.92
157 8.68986 52.4717 2.00959 131.902
157.1 8.65236 52.4893 2.00145 131.885
157.2 8.61486 52.5067 1.99331 131.867
157.3 8.57735 52.5241 1.98516 131.85
157.4 8.53984 52.5414 1.977 131.833
157.5 8.50233 52.5587 1.96883 131.815
157.6 8.46481 52.5758 1.96066 131.798
157.7 8.42729 52.5929 1.95248 131.781
157.8 8.38977 52.61 1.94429 131.764
157.9 8.35224 52.6269 1.93609 131.747
158 8.31471 52.6438 1.92789 131.73
158.1 8.27717 52.6606 1.91967 131.713
158.2 8.23964 52.6773 1.91145 131.697
158.3 8.20209 52.694 1.90323 131.68
158.4 8.16455 52.7106 1.89499 131.663
158.5 8.127 52.7271 1.88675 131.647
158.6 8.08944 52.7435 1.8785 131.63
158.7 8.05189 52.7599 1.87025 131.614
158.8 8.01433 52.7762 1.86199 131.598
158.9 7.97676 52.7924 1.85372 131.582
159.001 7.93919 52.8086 1.84544 131.565
159.101 7.90162 52.8246 1.83715 131.549
159.201 7.86405 52.8406 1.82886 131.533
159.301 7.82647 52.8566 1.82056 131.517
159.401 7.78889 52.8724 1.81226 131.502
159.501 7.7513 52.8882 1.80395 131.486
159.601 7.71372 52.9039 1.79563 131.47
159.701 7.67613 52.9195 1.7873 131.454
159.801 7.63853 52.9351 1.77897 131.439
159.901 7.60093 52.9506 1.77063 131.423
160.001 7.56333 52.966 1.76228 131.408
160.101 7.52573 52.9813 1.75393 131.393
160.201 7.48812 52.9966 1.74556 131.377
160.301 7.45051 53.0118 1.7372 131.362
160.401 7.41289 53.0269 1.72882 131.347
160.501 7.37527 53.042 1.72044 131.332
160.601 7.33765 53.0569 1.71206 131.317
160.701 7.30003 53.0718 1.70366 131.302
160.801 7.2624 53.0866 1.69526 131.287
160.901 7.22477 53.1014 1.68685 131.273
161.001 7.18714 53.1161 1.67844 131.258
161.101 7.1495 53.1307 1.67002 131.243
161.201 7.11186 53.1452 1.66159 131.229
161.301 7.07422 53.1596 1.65316 131.214
161.401 7.03657 53.174 1.64472 131.2
161.501 6.99892 53.1883 1.63628 131.186
161.601 6.96127 53.2026 1.62782 131.171
161.701 6.92361 53.2167 1.61936 131.157
161.801 6.88595 53.2308 1.6109 131.143
161.901 6.84829 53.2448 1.60243 131.129
162.001 6.81063 53.2587 1.59395 131.115
162.101 6.77296 53.2726 1.58547 131.101
162.201 6.73529 53.2864 1.57698 131.088
162.301 6.69762 53.3001 1.56848 131.074
162.401 6.65994 53.3137 1.55998 131.06
162.501 6.62226 53.3272 1.55147 131.047
162.601 6.58458 53.3407 1.54296 131.033
162.701 6.5469 53.3541 1.53444 131.02
162.801 6.50921 53.3675 1.52592 131.006
162.901 6.47152 53.3807 1.51738 130.993
163.001 6.43383 53.3939 1.50885 130.98
163.101 6.39613 53.407 1.5003 130.967
163.201 6.35843 53.42 1.49175 130.954
163.301 6.32073 53.433 1.4832 130.941
163.401 6.28303 53.4459 1.47464 130.928
163.501 6.24532 53.4587 1.46607 130.915
163.601 6.20761 53.4714 1.4575 130.903
163.701 6.1699 53.4841 1.44892 130.89
163.801 6.13218 53.4967 1.44034 130.877
163.901 6.09447 53.5092 1.43175 130.865
164.001 6.05675 53.5216 1.42315 130.852
164.101 6.01902 53.5339 1.41455 130.84
164.201 5.9813 53.5462 1.40595 130.828
164.301 5.94357 53.5584 1.39734 130.816
164.401 5.90584 53.5705 1.38872 130.803
164.501 5.86811 53.5826 1.3801 130.791
164.601 5.83037 53.5946 1.37147 130.779
164.701 5.79263 53.6065 1.36284 130.767
164.801 5.75489 53.6183 1.3542 130.756
164.901 5.71715 53.6301 1.34556 130.744
165.001 5.67941 53.6417 1.33691 130.732
165.101 5.64166 53.6533 1.32826 130.721
165.201 5.60391 53.6648 1.3196 130.709
165.301 5.56615 53.6763 1.31093 130.698
165.401 5.5284 53.6877 1.30226 130.686
165.501 5.49064 53.699 1.29359 130.675
165.601 5.45288 53.7102 1.28491 130.664
165.701 5.41512 53.7213 1.27623 130.653
165.801 5.37736 53.7324 1.26754 130.642
165.901 5.33959 53.7434 1.25884 130.631
166.001 5.30182 53.7543 1.25014 130.62
166.101 5.26405 53.7651 1.24144 130.609
166.201 5.22628 53.7759 1.23273 130.598
166.301 5.1885 53.7866 1.22402 130.587
166.401 5.15072 53.7972 1.2153 130.577
166.501 5.11294 53.8077 1.20658 130.566
166.601 5.07516 53.8182 1.19785 130.556
166.701 5.03738 53.8285 1.18912 130.545
166.801 4.99959 53.8389 1.18038 130.535
166.901 4.9618 53.8491 1.17164 130.525
167.001 4.92401 53.8592 1.16289 130.515
167.101 4.88622 53.8693 1.15414 130.505
167.201 4.84842 53.8793 1.14539 130.495
167.301 4.81062 53.8892 1.13663 130.485
167.401 4.77283 53.8991 1.12786 130.475
167.501 4.73502 53.9088 1.11909 130.465
167.601 4.69722 53.9185 1.11032 130.455
167.701 4.65942 53.9281 1.10154 130.446
167.801 4.62161 53.9377 1.09276 130.436
167.901 4.5838 53.9471 1.08398 130.427
168.001 4.54599 53.9565 1.07519 130.417
168.101 4.50818 53.9658 1.06639 130.408
168.201 4.47036 53.9751 1.05759 130.399
168.301 4.43254 53.9842 1.04879 130.39
168.401 4.39472 53.9933 1.03998 130.381
168.501 4.3569 54.0023 1.03117 130.372
168.601 4.31908 54.0112 1.02236 130.363
168.701 4.28126 54.0201 1.01354 130.354
168.801 4.24343 54.0288 1.00472 130.345
168.901 4.2056 54.0375 0.995891 130.336
169.001 4.16777 54.0462 0.987061 130.328
169.101 4.12994 54.0547 0.978226 130.319
169.201 4.09211 54.0632 0.969388 130.311
169.301 4.05427 54.0715 0.960546 130.302
169.401 4.01644 54.0798 0.9517 130.294
169.501 3.9786 54.0881 0.942851 130.286
169.601 3.94076 54.0962 0.933998 130.278
169.701 3.90292 54.1043 0.925141 130.27
169.801 3.86507 54.1123 0.91628 130.262
169.901 3.82723 54.1202 0.907416 130.254
170.001 3.78938 54.1281 0.898549 130.246
170.101 3.75153 54.1358 0.889678 130.238
170.201 3.71369 54.1435 0.880803 130.23
170.301 3.67583 54.1511 0.871925 130.223
170.401 3.63798 54.1587 0.863044 130.215
170.501 3.60013 54.1661 0.854159 130.208
170.601 3.56227 54.1735 0.845271 130.2
170.701 3.52441 54.1808 0.836379 130.193
170.801 3.48655 54.188 0.827484 130.186
170.901 3.44869 54.1952 0.818586 130.179
171.001 3.41083 54.2023 0.809685 130.172
171.101 3.37297 54.2093 0.800781 130.165
171.201 3.3351 54.2162 0.791873 130.158
171.301 3.29724 54.223 0.782963 130.151
171.401 3.25937 54.2298 0.774049 130.144
171.501 3.2215 54.2365 0.765132 130.137
171.601 3.18363 54.2431 0.756213 130.131
171.701 3.14576 54.2496 0.74729 130.124
171.801 3.10789 54.256 0.738364 130.118
171.901 3.07001 54.2624 0.729436 130.112
172.001 3.03214 54.2687 0.720504 130.105
172.101 2.99426 54.2749 0.71157 130.099
172.201 2.95638 54.2811 0.702633 130.093
172.301 2.9185 54.2871 0.693693 130.087
172.401 2.88062 54.2931 0.684751 130.081
172.501 2.84274 54.299 0.675806 130.075
172.601 2.80486 54.3048 0.666858 130.069
172.701 2.76697 54.3106 0.657908 130.063
172.801 2.72909 54.3163 0.648955 130.058
172.901 2.6912 54.3219 0.639999 130.052
173.001 2.65331 54.3274 0.631041 130.047
173.101 2.61542 54.3328 0.622081 130.041
173.201 2.57753 54.3382 0.613118 130.036
173.301 2.53964 54.3435 0.604152 130.03
173.401 2.50175 54.3487 0.595185 130.025
173.501 2.46386 54.3538 0.586214 130.02
173.601 2.42596 54.3588 0.577242 130.015
173.701 2.38807 54.3638 0.568267 130.01
173.801 2.35017 54.3687 0.559291 130.005
173.901 2.31228 54.3735 0.550311 130
174.001 2.27438 54.3783 0.54133 129.996
174.101 2.23648 54.3829 0.532347 129.991
174.201 2.19858 54.3875 0.523361 129.986
174.301 2.16068 54.392 0.514374 129.982
174.401 2.12278 54.3964 0.505384 129.978
174.501 2.08487 54.4008 0.496393 129.973
174.601 2.04697 54.405 0.487399 129.969
174.701 2.00907 54.4092 0.478404 129.965
174.801 1.97116 54.4134 0.469407 129.961
174.901 1.93326 54.4174 0.460408 129.957
175.001 1.89535 54.4213 0.451407 129.953
175.101 1.85744 54.4252 0.442404 129.949
175.201 1.81953 54.429 0.4334 129.945
175.301 1.78162 54.4327 0.424394 129.941
175.402 1.74371 54.4364 0.415386 129.938
175.502 1.7058 54.44 0.406377 129.934
175.602 1.66789 54.4434 0.397366 129.931
175.702 1.62998 54.4468 0.388353 129.927
175.802 1.59207 54.4502 0.379339 129.924
175.902 1.55415 54.4534 0.370323 129.921
176.002 1.51624 54.4566 0.361306 129.917
176.102 1.47832 54.4597 0.352288 129.914
176.202 1.44041 54.4627 0.343268 129.911
176.302 1.40249 54.4657 0.334247 129.908
176.402 1.36458 54.4685 0.325224 129.905
176.502 1.32666 54.4713 0.3162 129.903
176.602 1.28874 54.474 0.307175 129.9
176.702 1.25082 54.4766 0.298149 129.897
176.802 1.2129 54.4792 0.289122 129.895
176.902 1.17498 54.4816 0.280093 129.892
177.002 1.13707 54.484 0.271064 129.89
177.102 1.09914 54.4864 0.262033 129.888
177.202 1.06122 54.4886 0.253001 129.885
177.302 1.0233 54.4907 0.243968 129.883
177.402 0.985382 54.4928 0.234935 129.881
177.502 0.94746 54.4948 0.2259 129.879
177.602 0.909537 54.4967 0.216865 129.877
177.702 0.871615 54.4986 0.207828 129.875
177.802 0.833691 54.5003 0.198791 129.874
177.902 0.795768 54.502 0.189753 129.872
178.002 0.757844 54.5036 0.180714 129.87
178.102 0.71992 54.5052 0.171675 129.869
178.202 0.681996 54.5066 0.162635 129.867
178.302 0.644071 54.508 0.153594 129.866
178.402 0.606146 54.5093 0.144553 129.865
178.502 0.568221 54.5105 0.135511 129.863
178.602 0.530295 54.5116 0.126469 129.862
178.702 0.49237 54.5127 0.117426 129.861
178.802 0.454444 54.5137 0.108382 129.86
178.902 0.416518 54.5146 0.0993384 129.859
179.002 0.378592 54.5154 0.0902942 129.859
179.102 0.340665 54.5161 0.0812497 129.858
179.202 0.302739 54.5168 0.0722048 129.857
179.302 0.264812 54.5174 0.0631596 129.857
179.402 0.226885 54.5179 0.0541142 129.856
179.502 0.188958 54.5183 0.0450686 129.856
179.602 0.151031 54.5187 0.0360228 129.855
179.702 0.113104 54.519 0.0269769 129.855
179.802 0.0751772 54.5191 0.0179308 129.855
179.902 0.0372501 54.5193 0.00888468 129.855
