0 1.16484e-14 3.14244 0 194.832
0.1 0.166009 3.14248 0.00769934 194.831
0.2 0.332012 3.14261 0.0153987 194.831
0.3 0.498003 3.14282 0.0230979 194.831
0.4 0.663977 3.14312 0.0307972 194.831
0.5 0.829928 3.1435 0.0384963 194.83
0.6 0.995849 3.14397 0.0461954 194.83
0.7 1.16174 3.14452 0.0538943 194.829
0.8 1.32758 3.14516 0.0615932 194.829
0.9 1.49338 3.14588 0.0692919 194.828
1 1.65913 3.14668 0.0769904 194.827
1.1 1.82481 3.14757 0.0846887 194.826
1.2 1.99044 3.14855 0.0923869 194.825
1.3 2.15599 3.14961 0.100085 194.824
1.4 2.32147 3.15076 0.107782 194.823
1.5 2.48687 3.15199 0.11548 194.822
1.6 2.65218 3.1533 0.123177 194.821
1.7 2.8174 3.1547 0.130874 194.819
1.8 2.98251 3.15618 0.13857 194.818
1.9 3.14753 3.15775 0.146267 194.816
2 3.31243 3.15941 0.153963 194.815
2.1 3.47722 3.16115 0.161658 194.813
2.2 3.64189 3.16297 0.169353 194.811
2.3 3.80643 3.16488 0.177048 194.809
2.4 3.97084 3.16687 0.184742 194.807
2.5 4.13511 3.16895 0.192436 194.805
2.6 4.29924 3.17111 0.200129 194.803
2.7 4.46322 3.17336 0.207822 194.801
2.8 4.62704 3.17569 0.215515 194.798
2.9 4.7907 3.17811 0.223207 194.796
3 4.9542 3.18061 0.230898 194.793
3.1 5.11753 3.1832 0.238589 194.791
3.2 5.28068 3.18587 0.246279 194.788
3.3 5.44365 3.18863 0.253969 194.785
3.4 5.60643 3.19147 0.261658 194.782
3.5 5.76902 3.19439 0.269346 194.78
3.6 5.93141 3.1974 0.277034 194.777
3.7 6.0936 3.2005 0.284721 194.773
3.8 6.25558 3.20368 0.292408 194.77
3.9 6.41734 3.20694 0.300094 194.767
4 6.57889 3.21029 0.307779 194.764
4.1 6.74022 3.21373 0.315463 194.76
4.2 6.90131 3.21724 0.323147 194.757
4.3 7.06218 3.22085 0.33083 194.753
4.4 7.2228 3.22453 0.338512 194.749
4.5 7.38318 3.22831 0.346193 194.746
4.6 7.54331 3.23216 0.353873 194.742
4.7 7.70318 3.2361 0.361553 194.738
4.8 7.8628 3.24013 0.369232 194.734
4.9 8.02216 3.24424 0.37691 194.73
5 8.18124 3.24844 0.384587 194.726
5.1 8.34006 3.25271 0.392263 194.721
5.2 8.49859 3.25708 0.399938 194.717
5.3 8.65685 3.26153 0.407612 194.712
5.4 8.81481 3.26606 0.415285 194.708
5.5 8.97249 3.27068 0.422958 194.703
5.6 9.12987 3.27538 0.430629 194.699
5.7 9.28694 3.28017 0.438299 194.694
5.8 9.44372 3.28504 0.445968 194.689
5.9 9.60018 3.28999 0.453636 194.684
6 9.75633 3.29503 0.461303 194.679
6.1 9.91216 3.30015 0.468969 194.674
6.2 10.0677 3.30536 0.476634 194.669
6.3 10.2229 3.31066 0.484298 194.663
6.4 10.3777 3.31603 0.49196 194.658
6.5 10.5322 3.32149 0.499622 194.652
6.6 10.6864 3.32704 0.507282 194.647
6.7 10.8402 3.33267 0.514941 194.641
6.8 10.9937 3.33838 0.522599 194.636
6.9 11.1469 3.34418 0.530255 194.63
7 11.2996 3.35006 0.53791 194.624
7.1 11.4521 3.35603 0.545564 194.618
7.2 11.6041 3.36208 0.553217 194.612
7.3 11.7558 3.36822 0.560868 194.606
7.4 11.9071 3.37444 0.568518 194.6
7.5 12.0581 3.38074 0.576167 194.593
7.6 12.2087 3.38713 0.583815 194.587
7.7 12.3588 3.3936 0.59146 194.58
7.79999 12.5087 3.40016 0.599105 194.574
7.89999 12.6581 3.4068 0.606748 194.567
7.99999 12.8071 3.41352 0.61439 194.56
8.09999 12.9557 3.42033 0.62203 194.554
8.2 13.104 3.42722 0.629669 194.547
8.3 13.2518 3.43419 0.637306 194.54
8.4 13.3992 3.44125 0.644942 194.533
8.5 13.5462 3.4484 0.652576 194.526
8.6 13.6929 3.45563 0.660209 194.518
8.7 13.8391 3.46294 0.66784 194.511
8.8 13.9848 3.47033 0.675469 194.504
8.9 14.1302 3.47781 0.683097 194.496
9 14.2751 3.48538 0.690724 194.489
9.1 14.4196 3.49302 0.698348 194.481
9.2 14.5637 3.50075 0.705971 194.473
9.3 14.7074 3.50857 0.713593 194.465
9.4 14.8506 3.51647 0.721212 194.457
9.5 14.9934 3.52445 0.72883 194.45
9.6 15.1357 3.53252 0.736446 194.441
9.7 15.2776 3.54066 0.744061 194.433
9.8 15.4191 3.5489 0.751673 194.425
9.9 15.5601 3.55721 0.759284 194.417
10 15.7006 3.56561 0.766893 194.408
10.1 15.8408 3.5741 0.7745 194.4
10.2 15.9804 3.58267 0.782106 194.391
10.3 16.1196 3.59132 0.789709 194.383
10.4 16.2584 3.60005 0.797311 194.374
10.5 16.3966 3.60887 0.804911 194.365
10.6 16.5345 3.61777 0.812509 194.356
10.7 16.6718 3.62675 0.820105 194.347
10.8 16.8087 3.63582 0.827699 194.338
10.9 16.9451 3.64497 0.835291 194.329
11 17.0811 3.65421 0.842881 194.32
11.1 17.2165 3.66353 0.850469 194.31
11.2 17.3515 3.67293 0.858055 194.301
11.3 17.4861 3.68241 0.865638 194.292
11.4 17.6201 3.69198 0.87322 194.282
11.5 17.7537 3.70163 0.8808 194.272
11.6 17.8868 3.71136 0.888378 194.263
11.7 18.0194 3.72118 0.895953 194.253
11.8 18.1515 3.73108 0.903527 194.243
11.9 18.2832 3.74106 0.911098 194.233
12 18.4143 3.75113 0.918667 194.223
12.1 18.545 3.76128 0.926234 194.213
12.2 18.6751 3.77151 0.933799 194.202
12.3 18.8048 3.78183 0.941361 194.192
12.4 18.934 3.79223 0.948922 194.182
12.5 19.0627 3.80271 0.95648 194.171
12.6 19.1909 3.81327 0.964035 194.161
12.7 19.3186 3.82392 0.971589 194.15
12.8 19.4458 3.83465 0.97914 194.139
12.9 19.5725 3.84546 0.986689 194.128
13 19.6987 3.85635 0.994235 194.118
13.1 19.8245 3.86733 1.00178 194.107
13.2 19.9497 3.87839 1.00932 194.096
13.3 20.0744 3.88953 1.01686 194.084
13.4 20.1986 3.90076 1.0244 194.073
13.5 20.3223 3.91207 1.03193 194.062
13.6 20.4455 3.92346 1.03946 194.051
13.7 20.5682 3.93493 1.04699 194.039
13.8 20.6904 3.94649 1.05452 194.027
13.9 20.8121 3.95812 1.06204 194.016
14 20.9332 3.96984 1.06957 194.004
14.1 21.0539 3.98165 1.07709 193.992
14.2 21.1741 3.99353 1.0846 193.98
14.3 21.2937 4.0055 1.09212 193.968
14.4 21.4129 4.01755 1.09963 193.956
14.5 21.5315 4.02968 1.10714 193.944
14.6 21.6496 4.04189 1.11464 193.932
14.7 21.7672 4.05419 1.12215 193.92
14.8 21.8843 4.06656 1.12965 193.907
14.9 22.0009 4.07902 1.13715 193.895
15 22.117 4.09157 1.14464 193.882
15.1 22.2326 4.10419 1.15213 193.87
15.2 22.3477 4.11689 1.15962 193.857
15.3 22.4622 4.12968 1.16711 193.844
15.4 22.5763 4.14255 1.1746 193.831
15.5 22.6898 4.1555 1.18208 193.818
15.6 22.8028 4.16854 1.18956 193.805
15.7 22.9153 4.18165 1.19703 193.792
15.8 23.0273 4.19485 1.20451 193.779
15.9 23.1388 4.20812 1.21198 193.766
16 23.2498 4.22148 1.21944 193.752
16.1 23.3602 4.23492 1.22691 193.739
16.2 23.4702 4.24845 1.23437 193.726
16.3 23.5796 4.26205 1.24183 193.712
16.4 23.6885 4.27574 1.24928 193.698
16.5 23.797 4.2895 1.25674 193.684
16.6 23.9049 4.30335 1.26419 193.671
16.7 24.0123 4.31728 1.27163 193.657
16.8 24.1192 4.33129 1.27908 193.643
16.9 24.2255 4.34538 1.28652 193.629
17 24.3314 4.35956 1.29396 193.614
17.1 24.4368 4.37381 1.30139 193.6
17.2 24.5416 4.38815 1.30882 193.586
17.3 24.646 4.40256 1.31625 193.571
17.4 24.7498 4.41706 1.32367 193.557
17.5 24.8531 4.43164 1.3311 193.542
17.6 24.956 4.4463 1.33851 193.528
17.7 25.0583 4.46104 1.34593 193.513
17.8 25.1601 4.47586 1.35334 193.498
17.9 25.2614 4.49076 1.36075 193.483
18 25.3622 4.50575 1.36816 193.468
18.1 25.4625 4.52081 1.37556 193.453
18.2 25.5623 4.53595 1.38296 193.438
18.3 25.6617 4.55118 1.39035 193.423
18.4 25.7605 4.56648 1.39775 193.407
18.5 25.8588 4.58187 1.40514 193.392
18.6 25.9566 4.59734 1.41252 193.377
18.7 26.0539 4.61288 1.4199 193.361
18.8 26.1507 4.62851 1.42728 193.345
18.9 26.247 4.64422 1.43466 193.33
19 26.3428 4.66 1.44203 193.314
19.1 26.4381 4.67587 1.4494 193.298
19.2 26.5329 4.69182 1.45676 193.282
19.3 26.6273 4.70785 1.46413 193.266
19.4 26.7211 4.72396 1.47148 193.25
19.5 26.8144 4.74014 1.47884 193.234
19.6 26.9073 4.75641 1.48619 193.218
19.7 26.9997 4.77276 1.49354 193.201
19.8 27.0915 4.78919 1.50088 193.185
19.9 27.1829 4.8057 1.50822 193.168
20 27.2738 4.82228 1.51556 193.152
20.1 27.3642 4.83895 1.52289 193.135
20.2 27.4542 4.8557 1.53022 193.118
20.3 27.5436 4.87253 1.53755 193.101
20.4 27.6326 4.88943 1.54487 193.085
20.5 27.7211 4.90642 1.55219 193.068
20.6 27.8091 4.92348 1.5595 193.05
20.7 27.8966 4.94063 1.56681 193.033
20.8 27.9836 4.95785 1.57412 193.016
20.9 28.0702 4.97516 1.58142 192.999
21 28.1563 4.99254 1.58872 192.981
21.1 28.2419 5.01 1.59602 192.964
21.2 28.327 5.02754 1.60331 192.946
21.3 28.4117 5.04516 1.6106 192.929
21.4 28.4959 5.06286 1.61788 192.911
21.5 28.5796 5.08064 1.62516 192.893
21.6 28.6629 5.0985 1.63244 192.875
21.7 28.7457 5.11643 1.63971 192.858
21.8 28.828 5.13445 1.64698 192.84
21.9 28.9098 5.15254 1.65424 192.821
22 28.9912 5.17071 1.6615 192.803
22.1 29.0722 5.18896 1.66876 192.785
22.2 29.1526 5.20729 1.67601 192.767
22.3 29.2326 5.2257 1.68326 192.748
22.4 29.3122 5.24419 1.69051 192.73
22.5 29.3913 5.26275 1.69775 192.711
22.6 29.4699 5.2814 1.70498 192.693
22.7001 29.5481 5.30012 1.71221 192.674
22.8001 29.6258 5.31892 1.71944 192.655
22.9001 29.7031 5.3378 1.72667 192.636
23.0001 29.7799 5.35676 1.73389 192.617
23.1001 29.8563 5.37579 1.7411 192.598
23.2001 29.9322 5.3949 1.74831 192.579
23.3001 30.0077 5.41409 1.75552 192.56
23.4001 30.0827 5.43336 1.76272 192.541
23.5001 30.1573 5.45271 1.76992 192.521
23.6001 30.2314 5.47213 1.77712 192.502
23.7001 30.3051 5.49164 1.78431 192.482
23.8001 30.3784 5.51122 1.79149 192.463
23.9001 30.4512 5.53087 1.79867 192.443
24.0001 30.5236 5.55061 1.80585 192.423
24.1001 30.5955 5.57042 1.81302 192.404
24.2001 30.667 5.59031 1.82019 192.384
24.3001 30.7381 5.61028 1.82735 192.364
24.4001 30.8088 5.63032 1.83451 192.344
24.5001 30.879 5.65044 1.84167 192.324
24.6001 30.9488 5.67064 1.84882 192.303
24.7001 31.0181 5.69092 1.85597 192.283
24.8001 31.0871 5.71127 1.86311 192.263
24.9001 31.1556 5.7317 1.87024 192.242
25.0001 31.2237 5.75221 1.87738 192.222
25.1001 31.2913 5.7728 1.88451 192.201
25.2001 31.3586 5.79346 1.89163 192.181
25.3001 31.4254 5.8142 1.89875 192.16
25.4001 31.4918 5.83501 1.90586 192.139
25.5001 31.5578 5.8559 1.91297 192.118
25.6001 31.6234 5.87687 1.92008 192.097
25.7001 31.6885 5.89791 1.92718 192.076
25.8001 31.7533 5.91903 1.93427 192.055
25.9001 31.8176 5.94023 1.94136 192.034
26.0001 31.8815 5.96151 1.94845 192.012
26.1001 31.9451 5.98286 1.95553 191.991
26.2001 32.0082 6.00428 1.96261 191.97
26.3001 32.0709 6.02578 1.96968 191.948
26.4001 32.1332 6.04736 1.97675 191.927
26.5001 32.1951 6.06902 1.98381 191.905
26.6001 32.2566 6.09075 1.99087 191.883
26.7001 32.3177 6.11255 1.99792 191.861
26.8001 32.3784 6.13443 2.00497 191.84
26.9001 32.4388 6.15639 2.01201 191.818
27.0001 32.4987 6.17842 2.01905 191.796
27.1001 32.5582 6.20053 2.02609 191.773
27.2001 32.6173 6.22272 2.03311 191.751
27.3001 32.6761 6.24498 2.04014 191.729
27.4001 32.7344 6.26731 2.04716 191.707
27.5001 32.7924 6.28972 2.05417 191.684
27.6001 32.85 6.31221 2.06118 191.662
27.7001 32.9072 6.33477 2.06818 191.639
27.8001 32.964 6.35741 2.07518 191.617
27.9001 33.0205 6.38012 2.08218 191.594
28.0001 33.0765 6.4029 2.08916 191.571
28.1001 33.1322 6.42577 2.09615 191.548
28.2001 33.1875 6.4487 2.10313 191.525
28.3001 33.2424 6.47171 2.1101 191.502
28.4001 33.297 6.4948 2.11707 191.479
28.5001 33.3512 6.51796 2.12403 191.456
28.6001 33.405 6.54119 2.13099 191.433
28.7001 33.4584 6.5645 2.13794 191.409
28.8001 33.5115 6.58789 2.14489 191.386
28.9001 33.5642 6.61134 2.15183 191.363
29.0001 33.6166 6.63488 2.15877 191.339
29.1001 33.6685 6.65848 2.1657 191.315
29.2001 33.7202 6.68216 2.17263 191.292
29.3001 33.7714 6.70592 2.17955 191.268
29.4001 33.8223 6.72975 2.18646 191.244
29.5001 33.8728 6.75365 2.19337 191.22
29.6001 33.923 6.77763 2.20028 191.196
29.7001 33.9728 6.80168 2.20718 191.172
29.8001 34.0223 6.8258 2.21407 191.148
29.9001 34.0714 6.85 2.22096 191.124
30.0001 34.1202 6.87427 2.22785 191.1
30.1001 34.1686 6.89861 2.23472 191.075
30.2001 34.2167 6.92303 2.2416 191.051
30.3001 34.2644 6.94752 2.24846 191.026
30.4001 34.3118 6.97209 2.25533 191.002
30.5001 34.3588 6.99672 2.26218 190.977
30.6001 34.4055 7.02144 2.26903 190.953
30.7001 34.4519 7.04622 2.27588 190.928
30.8001 34.4979 7.07108 2.28272 190.903
30.9001 34.5436 7.09601 2.28955 190.878
31.0001 34.5889 7.12101 2.29638 190.853
31.1001 34.6339 7.14608 2.3032 190.828
31.2001 34.6786 7.17123 2.31002 190.803
31.3001 34.7229 7.19645 2.31683 190.778
31.4001 34.7669 7.22175 2.32364 190.752
31.5001 34.8106 7.24711 2.33044 190.727
31.6001 34.8539 7.27255 2.33723 190.701
31.7001 34.897 7.29806 2.34402 190.676
31.8001 34.9397 7.32364 2.3508 190.65
31.9001 34.982 7.3493 2.35758 190.625
32.0001 35.0241 7.37502 2.36435 190.599
32.1001 35.0658 7.40082 2.37112 190.573
32.2001 35.1072 7.42669 2.37788 190.547
32.3001 35.1483 7.45263 2.38463 190.521
32.4001 35.1891 7.47864 2.39138 190.495
32.5001 35.2295 7.50473 2.39812 190.469
32.6001 35.2696 7.53089 2.40486 190.443
32.7001 35.3095 7.55711 2.41159 190.417
32.8001 35.349 7.58341 2.41831 190.391
32.9001 35.3882 7.60978 2.42503 190.364
33.0001 35.4271 7.63623 2.43174 190.338
33.1001 35.4656 7.66274 2.43845 190.311
33.2001 35.5039 7.68932 2.44515 190.285
33.3001 35.5419 7.71598 2.45185 190.258
33.4001 35.5795 7.7427 2.45854 190.231
33.5001 35.6169 7.7695 2.46522 190.204
33.6001 35.654 7.79637 2.47189 190.178
33.7001 35.6907 7.82331 2.47857 190.151
33.8001 35.7272 7.85032 2.48523 190.124
33.9001 35.7633 7.8774 2.49189 190.097
34.0001 35.7992 7.90455 2.49854 190.069
34.1001 35.8348 7.93177 2.50519 190.042
34.2001 35.87 7.95906 2.51183 190.015
34.3 35.905 7.98642 2.51846 189.988
34.4 35.9397 8.01385 2.52509 189.96
34.5 35.9741 8.04135 2.53171 189.933
34.6 36.0082 8.06892 2.53832 189.905
34.7 36.042 8.09656 2.54493 189.877
34.8 36.0756 8.12427 2.55153 189.85
34.9 36.1088 8.15205 2.55813 189.822
35 36.1418 8.1799 2.56472 189.794
35.1 36.1745 8.20782 2.5713 189.766
35.2 36.2069 8.23581 2.57788 189.738
35.3 36.239 8.26386 2.58445 189.71
35.4 36.2708 8.29199 2.59102 189.682
35.5 36.3024 8.32019 2.59758 189.654
35.6 36.3337 8.34845 2.60413 189.626
35.7 36.3647 8.37679 2.61067 189.597
35.8 36.3954 8.40519 2.61721 189.569
35.9 36.4259 8.43366 2.62374 189.54
36 36.4561 8.4622 2.63027 189.512
36.1 36.486 8.49081 2.63679 189.483
36.2 36.5156 8.51949 2.6433 189.454
36.3 36.545 8.54824 2.64981 189.426
36.4 36.5741 8.57705 2.65631 189.397
36.5 36.603 8.60593 2.6628 189.368
36.6 36.6316 8.63488 2.66929 189.339
36.7 36.6599 8.6639 2.67577 189.31
36.8 36.6879 8.69299 2.68224 189.281
36.9 36.7157 8.72215 2.68871 189.252
37 36.7433 8.75137 2.69517 189.223
37.1 36.7705 8.78066 2.70162 189.193
37.2 36.7975 8.81002 2.70807 189.164
37.3 36.8243 8.83945 2.71451 189.135
37.4 36.8508 8.86894 2.72094 189.105
37.5 36.877 8.8985 2.72737 189.075
37.6 36.903 8.92813 2.73379 189.046
37.7 36.9288 8.95782 2.7402 189.016
37.8 36.9543 8.98759 2.74661 188.986
37.9 36.9795 9.01742 2.75301 188.957
38 37.0045 9.04731 2.7594 188.927
38.1 37.0292 9.07728 2.76579 188.897
38.2 37.0537 9.10731 2.77216 188.867
38.3 37.078 9.13741 2.77854 188.837
38.4 37.102 9.16757 2.7849 188.806
38.5 37.1257 9.1978 2.79126 188.776
38.6 37.1493 9.2281 2.79761 188.746
38.7 37.1725 9.25846 2.80395 188.715
38.8 37.1956 9.28889 2.81029 188.685
38.9 37.2184 9.31938 2.81662 188.655
39 37.2409 9.34994 2.82295 188.624
39.1 37.2632 9.38057 2.82926 188.593
39.2 37.2853 9.41126 2.83557 188.563
39.3 37.3072 9.44202 2.84187 188.532
39.4 37.3288 9.47285 2.84817 188.501
39.5 37.3502 9.50374 2.85446 188.47
39.6 37.3713 9.53469 2.86074 188.439
39.7 37.3922 9.56571 2.86701 188.408
39.8 37.4129 9.5968 2.87328 188.377
39.9 37.4334 9.62795 2.87954 188.346
40 37.4536 9.65917 2.88579 188.315
40.1 37.4736 9.69045 2.89203 188.284
40.2 37.4933 9.72179 2.89827 188.252
40.3 37.5129 9.75321 2.9045 188.221
40.4 37.5322 9.78468 2.91073 188.189
40.5 37.5513 9.81622 2.91694 188.158
40.6 37.5702 9.84783 2.92315 188.126
40.7 37.5889 9.8795 2.92935 188.094
40.7999 37.6073 9.91123 2.93555 188.063
40.8999 37.6255 9.94303 2.94173 188.031
40.9999 37.6435 9.97489 2.94791 187.999
41.0999 37.6613 10.0068 2.95409 187.967
41.1999 37.6788 10.0388 2.96025 187.935
41.2999 37.6962 10.0709 2.96641 187.903
41.3999 37.7133 10.103 2.97256 187.871
41.4999 37.7302 10.1352 2.9787 187.839
41.5999 37.747 10.1674 2.98484 187.807
41.6999 37.7634 10.1997 2.99096 187.774
41.7999 37.7797 10.2321 2.99708 187.742
41.8999 37.7958 10.2645 3.0032 187.709
41.9999 37.8117 10.297 3.0093 187.677
42.0999 37.8273 10.3296 3.0154 187.644
42.1999 37.8428 10.3622 3.02149 187.612
42.2999 37.858 10.3949 3.02757 187.579
42.3999 37.8731 10.4276 3.03364 187.546
42.4999 37.8879 10.4605 3.03971 187.514
42.5999 37.9025 10.4933 3.04577 187.481
42.6999 37.9169 10.5263 3.05182 187.448
42.7999 37.9312 10.5593 3.05787 187.415
42.8999 37.9452 10.5923 3.0639 187.382
42.9999 37.959 10.6254 3.06993 187.349
43.0999 37.9726 10.6586 3.07595 187.315
43.1999 37.9861 10.6919 3.08197 187.282
43.2999 37.9993 10.7252 3.08797 187.249
43.3999 38.0123 10.7586 3.09397 187.215
43.4999 38.0252 10.792 3.09996 187.182
43.5999 38.0378 10.8255 3.10594 187.148
43.6999 38.0503 10.859 3.11192 187.115
43.7999 38.0625 10.8927 3.11788 187.081
43.8999 38.0746 10.9263 3.12384 187.048
43.9999 38.0864 10.9601 3.12979 187.014
44.0999 38.0981 10.9939 3.13574 186.98
44.1999 38.1096 11.0277 3.14167 186.946
44.2999 38.1209 11.0617 3.1476 186.912
44.3999 38.132 11.0957 3.15352 186.878
44.4999 38.1429 11.1297 3.15943 186.844
44.5999 38.1537 11.1638 3.16533 186.81
44.6999 38.1642 11.198 3.17123 186.776
44.7999 38.1746 11.2322 3.17712 186.742
44.8999 38.1848 11.2665 3.18299 186.707
44.9999 38.1948 11.3008 3.18887 186.673
45.0999 38.2046 11.3352 3.19473 186.639
45.1999 38.2142 11.3697 3.20058 186.604
45.2999 38.2237 11.4042 3.20643 186.57
45.3999 38.233 11.4388 3.21227 186.535
45.4999 38.2421 11.4735 3.2181 186.501
45.5999 38.251 11.5082 3.22392 186.466
45.6999 38.2597 11.5429 3.22974 186.431
45.7999 38.2683 11.5777 3.23554 186.396
45.8999 38.2767 11.6126 3.24134 186.361
45.9999 38.2849 11.6476 3.24713 186.326
46.0999 38.2929 11.6826 3.25291 186.291
46.1999 38.3008 11.7176 3.25869 186.256
46.2999 38.3085 11.7527 3.26445 186.221
46.3999 38.316 11.7879 3.27021 186.186
46.4999 38.3233 11.8232 3.27596 186.151
46.5999 38.3305 11.8584 3.2817 186.116
46.6999 38.3375 11.8938 3.28743 186.08
46.7999 38.3443 11.9292 3.29315 186.045
46.8999 38.351 11.9647 3.29887 186.009
46.9999 38.3575 12.0002 3.30457 185.974
47.0999 38.3638 12.0358 3.31027 185.938
47.1999 38.37 12.0714 3.31596 185.903
47.2999 38.376 12.1071 3.32164 185.867
47.3998 38.3818 12.1429 3.32732 185.831
47.4998 38.3875 12.1787 3.33298 185.795
47.5998 38.393 12.2146 3.33864 185.759
47.6998 38.3983 12.2505 3.34429 185.723
47.7998 38.4035 12.2865 3.34992 185.687
47.8998 38.4085 12.3225 3.35556 185.651
47.9998 38.4133 12.3586 3.36118 185.615
48.0998 38.418 12.3948 3.36679 185.579
48.1998 38.4226 12.431 3.3724 185.543
48.2998 38.4269 12.4673 3.37799 185.507
48.3998 38.4312 12.5036 3.38358 185.47
48.4998 38.4352 12.54 3.38916 185.434
48.5998 38.4391 12.5764 3.39473 185.398
48.6998 38.4429 12.6129 3.40029 185.361
48.7998 38.4465 12.6494 3.40584 185.325
48.8998 38.4499 12.6861 3.41139 185.288
48.9998 38.4532 12.7227 3.41692 185.251
49.0998 38.4563 12.7594 3.42245 185.215
49.1998 38.4593 12.7962 3.42797 185.178
49.2998 38.4621 12.833 3.43348 185.141
49.3998 38.4648 12.8699 3.43898 185.104
49.4998 38.4673 12.9069 3.44447 185.067
49.5998 38.4696 12.9439 3.44995 185.03
49.6998 38.4719 12.9809 3.45543 184.993
49.7998 38.4739 13.018 3.46089 184.956
49.8998 38.4759 13.0552 3.46635 184.919
49.9998 38.4776 13.0924 3.4718 184.882
50.0998 38.4793 13.1296 3.47724 184.844
50.1998 38.4807 13.167 3.48266 184.807
50.2998 38.4821 13.2043 3.48809 184.77
50.3998 38.4832 13.2418 3.4935 184.732
50.4998 38.4843 13.2793 3.4989 184.695
50.5998 38.4852 13.3168 3.50429 184.657
50.6998 38.4859 13.3544 3.50968 184.62
50.7998 38.4866 13.392 3.51505 184.582
50.8998 38.487 13.4297 3.52042 184.544
50.9998 38.4874 13.4675 3.52578 184.506
51.0998 38.4875 13.5053 3.53113 184.469
51.1998 38.4876 13.5432 3.53647 184.431
51.2998 38.4875 13.5811 3.5418 184.393
51.3998 38.4873 13.619 3.54712 184.355
51.4998 38.4869 13.6571 3.55243 184.317
51.5998 38.4864 13.6951 3.55773 184.279
51.6998 38.4857 13.7333 3.56303 184.241
51.7998 38.485 13.7714 3.56831 184.203
51.8998 38.484 13.8097 3.57359 184.164
51.9998 38.483 13.848 3.57885 184.126
52.0998 38.4818 13.8863 3.58411 184.088
52.1998 38.4805 13.9247 3.58936 184.049
52.2998 38.479 13.9631 3.5946 184.011
52.3998 38.4774 14.0016 3.59983 183.972
52.4998 38.4757 14.0401 3.60505 183.934
52.5998 38.4738 14.0787 3.61026 183.895
52.6998 38.4718 14.1174 3.61546 183.857
52.7998 38.4697 14.1561 3.62065 183.818
52.8998 38.4674 14.1948 3.62583 183.779
52.9998 38.4651 14.2336 3.63101 183.74
53.0998 38.4625 14.2725 3.63617 183.701
53.1998 38.4599 14.3114 3.64133 183.663
53.2998 38.4571 14.3503 3.64647 183.624
53.3998 38.4542 14.3893 3.65161 183.585
53.4998 38.4512 14.4284 3.65673 183.546
53.5998 38.448 14.4675 3.66185 183.506
53.6998 38.4448 14.5067 3.66696 183.467
53.7998 38.4413 14.5459 3.67205 183.428
53.8997 38.4378 14.5851 3.67714 183.389
53.9997 38.4342 14.6244 3.68222 183.35
54.0997 38.4304 14.6638 3.68729 183.31
54.1997 38.4265 14.7032 3.69235 183.271
54.2997 38.4224 14.7426 3.6974 183.231
54.3997 38.4183 14.7821 3.70244 183.192
54.4997 38.414 14.8217 3.70747 183.152
54.5997 38.4096 14.8613 3.71249 183.113
54.6997 38.4051 14.9009 3.7175 183.073
54.7997 38.4004 14.9406 3.7225 183.033
54.8997 38.3957 14.9804 3.72749 182.994
54.9997 38.3908 15.0202 3.73248 182.954
55.0997 38.3858 15.06 3.73745 182.914
55.1997 38.3807 15.0999 3.74241 182.874
55.2997 38.3754 15.1399 3.74736 182.834
55.3997 38.3701 15.1799 3.75231 182.794
55.4997 38.3646 15.2199 3.75724 182.754
55.5997 38.359 15.26 3.76216 182.714
55.6997 38.3533 15.3001 3.76708 182.674
55.7997 38.3475 15.3403 3.77198 182.634
55.8997 38.3416 15.3806 3.77688 182.593
55.9997 38.3355 15.4208 3.78176 182.553
56.0997 38.3293 15.4612 3.78663 182.513
56.1997 38.323 15.5015 3.7915 182.472
56.2997 38.3167 15.542 3.79635 182.432
56.3997 38.3101 15.5824 3.8012 182.392
56.4997 38.3035 15.6229 3.80603 182.351
56.5997 38.2968 15.6635 3.81086 182.31
56.6997 38.2899 15.7041 3.81567 182.27
56.7997 38.283 15.7448 3.82048 182.229
56.8997 38.2759 15.7855 3.82527 182.188
56.9997 38.2687 15.8262 3.83006 182.148
57.0997 38.2614 15.867 3.83483 182.107
57.1997 38.254 15.9079 3.8396 182.066
57.2997 38.2465 15.9487 3.84435 182.025
57.3997 38.2389 15.9897 3.84909 181.984
57.4997 38.2312 16.0307 3.85383 181.943
57.5997 38.2233 16.0717 3.85855 181.902
57.6997 38.2154 16.1127 3.86327 181.861
57.7997 38.2074 16.1539 3.86797 181.82
57.8997 38.1992 16.195 3.87266 181.779
57.9997 38.1909 16.2362 3.87735 181.738
58.0997 38.1826 16.2775 3.88202 181.696
58.1997 38.1741 16.3188 3.88668 181.655
58.2997 38.1655 16.3601 3.89134 181.614
58.3997 38.1568 16.4015 3.89598 181.572
58.4997 38.148 16.4429 3.90061 181.531
58.5997 38.1392 16.4844 3.90523 181.49
58.6997 38.1302 16.5259 3.90985 181.448
58.7997 38.1211 16.5675 3.91445 181.406
58.8997 38.1119 16.6091 3.91904 181.365
58.9997 38.1026 16.6507 3.92362 181.323
59.0997 38.0932 16.6924 3.92819 181.282
59.1997 38.0837 16.7342 3.93275 181.24
59.2997 38.0741 16.7759 3.9373 181.198
59.3997 38.0643 16.8178 3.94184 181.156
59.4997 38.0545 16.8596 3.94637 181.114
59.5997 38.0446 16.9015 3.95089 181.072
59.6997 38.0346 16.9435 3.95539 181.03
59.7997 38.0245 16.9855 3.95989 180.988
59.8997 38.0143 17.0275 3.96438 180.946
59.9997 38.004 17.0696 3.96885 180.904
60.0997 37.9936 17.1117 3.97332 180.862
60.1997 37.9831 17.1539 3.97778 180.82
60.2997 37.9725 17.1961 3.98222 180.778
60.3997 37.9619 17.2383 3.98666 180.736
60.4996 37.9511 17.2806 3.99108 180.693
60.5996 37.9402 17.323 3.99549 180.651
60.6996 37.9292 17.3653 3.99989 180.609
60.7996 37.9181 17.4078 4.00429 180.566
60.8996 37.907 17.4502 4.00867 180.524
60.9996 37.8957 17.4927 4.01304 180.481
61.0996 37.8844 17.5353 4.0174 180.439
61.1996 37.8729 17.5778 4.02175 180.396
61.2996 37.8614 17.6205 4.02609 180.354
61.3996 37.8497 17.6631 4.03041 180.311
61.4996 37.838 17.7058 4.03473 180.268
61.5996 37.8262 17.7486 4.03904 180.225
61.6996 37.8143 17.7913 4.04333 180.183
61.7996 37.8023 17.8342 4.04762 180.14
61.8996 37.7902 17.877 4.05189 180.097
61.9996 37.778 17.9199 4.05616 180.054
62.0996 37.7657 17.9629 4.06041 180.011
62.1996 37.7534 18.0059 4.06465 179.968
62.2996 37.7409 18.0489 4.06888 179.925
62.3996 37.7284 18.092 4.0731 179.882
62.4996 37.7158 18.1351 4.07731 179.839
62.5996 37.703 18.1782 4.08151 179.796
62.6996 37.6902 18.2214 4.08569 179.753
62.7996 37.6773 18.2646 4.08987 179.709
62.8996 37.6644 18.3079 4.09404 179.666
62.9996 37.6513 18.3511 4.09819 179.623
63.0996 37.6381 18.3945 4.10233 179.579
63.1996 37.6249 18.4379 4.10647 179.536
63.2996 37.6116 18.4813 4.11059 179.493
63.3996 37.5981 18.5247 4.1147 179.449
63.4996 37.5846 18.5682 4.1188 179.406
63.5996 37.5711 18.6117 4.12289 179.362
63.6996 37.5574 18.6553 4.12696 179.319
63.7996 37.5436 18.6989 4.13103 179.275
63.8996 37.5298 18.7425 4.13508 179.231
63.9996 37.5159 18.7862 4.13913 179.188
64.0996 37.5019 18.8299 4.14316 179.144
64.1996 37.4878 18.8737 4.14718 179.1
64.2996 37.4736 18.9175 4.15119 179.056
64.3996 37.4593 18.9613 4.15519 179.013
64.4996 37.445 19.0051 4.15918 178.969
64.5996 37.4306 19.049 4.16316 178.925
64.6996 37.4161 19.093 4.16712 178.881
64.7996 37.4015 19.1369 4.17108 178.837
64.8996 37.3868 19.181 4.17502 178.793
64.9996 37.3721 19.225 4.17895 178.749
65.0996 37.3572 19.2691 4.18287 178.705
65.1996 37.3423 19.3132 4.18678 178.661
65.2996 37.3274 19.3573 4.19068 178.617
65.3996 37.3123 19.4015 4.19457 178.572
65.4996 37.2971 19.4457 4.19844 178.528
65.5996 37.2819 19.49 4.20231 178.484
65.6996 37.2666 19.5343 4.20616 178.44
65.7996 37.2512 19.5786 4.21 178.395
65.8996 37.2358 19.623 4.21383 178.351
65.9996 37.2202 19.6674 4.21765 178.307
66.0996 37.2046 19.7118 4.22146 178.262
66.1996 37.1889 19.7563 4.22525 178.218
66.2996 37.1732 19.8008 4.22904 178.173
66.3996 37.1573 19.8453 4.23281 178.129
66.4996 37.1414 19.8898 4.23657 178.084
66.5996 37.1254 19.9344 4.24032 178.04
66.6996 37.1093 19.9791 4.24406 177.995
66.7996 37.0932 20.0237 4.24779 177.95
66.8996 37.077 20.0684 4.2515 177.906
66.9995 37.0607 20.1132 4.25521 177.861
67.0995 37.0443 20.1579 4.2589 177.816
67.1995 37.0278 20.2027 4.26258 177.771
67.2995 37.0113 20.2476 4.26625 177.726
67.3995 36.9947 20.2924 4.26991 177.682
67.4995 36.9781 20.3373 4.27355 177.637
67.5995 36.9613 20.3823 4.27718 177.592
67.6995 36.9445 20.4272 4.28081 177.547
67.7995 36.9276 20.4722 4.28442 177.502
67.8995 36.9106 20.5173 4.28802 177.457
67.9995 36.8936 20.5623 4.2916 177.412
68.0995 36.8765 20.6074 4.29518 177.367
68.1995 36.8593 20.6525 4.29874 177.321
68.2995 36.8421 20.6977 4.3023 177.276
68.3995 36.8248 20.7429 4.30584 177.231
68.4995 36.8074 20.7881 4.30937 177.186
68.5995 36.7899 20.8333 4.31288 177.141
68.6995 36.7724 20.8786 4.31639 177.095
68.7995 36.7548 20.9239 4.31988 177.05
68.8995 36.7371 20.9693 4.32336 177.005
68.9995 36.7194 21.0146 4.32683 176.959
69.0995 36.7016 21.06 4.33029 176.914
69.1995 36.6837 21.1055 4.33374 176.868
69.2995 36.6657 21.1509 4.33717 176.823
69.3995 36.6477 21.1964 4.34059 176.778
69.4995 36.6296 21.2419 4.344 176.732
69.5995 36.6115 21.2875 4.3474 176.686
69.6995 36.5933 21.3331 4.35079 176.641
69.7995 36.575 21.3787 4.35416 176.595
69.8995 36.5566 21.4243 4.35753 176.55
69.9995 36.5382 21.47 4.36088 176.504
70.0995 36.5197 21.5157 4.36422 176.458
70.1995 36.5012 21.5614 4.36754 176.413
70.2995 36.4826 21.6072 4.37086 176.367
70.3995 36.4639 21.6529 4.37416 176.321
70.4995 36.4451 21.6988 4.37745 176.275
70.5995 36.4263 21.7446 4.38073 176.229
70.6995 36.4074 21.7905 4.38399 176.183
70.7995 36.3885 21.8364 4.38725 176.138
70.8995 36.3695 21.8823 4.39049 176.092
70.9995 36.3504 21.9282 4.39372 176.046
71.0995 36.3312 21.9742 4.39694 176
71.1995 36.312 22.0202 4.40014 175.954
71.2995 36.2928 22.0663 4.40334 175.908
71.3995 36.2734 22.1123 4.40652 175.862
71.4995 36.254 22.1584 4.40969 175.816
71.5995 36.2346 22.2045 4.41285 175.769
71.6995 36.215 22.2507 4.41599 175.723
71.7995 36.1955 22.2968 4.41912 175.677
71.8995 36.1758 22.343 4.42224 175.631
71.9995 36.1561 22.3893 4.42535 175.585
72.0995 36.1363 22.4355 4.42845 175.538
72.1995 36.1165 22.4818 4.43153 175.492
72.2995 36.0966 22.5281 4.4346 175.446
72.3995 36.0766 22.5744 4.43766 175.4
72.4995 36.0566 22.6208 4.44071 175.353
72.5995 36.0365 22.6671 4.44374 175.307
72.6995 36.0164 22.7135 4.44677 175.26
72.7995 35.9962 22.76 4.44978 175.214
72.8995 35.9759 22.8064 4.45277 175.168
72.9995 35.9556 22.8529 4.45576 175.121
73.0995 35.9352 22.8994 4.45873 175.075
73.1995 35.9148 22.9459 4.46169 175.028
73.2995 35.8943 22.9925 4.46464 174.981
73.3995 35.8737 23.0391 4.46757 174.935
73.4995 35.8531 23.0857 4.4705 174.888
73.5994 35.8324 23.1323 4.47341 174.842
73.6994 35.8117 23.1789 4.4763 174.795
73.7994 35.7909 23.2256 4.47919 174.748
73.8994 35.77 23.2723 4.48206 174.702
73.9994 35.7491 23.319 4.48492 174.655
74.0994 35.7281 23.3658 4.48777 174.608
74.1994 35.7071 23.4125 4.49061 174.561
74.2994 35.686 23.4593 4.49343 174.515
74.3994 35.6649 23.5061 4.49624 174.468
74.4994 35.6437 23.553 4.49904 174.421
74.5994 35.6224 23.5998 4.50182 174.374
74.6994 35.6011 23.6467 4.50459 174.327
74.7994 35.5798 23.6936 4.50735 174.28
74.8994 35.5583 23.7405 4.5101 174.233
74.9994 35.5368 23.7875 4.51284 174.186
75.0994 35.5153 23.8344 4.51556 174.14
75.1994 35.4937 23.8814 4.51827 174.093
75.2994 35.4721 23.9284 4.52096 174.046
75.3994 35.4504 23.9755 4.52365 173.998
75.4994 35.4286 24.0225 4.52632 173.951
75.5994 35.4068 24.0696 4.52898 173.904
75.6994 35.3849 24.1167 4.53162 173.857
75.7994 35.363 24.1638 4.53426 173.81
75.8994 35.341 24.211 4.53688 173.763
75.9994 35.319 24.2581 4.53948 173.716
76.0994 35.2969 24.3053 4.54208 173.669
76.1994 35.2748 24.3525 4.54466 173.621
76.2994 35.2526 24.3997 4.54723 173.574
76.3994 35.2303 24.447 4.54979 173.527
76.4994 35.208 24.4942 4.55233 173.48
76.5994 35.1857 24.5415 4.55486 173.432
76.6994 35.1633 24.5888 4.55738 173.385
76.7994 35.1408 24.6361 4.55988 173.338
76.8994 35.1183 24.6835 4.56237 173.29
76.9994 35.0958 24.7308 4.56485 173.243
77.0994 35.0732 24.7782 4.56732 173.196
77.1994 35.0505 24.8256 4.56977 173.148
77.2994 35.0278 24.873 4.57221 173.101
77.3994 35.005 24.9205 4.57464 173.053
77.4994 34.9822 24.9679 4.57705 173.006
77.5994 34.9593 25.0154 4.57946 172.959
77.6994 34.9364 25.0629 4.58184 172.911
77.7994 34.9134 25.1104 4.58422 172.864
77.8994 34.8904 25.1579 4.58658 172.816
77.9994 34.8673 25.2055 4.58893 172.769
78.0994 34.8442 25.253 4.59127 172.721
78.1994 34.821 25.3006 4.59359 172.673
78.2994 34.7978 25.3482 4.5959 172.626
78.3994 34.7745 25.3958 4.5982 172.578
78.4994 34.7512 25.4434 4.60048 172.531
78.5994 34.7278 25.4911 4.60275 172.483
78.6994 34.7044 25.5387 4.60501 172.435
78.7994 34.6809 25.5864 4.60726 172.388
78.8994 34.6574 25.6341 4.60949 172.34
78.9994 34.6339 25.6818 4.61171 172.292
79.0994 34.6102 25.7296 4.61391 172.244
79.1994 34.5866 25.7773 4.6161 172.197
79.2994 34.5629 25.8251 4.61828 172.149
79.3994 34.5391 25.8728 4.62045 172.101
79.4994 34.5153 25.9206 4.6226 172.053
79.5994 34.4914 25.9684 4.62474 172.006
79.6994 34.4675 26.0163 4.62687 171.958
79.7994 34.4436 26.0641 4.62898 171.91
79.8994 34.4196 26.112 4.63108 171.862
79.9994 34.3955 26.1598 4.63317 171.814
80.0993 34.3714 26.2077 4.63524 171.766
80.1993 34.3473 26.2556 4.6373 171.718
80.2993 34.3231 26.3035 4.63935 171.67
80.3993 34.2989 26.3515 4.64138 171.623
80.4993 34.2746 26.3994 4.6434 171.575
80.5993 34.2503 26.4473 4.64541 171.527
80.6993 34.2259 26.4953 4.6474 171.479
80.7993 34.2015 26.5433 4.64938 171.431
80.8993 34.177 26.5913 4.65135 171.383
80.9993 34.1525 26.6393 4.6533 171.335
81.0993 34.128 26.6873 4.65524 171.287
81.1993 34.1034 26.7354 4.65717 171.239
81.2993 34.0787 26.7834 4.65908 171.191
81.3993 34.054 26.8315 4.66098 171.142
81.4993 34.0293 26.8795 4.66287 171.094
81.5993 34.0045 26.9276 4.66474 171.046
81.6993 33.9797 26.9757 4.6666 170.998
81.7993 33.9548 27.0238 4.66845 170.95
81.8993 33.9299 27.072 4.67028 170.902
81.9993 33.905 27.1201 4.6721 170.854
82.0993 33.88 27.1683 4.6739 170.806
82.1993 33.8549 27.2164 4.67569 170.758
82.2993 33.8298 27.2646 4.67747 170.709
82.3993 33.8047 27.3128 4.67924 170.661
82.4993 33.7795 27.361 4.68099 170.613
82.5993 33.7543 27.4092 4.68273 170.565
82.6993 33.729 27.4574 4.68445 170.517
82.7993 33.7037 27.5056 4.68616 170.468
82.8993 33.6784 27.5538 4.68786 170.42
82.9993 33.653 27.6021 4.68954 170.372
83.0993 33.6276 27.6503 4.69121 170.324
83.1993 33.6021 27.6986 4.69287 170.275
83.2993 33.5766 27.7469 4.69451 170.227
83.3993 33.551 27.7952 4.69614 170.179
83.4993 33.5254 27.8435 4.69776 170.13
83.5993 33.4998 27.8918 4.69936 170.082
83.6993 33.4741 27.9401 4.70095 170.034
83.7993 33.4484 27.9884 4.70252 169.986
83.8993 33.4226 28.0368 4.70408 169.937
83.9993 33.3968 28.0851 4.70563 169.889
84.0993 33.371 28.1335 4.70717 169.841
84.1993 33.3451 28.1818 4.70868 169.792
84.2993 33.3192 28.2302 4.71019 169.744
84.3993 33.2932 28.2786 4.71168 169.695
84.4993 33.2672 28.3269 4.71316 169.647
84.5993 33.2411 28.3753 4.71463 169.599
84.6993 33.215 28.4237 4.71608 169.55
84.7993 33.1889 28.4722 4.71752 169.502
84.8993 33.1627 28.5206 4.71894 169.453
84.9993 33.1365 28.569 4.72035 169.405
85.0993 33.1103 28.6174 4.72174 169.357
85.1993 33.084 28.6659 4.72313 169.308
85.2993 33.0577 28.7143 4.72449 169.26
85.3993 33.0313 28.7628 4.72585 169.211
85.4993 33.0049 28.8112 4.72719 169.163
85.5993 32.9784 28.8597 4.72852 169.114
85.6993 32.952 28.9082 4.72983 169.066
85.7993 32.9254 28.9567 4.73113 169.017
85.8993 32.8989 29.0052 4.73241 168.969
85.9993 32.8723 29.0536 4.73369 168.92
86.0993 32.8456 29.1021 4.73494 168.872
86.1993 32.819 29.1506 4.73619 168.823
86.2993 32.7922 29.1992 4.73742 168.775
86.3993 32.7655 29.2477 4.73863 168.726
86.4993 32.7387 29.2962 4.73983 168.678
86.5993 32.7119 29.3447 4.74102 168.629
86.6992 32.685 29.3933 4.74219 168.581
86.7992 32.6581 29.4418 4.74335 168.532
86.8992 32.6312 29.4903 4.7445 168.484
86.9992 32.6042 29.5389 4.74563 168.435
87.0992 32.5772 29.5874 4.74675 168.387
87.1992 32.5501 29.636 4.74785 168.338
87.2992 32.523 29.6845 4.74894 168.289
87.3992 32.4959 29.7331 4.75002 168.241
87.4992 32.4687 29.7817 4.75108 168.192
87.5992 32.4415 29.8302 4.75213 168.144
87.6992 32.4143 29.8788 4.75316 168.095
87.7992 32.387 29.9274 4.75418 168.047
87.8992 32.3597 29.976 4.75519 167.998
87.9992 32.3323 30.0246 4.75618 167.949
88.0992 32.305 30.0731 4.75715 167.901
88.1992 32.2775 30.1217 4.75812 167.852
88.2992 32.2501 30.1703 4.75907 167.804
88.3992 32.2226 30.2189 4.76 167.755
88.4992 32.1951 30.2675 4.76092 167.706
88.5992 32.1675 30.3161 4.76183 167.658
88.6992 32.1399 30.3647 4.76272 167.609
88.7992 32.1123 30.4133 4.7636 167.561
88.8992 32.0846 30.4619 4.76446 167.512
88.9992 32.0569 30.5105 4.76531 167.463
89.0992 32.0292 30.5591 4.76615 167.415
89.1992 32.0014 30.6077 4.76697 167.366
89.2992 31.9736 30.6564 4.76778 167.318
89.3992 31.9458 30.705 4.76857 167.269
89.4992 31.9179 30.7536 4.76935 167.22
89.5992 31.89 30.8022 4.77012 167.172
89.6992 31.862 30.8508 4.77087 167.123
89.7992 31.8341 30.8994 4.7716 167.075
89.8992 31.8061 30.948 4.77233 167.026
89.9992 31.778 30.9967 4.77303 166.977
90.0992 31.7499 31.0453 4.77373 166.929
90.1992 31.7218 31.0939 4.77441 166.88
90.2992 31.6937 31.1425 4.77507 166.831
90.3992 31.6655 31.1911 4.77572 166.783
90.4992 31.6373 31.2397 4.77636 166.734
90.5992 31.609 31.2883 4.77698 166.686
90.6992 31.5808 31.3369 4.77759 166.637
90.7992 31.5524 31.3856 4.77818 166.588
90.8992 31.5241 31.4342 4.77876 166.54
90.9992 31.4957 31.4828 4.77932 166.491
91.0992 31.4673 31.5314 4.77988 166.443
91.1992 31.4389 31.58 4.78041 166.394
91.2992 31.4104 31.6286 4.78093 166.345
91.3992 31.3819 31.6772 4.78144 166.297
91.4992 31.3534 31.7258 4.78193 166.248
91.5992 31.3248 31.7744 4.78241 166.2
91.6992 31.2962 31.823 4.78288 166.151
91.7992 31.2675 31.8716 4.78333 166.102
91.8992 31.2389 31.9202 4.78376 166.054
91.9992 31.2102 31.9687 4.78418 166.005
92.0992 31.1814 32.0173 4.78459 165.957
92.1992 31.1527 32.0659 4.78498 165.908
92.2992 31.1239 32.1145 4.78536 165.859
92.3992 31.0951 32.1631 4.78572 165.811
92.4992 31.0662 32.2116 4.78607 165.762
92.5992 31.0373 32.2602 4.7864 165.714
92.6992 31.0084 32.3088 4.78672 165.665
92.7992 30.9794 32.3573 4.78703 165.617
92.8992 30.9505 32.4059 4.78732 165.568
92.9992 30.9214 32.4544 4.7876 165.52
93.0992 30.8924 32.503 4.78786 165.471
93.1992 30.8633 32.5515 4.78811 165.422
93.2991 30.8342 32.6001 4.78834 165.374
93.3991 30.8051 32.6486 4.78856 165.325
93.4991 30.7759 32.6971 4.78876 165.277
93.5991 30.7467 32.7456 4.78895 165.228
93.6991 30.7175 32.7941 4.78913 165.18
93.7991 30.6882 32.8427 4.78929 165.131
93.8991 30.659 32.8912 4.78943 165.083
93.9991 30.6296 32.9397 4.78956 165.034
94.0991 30.6003 32.9882 4.78968 164.986
94.1991 30.5709 33.0366 4.78978 164.937
94.2991 30.5415 33.0851 4.78987 164.889
94.3991 30.5121 33.1336 4.78994 164.84
94.4991 30.4826 33.1821 4.79 164.792
94.5991 30.4531 33.2305 4.79004 164.743
94.6991 30.4236 33.279 4.79007 164.695
94.7991 30.3941 33.3274 4.79008 164.647
94.8991 30.3645 33.3759 4.79008 164.598
94.9991 30.3349 33.4243 4.79007 164.55
95.0991 30.3052 33.4727 4.79004 164.501
95.1991 30.2756 33.5211 4.79 164.453
95.2991 30.2459 33.5696 4.78994 164.404
95.3991 30.2162 33.618 4.78986 164.356
95.4991 30.1864 33.6664 4.78977 164.308
95.5991 30.1566 33.7147 4.78967 164.259
95.6991 30.1268 33.7631 4.78955 164.211
95.7991 30.097 33.8115 4.78942 164.162
95.8991 30.0671 33.8599 4.78927 164.114
95.9991 30.0372 33.9082 4.78911 164.066
96.0991 30.0073 33.9566 4.78894 164.017
96.1991 29.9773 34.0049 4.78875 163.969
96.2991 29.9474 34.0532 4.78854 163.921
96.3991 29.9174 34.1015 4.78832 163.872
96.4991 29.8873 34.1498 4.78808 163.824
96.5991 29.8573 34.1981 4.78783 163.776
96.6991 29.8272 34.2464 4.78757 163.728
96.7991 29.7971 34.2947 4.78729 163.679
96.8991 29.7669 34.343 4.787 163.631
96.9991 29.7368 34.3912 4.78669 163.583
97.0991 29.7066 34.4395 4.78636 163.534
97.1991 29.6763 34.4877 4.78603 163.486
97.2991 29.6461 34.5359 4.78567 163.438
97.3991 29.6158 34.5842 4.7853 163.39
97.4991 29.5855 34.6324 4.78492 163.342
97.5991 29.5552 34.6805 4.78452 163.293
97.6991 29.5248 34.7287 4.78411 163.245
97.7991 29.4945 34.7769 4.78368 163.197
97.8991 29.464 34.8251 4.78324 163.149
97.9991 29.4336 34.8732 4.78279 163.101
98.0991 29.4031 34.9213 4.78231 163.053
98.1991 29.3727 34.9695 4.78183 163.004
98.2991 29.3421 35.0176 4.78133 162.956
98.3991 29.3116 35.0657 4.78081 162.908
98.4991 29.281 35.1138 4.78028 162.86
98.5991 29.2504 35.1618 4.77973 162.812
98.6991 29.2198 35.2099 4.77917 162.764
98.7991 29.1892 35.258 4.7786 162.716
98.8991 29.1585 35.306 4.77801 162.668
98.9991 29.1278 35.354 4.7774 162.62
99.0991 29.0971 35.402 4.77678 162.572
99.1991 29.0663 35.45 4.77615 162.524
99.2991 29.0356 35.498 4.7755 162.476
99.3991 29.0048 35.546 4.77483 162.428
99.4991 28.974 35.5939 4.77415 162.38
99.5991 28.9431 35.6419 4.77346 162.332
99.6991 28.9122 35.6898 4.77275 162.284
99.799 28.8813 35.7377 4.77203 162.236
99.899 28.8504 35.7856 4.77129 162.188
99.999 28.8195 35.8335 4.77053 162.14
100.099 28.7885 35.8814 4.76977 162.093
100.199 28.7575 35.9292 4.76898 162.045
100.299 28.7265 35.977 4.76818 161.997
100.399 28.6954 36.0249 4.76737 161.949
100.499 28.6644 36.0727 4.76654 161.901
100.599 28.6333 36.1205 4.7657 161.853
100.699 28.6022 36.1683 4.76484 161.806
100.799 28.571 36.216 4.76397 161.758
100.899 28.5399 36.2638 4.76308 161.71
100.999 28.5087 36.3115 4.76217 161.662
101.099 28.4774 36.3592 4.76126 161.615
101.199 28.4462 36.4069 4.76032 161.567
101.299 28.4149 36.4546 4.75938 161.519
101.399 28.3837 36.5022 4.75841 161.472
101.499 28.3524 36.5499 4.75743 161.424
101.599 28.321 36.5975 4.75644 161.376
101.699 28.2897 36.6451 4.75543 161.329
101.799 28.2583 36.6927 4.75441 161.281
101.899 28.2269 36.7403 4.75337 161.234
101.999 28.1955 36.7879 4.75232 161.186
102.099 28.164 36.8354 4.75125 161.139
102.199 28.1325 36.8829 4.75017 161.091
102.299 28.101 36.9304 4.74907 161.044
102.399 28.0695 36.9779 4.74796 160.996
102.499 28.038 37.0254 4.74683 160.949
102.599 28.0064 37.0729 4.74569 160.901
102.699 27.9748 37.1203 4.74453 160.854
102.799 27.9432 37.1677 4.74336 160.806
102.899 27.9116 37.2151 4.74217 160.759
102.999 27.8799 37.2625 4.74097 160.711
103.099 27.8482 37.3098 4.73975 160.664
103.199 27.8165 37.3572 4.73852 160.617
103.299 27.7848 37.4045 4.73727 160.569
103.399 27.7531 37.4518 4.73601 160.522
103.499 27.7213 37.4991 4.73473 160.475
103.599 27.6895 37.5464 4.73344 160.428
103.699 27.6577 37.5936 4.73213 160.38
103.799 27.6259 37.6408 4.73081 160.333
103.899 27.594 37.688 4.72947 160.286
103.999 27.5621 37.7352 4.72811 160.239
104.099 27.5302 37.7824 4.72675 160.192
104.199 27.4983 37.8295 4.72536 160.144
104.299 27.4664 37.8766 4.72397 160.097
104.399 27.4344 37.9237 4.72255 160.05
104.499 27.4024 37.9708 4.72112 160.003
104.599 27.3704 38.0179 4.71968 159.956
104.699 27.3384 38.0649 4.71822 159.909
104.799 27.3063 38.1119 4.71675 159.862
104.899 27.2742 38.1589 4.71526 159.815
104.999 27.2421 38.2059 4.71376 159.768
105.099 27.21 38.2528 4.71224 159.721
105.199 27.1779 38.2997 4.71071 159.674
105.299 27.1457 38.3466 4.70916 159.627
105.399 27.1135 38.3935 4.70759 159.58
105.499 27.0813 38.4404 4.70601 159.534
105.599 27.0491 38.4872 4.70442 159.487
105.699 27.0169 38.534 4.70281 159.44
105.799 26.9846 38.5808 4.70119 159.393
105.899 26.9523 38.6276 4.69955 159.346
105.999 26.92 38.6743 4.69789 159.3
106.099 26.8877 38.721 4.69623 159.253
106.199 26.8554 38.7677 4.69454 159.206
106.299 26.823 38.8144 4.69284 159.16
106.399 26.7906 38.8611 4.69113 159.113
106.499 26.7582 38.9077 4.6894 159.066
106.599 26.7258 38.9543 4.68765 159.02
106.699 26.6933 39.0009 4.68589 158.973
106.799 26.6609 39.0474 4.68412 158.927
106.899 26.6284 39.0939 4.68233 158.88
106.999 26.5959 39.1404 4.68052 158.834
107.099 26.5633 39.1869 4.6787 158.787
107.199 26.5308 39.2334 4.67687 158.741
107.299 26.4982 39.2798 4.67502 158.694
107.399 26.4656 39.3262 4.67315 158.648
107.499 26.433 39.3726 4.67127 158.601
107.599 26.4004 39.4189 4.66938 158.555
107.699 26.3677 39.4653 4.66747 158.509
107.799 26.3351 39.5116 4.66554 158.462
107.899 26.3024 39.5578 4.6636 158.416
107.999 26.2697 39.6041 4.66164 158.37
108.099 26.237 39.6503 4.65967 158.324
108.199 26.2042 39.6965 4.65769 158.277
108.299 26.1714 39.7427 4.65569 158.231
108.399 26.1387 39.7888 4.65367 158.185
108.499 26.1059 39.8349 4.65164 158.139
108.599 26.073 39.881 4.64959 158.093
108.699 26.0402 39.9271 4.64753 158.047
108.799 26.0073 39.9731 4.64545 158.001
108.899 25.9745 40.0191 4.64336 157.955
108.999 25.9416 40.0651 4.64126 157.909
109.099 25.9086 40.1111 4.63913 157.863
109.199 25.8757 40.157 4.637 157.817
109.299 25.8428 40.2029 4.63484 157.771
109.399 25.8098 40.2488 4.63268 157.725
109.499 25.7768 40.2946 4.6305 157.679
109.599 25.7438 40.3404 4.6283 157.634
109.699 25.7107 40.3862 4.62609 157.588
109.799 25.6777 40.4319 4.62386 157.542
109.899 25.6446 40.4777 4.62162 157.496
109.999 25.6116 40.5234 4.61936 157.451
110.099 25.5784 40.569 4.61708 157.405
110.199 25.5453 40.6147 4.6148 157.359
110.299 25.5122 40.6603 4.61249 157.314
110.399 25.479 40.7059 4.61018 157.268
110.499 25.4459 40.7514 4.60784 157.223
110.599 25.4127 40.7969 4.60549 157.177
110.699 25.3795 40.8424 4.60313 157.132
110.799 25.3462 40.8879 4.60075 157.086
110.899 25.313 40.9333 4.59836 157.041
110.999 25.2797 40.9787 4.59595 156.995
111.099 25.2464 41.0241 4.59353 156.95
111.199 25.2131 41.0694 4.59109 156.905
111.299 25.1798 41.1148 4.58863 156.859
111.399 25.1465 41.16 4.58617 156.814
111.499 25.1131 41.2053 4.58368 156.769
111.599 25.0798 41.2505 4.58118 156.723
111.699 25.0464 41.2957 4.57867 156.678
111.799 25.013 41.3408 4.57614 156.633
111.899 24.9795 41.386 4.5736 156.588
111.999 24.9461 41.431 4.57104 156.543
112.099 24.9126 41.4761 4.56846 156.498
112.199 24.8792 41.5211 4.56587 156.453
112.299 24.8457 41.5661 4.56327 156.408
112.399 24.8122 41.6111 4.56065 156.363
112.499 24.7786 41.656 4.55801 156.318
112.599 24.7451 41.7009 4.55537 156.273
112.699 24.7115 41.7458 4.5527 156.228
112.799 24.678 41.7906 4.55002 156.183
112.899 24.6444 41.8354 4.54733 156.139
112.999 24.6108 41.8802 4.54462 156.094
113.099 24.5771 41.9249 4.54189 156.049
113.199 24.5435 41.9696 4.53915 156.004
113.299 24.5098 42.0143 4.5364 155.96
113.399 24.4761 42.0589 4.53363 155.915
113.499 24.4425 42.1035 4.53084 155.87
113.599 24.4087 42.1481 4.52804 155.826
113.699 24.375 42.1926 4.52523 155.781
113.799 24.3413 42.2371 4.5224 155.737
113.899 24.3075 42.2816 4.51955 155.692
113.999 24.2737 42.326 4.51669 155.648
114.099 24.2399 42.3704 4.51382 155.604
114.199 24.2061 42.4148 4.51093 155.559
114.299 24.1723 42.4591 4.50802 155.515
114.399 24.1385 42.5034 4.5051 155.471
114.499 24.1046 42.5476 4.50217 155.426
114.599 24.0707 42.5919 4.49922 155.382
114.699 24.0369 42.636 4.49625 155.338
114.799 24.0029 42.6802 4.49327 155.294
114.899 23.969 42.7243 4.49028 155.25
114.999 23.9351 42.7684 4.48727 155.206
115.099 23.9011 42.8124 4.48424 155.162
115.199 23.8672 42.8564 4.4812 155.118
115.299 23.8332 42.9004 4.47815 155.074
115.399 23.7992 42.9443 4.47508 155.03
115.499 23.7652 42.9882 4.47199 154.986
115.599 23.7311 43.0321 4.46889 154.942
115.699 23.6971 43.0759 4.46578 154.898
115.799 23.663 43.1197 4.46265 154.854
115.899 23.629 43.1635 4.4595 154.81
115.999 23.5949 43.2072 4.45634 154.767
116.099 23.5608 43.2508 4.45317 154.723
116.199 23.5266 43.2945 4.44998 154.679
116.299 23.4925 43.3381 4.44678 154.636
116.399 23.4583 43.3817 4.44356 154.592
116.499 23.4242 43.4252 4.44032 154.549
116.599 23.39 43.4687 4.43707 154.505
116.699 23.3558 43.5121 4.43381 154.462
116.799 23.3216 43.5555 4.43053 154.418
116.899 23.2873 43.5989 4.42724 154.375
116.999 23.2531 43.6422 4.42393 154.332
117.099 23.2188 43.6855 4.4206 154.288
117.199 23.1846 43.7288 4.41726 154.245
117.299 23.1503 43.772 4.41391 154.202
117.399 23.116 43.8152 4.41054 154.159
117.499 23.0817 43.8583 4.40716 154.116
117.599 23.0473 43.9014 4.40376 154.073
117.699 23.013 43.9445 4.40035 154.029
117.799 22.9786 43.9875 4.39692 153.986
117.899 22.9442 44.0305 4.39348 153.943
117.999 22.9099 44.0735 4.39002 153.901
118.099 22.8754 44.1164 4.38655 153.858
118.199 22.841 44.1592 4.38306 153.815
118.299 22.8066 44.2021 4.37956 153.772
118.399 22.7721 44.2448 4.37604 153.729
118.499 22.7377 44.2876 4.37251 153.686
118.599 22.7032 44.3303 4.36896 153.644
118.699 22.6687 44.3729 4.3654 153.601
118.799 22.6342 44.4156 4.36183 153.558
118.899 22.5997 44.4582 4.35824 153.516
118.999 22.5652 44.5007 4.35463 153.473
119.099 22.5306 44.5432 4.35101 153.431
119.199 22.496 44.5856 4.34737 153.388
119.299 22.4615 44.6281 4.34372 153.346
119.399 22.4269 44.6704 4.34006 153.304
119.499 22.3923 44.7128 4.33638 153.261
119.599 22.3577 44.7551 4.33269 153.219
119.699 22.323 44.7973 4.32898 153.177
119.799 22.2884 44.8395 4.32525 153.134
119.899 22.2537 44.8817 4.32151 153.092
119.999 22.2191 44.9238 4.31776 153.05
120.099 22.1844 44.9659 4.31399 153.008
120.199 22.1497 45.0079 4.31021 152.966
120.299 22.115 45.0499 4.30641 152.924
120.399 22.0802 45.0919 4.3026 152.882
120.499 22.0455 45.1338 4.29877 152.84
120.599 22.0107 45.1757 4.29493 152.798
120.699 21.976 45.2175 4.29108 152.756
120.799 21.9412 45.2593 4.28721 152.715
120.899 21.9064 45.301 4.28332 152.673
120.999 21.8716 45.3427 4.27942 152.631
121.099 21.8368 45.3843 4.27551 152.59
121.199 21.8019 45.4259 4.27158 152.548
121.299 21.7671 45.4675 4.26763 152.506
121.399 21.7322 45.509 4.26367 152.465
121.499 21.6974 45.5505 4.2597 152.423
121.599 21.6625 45.5919 4.25571 152.382
121.699 21.6276 45.6333 4.25171 152.341
121.799 21.5927 45.6747 4.24769 152.299
121.899 21.5577 45.7159 4.24366 152.258
121.999 21.5228 45.7572 4.23962 152.217
122.099 21.4879 45.7984 4.23555 152.176
122.199 21.4529 45.8396 4.23148 152.134
122.299 21.4179 45.8807 4.22739 152.093
122.399 21.3829 45.9218 4.22328 152.052
122.499 21.3479 45.9628 4.21917 152.011
122.599 21.3129 46.0038 4.21503 151.97
122.699 21.2779 46.0447 4.21088 151.929
122.799 21.2428 46.0856 4.20672 151.888
122.899 21.2078 46.1264 4.20254 151.848
122.999 21.1727 46.1672 4.19835 151.807
123.099 21.1377 46.208 4.19415 151.766
123.199 21.1026 46.2487 4.18993 151.725
123.299 21.0675 46.2893 4.18569 151.685
123.399 21.0324 46.3299 4.18144 151.644
123.499 20.9972 46.3705 4.17718 151.603
123.599 20.9621 46.411 4.1729 151.563
123.699 20.9269 46.4515 4.16861 151.522
123.799 20.8918 46.4919 4.1643 151.482
123.899 20.8566 46.5323 4.15998 151.442
123.999 20.8214 46.5726 4.15564 151.401
124.099 20.7862 46.6129 4.15129 151.361
124.199 20.751 46.6531 4.14692 151.321
124.299 20.7158 46.6933 4.14254 151.281
124.399 20.6805 46.7334 4.13815 151.241
124.499 20.6453 46.7735 4.13374 151.2
124.599 20.61 46.8136 4.12932 151.16
124.699 20.5748 46.8536 4.12488 151.12
124.799 20.5395 46.8935 4.12043 151.08
124.899 20.5042 46.9334 4.11597 151.041
124.999 20.4689 46.9733 4.11149 151.001
125.099 20.4336 47.0131 4.10699 150.961
125.199 20.3982 47.0528 4.10249 150.921
125.299 20.3629 47.0925 4.09796 150.881
125.399 20.3275 47.1322 4.09343 150.842
125.499 20.2922 47.1718 4.08887 150.802
125.599 20.2568 47.2113 4.08431 150.763
125.699 20.2214 47.2508 4.07973 150.723
125.799 20.186 47.2903 4.07514 150.684
125.899 20.1506 47.3297 4.07053 150.644
125.999 20.1152 47.369 4.0659 150.605
126.099 20.0797 47.4083 4.06127 150.566
126.199 20.0443 47.4476 4.05662 150.526
126.299 20.0088 47.4868 4.05195 150.487
126.399 19.9734 47.526 4.04727 150.448
126.499 19.9379 47.5651 4.04258 150.409
126.599 19.9024 47.6041 4.03787 150.37
126.699 19.8669 47.6431 4.03315 150.331
126.799 19.8314 47.6821 4.02842 150.292
126.899 19.7959 47.721 4.02367 150.253
126.999 19.7603 47.7598 4.0189 150.214
127.099 19.7248 47.7986 4.01412 150.175
127.199 19.6892 47.8374 4.00933 150.137
127.299 19.6537 47.8761 4.00453 150.098
127.399 19.6181 47.9147 3.9997 150.059
127.499 19.5825 47.9533 3.99487 150.021
127.599 19.5469 47.9919 3.99002 149.982
127.699 19.5113 48.0304 3.98516 149.944
127.799 19.4757 48.0688 3.98028 149.905
127.899 19.44 48.1072 3.97539 149.867
127.999 19.4044 48.1455 3.97049 149.828
128.099 19.3687 48.1838 3.96557 149.79
128.199 19.3331 48.222 3.96064 149.752
128.299 19.2974 48.2602 3.95569 149.714
128.399 19.2617 48.2983 3.95073 149.676
128.499 19.226 48.3364 3.94576 149.638
128.599 19.1903 48.3744 3.94077 149.6
128.699 19.1546 48.4124 3.93577 149.562
128.799 19.1188 48.4503 3.93075 149.524
128.899 19.0831 48.4882 3.92572 149.486
128.999 19.0473 48.526 3.92067 149.448
129.099 19.0116 48.5638 3.91562 149.41
129.199 18.9758 48.6015 3.91055 149.372
129.299 18.94 48.6391 3.90546 149.335
129.399 18.9042 48.6767 3.90036 149.297
129.499 18.8684 48.7143 3.89525 149.26
129.599 18.8326 48.7517 3.89012 149.222
129.699 18.7968 48.7892 3.88498 149.185
129.799 18.7609 48.8266 3.87982 149.147
129.899 18.7251 48.8639 3.87466 149.11
129.999 18.6892 48.9012 3.86947 149.073
130.099 18.6534 48.9384 3.86428 149.036
130.199 18.6175 48.9755 3.85907 148.998
130.299 18.5816 49.0127 3.85385 148.961
130.399 18.5457 49.0497 3.84861 148.924
130.499 18.5098 49.0867 3.84336 148.887
130.599 18.4739 49.1236 3.83809 148.85
130.699 18.438 49.1605 3.83282 148.813
130.799 18.402 49.1974 3.82752 148.777
130.899 18.3661 49.2341 3.82222 148.74
130.999 18.3301 49.2709 3.8169 148.703
131.099 18.2942 49.3075 3.81157 148.666
131.199 18.2582 49.3441 3.80622 148.63
131.299 18.2222 49.3807 3.80086 148.593
131.399 18.1862 49.4172 3.79549 148.557
131.499 18.1502 49.4536 3.7901 148.52
131.599 18.1142 49.49 3.7847 148.484
131.699 18.0782 49.5263 3.77929 148.448
131.799 18.0421 49.5626 3.77386 148.411
131.899 18.0061 49.5988 3.76842 148.375
131.999 17.97 49.635 3.76297 148.339
132.099 17.934 49.6711 3.7575 148.303
132.199 17.8979 49.7071 3.75202 148.267
132.299 17.8618 49.7431 3.74653 148.231
132.399 17.8257 49.7791 3.74102 148.195
132.499 17.7896 49.8149 3.7355 148.159
132.599 17.7535 49.8508 3.72996 148.123
132.699 17.7174 49.8865 3.72441 148.087
132.799 17.6813 49.9222 3.71885 148.052
132.899 17.6451 49.9579 3.71328 148.016
132.999 17.609 49.9934 3.70769 147.981
133.099 17.5728 50.029 3.70209 147.945
133.199 17.5367 50.0644 3.69647 147.91
133.299 17.5005 50.0999 3.69085 147.874
133.399 17.4643 50.1352 3.68521 147.839
133.499 17.4281 50.1705 3.67955 147.803
133.599 17.3919 50.2058 3.67388 147.768
133.699 17.3557 50.2409 3.6682 147.733
133.799 17.3195 50.2761 3.66251 147.698
133.899 17.2833 50.3111 3.6568 147.663
133.999 17.247 50.3461 3.65108 147.628
134.099 17.2108 50.3811 3.64535 147.593
134.199 17.1745 50.4159 3.6396 147.558
134.299 17.1383 50.4508 3.63384 147.523
134.399 17.102 50.4855 3.62807 147.488
134.499 17.0657 50.5202 3.62228 147.454
134.599 17.0294 50.5549 3.61648 147.419
134.699 16.9931 50.5895 3.61067 147.384
134.799 16.9568 50.624 3.60485 147.35
134.899 16.9205 50.6585 3.59901 147.315
134.999 16.8842 50.6929 3.59316 147.281
135.099 16.8479 50.7272 3.58729 147.247
135.199 16.8115 50.7615 3.58142 147.212
135.299 16.7752 50.7958 3.57553 147.178
135.399 16.7388 50.8299 3.56962 147.144
135.499 16.7024 50.864 3.56371 147.11
135.599 16.6661 50.8981 3.55778 147.076
135.699 16.6297 50.9321 3.55184 147.042
135.799 16.5933 50.966 3.54588 147.008
135.899 16.5569 50.9999 3.53992 146.974
135.999 16.5205 51.0337 3.53394 146.94
136.099 16.4841 51.0674 3.52794 146.907
136.199 16.4476 51.1011 3.52194 146.873
136.299 16.4112 51.1347 3.51592 146.839
136.399 16.3748 51.1683 3.50989 146.806
136.499 16.3383 51.2018 3.50384 146.772
136.599 16.3019 51.2352 3.49779 146.739
136.699 16.2654 51.2686 3.49172 146.705
136.799 16.2289 51.3019 3.48564 146.672
136.899 16.1924 51.3351 3.47954 146.639
136.999 16.1559 51.3683 3.47343 146.606
137.099 16.1194 51.4015 3.46731 146.573
137.199 16.0829 51.4345 3.46118 146.539
137.299 16.0464 51.4675 3.45503 146.506
137.399 16.0099 51.5005 3.44888 146.473
137.499 15.9734 51.5333 3.44271 146.441
137.599 15.9368 51.5662 3.43652 146.408
137.699 15.9003 51.5989 3.43033 146.375
137.799 15.8637 51.6316 3.42412 146.342
137.899 15.8271 51.6642 3.4179 146.31
137.999 15.7906 51.6968 3.41167 146.277
138.099 15.754 51.7293 3.40542 146.245
138.199 15.7174 51.7617 3.39916 146.212
138.299 15.6808 51.7941 3.39289 146.18
138.399 15.6442 51.8264 3.38661 146.148
138.499 15.6076 51.8587 3.38031 146.115
138.599 15.571 51.8908 3.37401 146.083
138.699 15.5343 51.923 3.36769 146.051
138.799 15.4977 51.955 3.36135 146.019
138.899 15.4611 51.987 3.35501 145.987
138.999 15.4244 52.0189 3.34865 145.955
139.099 15.3878 52.0508 3.34228 145.923
139.199 15.3511 52.0826 3.3359 145.891
139.299 15.3144 52.1144 3.32951 145.86
139.399 15.2777 52.146 3.3231 145.828
139.499 15.2411 52.1776 3.31668 145.796
139.599 15.2044 52.2092 3.31025 145.765
139.699 15.1677 52.2407 3.30381 145.733
139.799 15.131 52.2721 3.29736 145.702
139.899 15.0942 52.3034 3.29089 145.671
139.999 15.0575 52.3347 3.28441 145.639
140.099 15.0208 52.3659 3.27792 145.608
140.199 14.984 52.3971 3.27142 145.577
140.299 14.9473 52.4282 3.2649 145.546
140.399 14.9105 52.4592 3.25838 145.515
140.499 14.8738 52.4901 3.25184 145.484
140.599 14.837 52.521 3.24529 145.453
140.699 14.8002 52.5519 3.23872 145.422
140.799 14.7635 52.5826 3.23215 145.391
140.899 14.7267 52.6133 3.22556 145.361
140.999 14.6899 52.644 3.21896 145.33
141.099 14.6531 52.6745 3.21235 145.299
141.199 14.6163 52.705 3.20573 145.269
141.299 14.5794 52.7354 3.1991 145.239
141.399 14.5426 52.7658 3.19245 145.208
141.499 14.5058 52.7961 3.18579 145.178
141.599 14.4689 52.8263 3.17912 145.148
141.699 14.4321 52.8565 3.17244 145.117
141.799 14.3952 52.8866 3.16575 145.087
141.899 14.3584 52.9166 3.15905 145.057
141.999 14.3215 52.9466 3.15233 145.027
142.099 14.2846 52.9765 3.1456 144.997
142.199 14.2478 53.0063 3.13886 144.968
142.299 14.2109 53.0361 3.13211 144.938
142.399 14.174 53.0658 3.12535 144.908
142.499 14.1371 53.0954 3.11857 144.879
142.6 14.1002 53.125 3.11179 144.849
142.7 14.0633 53.1545 3.10499 144.819
142.8 14.0263 53.1839 3.09818 144.79
142.9 13.9894 53.2133 3.09136 144.761
143 13.9525 53.2426 3.08453 144.731
143.1 13.9155 53.2718 3.07768 144.702
143.2 13.8786 53.301 3.07083 144.673
143.3 13.8416 53.3301 3.06396 144.644
143.4 13.8047 53.3591 3.05709 144.615
143.5 13.7677 53.388 3.0502 144.586
143.6 13.7307 53.4169 3.0433 144.557
143.7 13.6938 53.4457 3.03639 144.528
143.8 13.6568 53.4745 3.02946 144.499
143.9 13.6198 53.5032 3.02253 144.471
144 13.5828 53.5318 3.01558 144.442
144.1 13.5458 53.5603 3.00863 144.414
144.2 13.5088 53.5888 3.00166 144.385
144.3 13.4717 53.6172 2.99468 144.357
144.4 13.4347 53.6455 2.98769 144.328
144.5 13.3977 53.6738 2.98069 144.3
144.6 13.3606 53.702 2.97367 144.272
144.7 13.3236 53.7301 2.96665 144.244
144.8 13.2865 53.7582 2.95962 144.216
144.9 13.2495 53.7862 2.95257 144.188
145 13.2124 53.8141 2.94551 144.16
145.1 13.1754 53.8419 2.93845 144.132
145.2 13.1383 53.8697 2.93137 144.104
145.3 13.1012 53.8974 2.92428 144.077
145.4 13.0641 53.9251 2.91718 144.049
145.5 13.027 53.9527 2.91007 144.021
145.6 12.9899 53.9802 2.90294 143.994
145.7 12.9528 54.0076 2.89581 143.966
145.8 12.9157 54.035 2.88867 143.939
145.9 12.8786 54.0623 2.88151 143.912
146 12.8415 54.0895 2.87435 143.884
146.1 12.8043 54.1166 2.86717 143.857
146.2 12.7672 54.1437 2.85998 143.83
146.3 12.7301 54.1707 2.85279 143.803
146.4 12.6929 54.1977 2.84558 143.776
146.5 12.6558 54.2245 2.83836 143.749
146.6 12.6186 54.2513 2.83113 143.723
146.7 12.5814 54.2781 2.82389 143.696
146.8 12.5443 54.3047 2.81664 143.669
146.9 12.5071 54.3313 2.80937 143.643
147 12.4699 54.3578 2.8021 143.616
147.1 12.4327 54.3843 2.79482 143.59
147.2 12.3955 54.4106 2.78753 143.563
147.3 12.3583 54.4369 2.78022 143.537
147.4 12.3211 54.4632 2.77291 143.511
147.5 12.2839 54.4893 2.76558 143.485
147.6 12.2467 54.5154 2.75825 143.459
147.7 12.2095 54.5414 2.7509 143.433
147.8 12.1722 54.5674 2.74355 143.407
147.9 12.135 54.5932 2.73618 143.381
148 12.0978 54.619 2.72881 143.355
148.1 12.0605 54.6448 2.72142 143.329
148.2 12.0233 54.6704 2.71402 143.304
148.3 11.986 54.696 2.70662 143.278
148.4 11.9488 54.7215 2.6992 143.252
148.5 11.9115 54.747 2.69177 143.227
148.6 11.8742 54.7723 2.68433 143.202
148.7 11.8369 54.7976 2.67689 143.176
148.8 11.7997 54.8228 2.66943 143.151
148.9 11.7624 54.848 2.66196 143.126
149 11.7251 54.8731 2.65448 143.101
149.1 11.6878 54.8981 2.647 143.076
149.2 11.6505 54.923 2.6395 143.051
149.3 11.6132 54.9479 2.63199 143.026
149.4 11.5759 54.9726 2.62447 143.001
149.5 11.5385 54.9974 2.61694 142.977
149.6 11.5012 55.022 2.60941 142.952
149.7 11.4639 55.0466 2.60186 142.927
149.8 11.4265 55.0711 2.5943 142.903
149.9 11.3892 55.0955 2.58673 142.878
150 11.3519 55.1198 2.57916 142.854
150.1 11.3145 55.1441 2.57157 142.83
150.2 11.2771 55.1683 2.56397 142.806
150.3 11.2398 55.1924 2.55637 142.782
150.4 11.2024 55.2165 2.54875 142.757
150.5 11.1651 55.2404 2.54113 142.734
150.6 11.1277 55.2644 2.53349 142.71
150.7 11.0903 55.2882 2.52585 142.686
150.8 11.0529 55.3119 2.51819 142.662
150.9 11.0155 55.3356 2.51053 142.638
151 10.9781 55.3592 2.50286 142.615
151.1 10.9407 55.3828 2.49517 142.591
151.2 10.9033 55.4062 2.48748 142.568
151.3 10.8659 55.4296 2.47978 142.544
151.4 10.8285 55.4529 2.47207 142.521
151.5 10.7911 55.4762 2.46435 142.498
151.6 10.7536 55.4993 2.45662 142.475
151.7 10.7162 55.5224 2.44888 142.452
151.8 10.6788 55.5454 2.44113 142.429
151.9 10.6413 55.5684 2.43337 142.406
152 10.6039 55.5912 2.4256 142.383
152.1 10.5664 55.614 2.41783 142.36
152.2 10.529 55.6367 2.41004 142.337
152.3 10.4915 55.6593 2.40225 142.315
152.4 10.4541 55.6819 2.39444 142.292
152.5 10.4166 55.7044 2.38663 142.27
152.6 10.3791 55.7268 2.37881 142.247
152.7 10.3417 55.7491 2.37098 142.225
152.8 10.3042 55.7714 2.36314 142.203
152.9 10.2667 55.7936 2.35529 142.18
153 10.2292 55.8157 2.34743 142.158
153.1 10.1917 55.8377 2.33956 142.136
153.2 10.1542 55.8597 2.33169 142.114
153.3 10.1167 55.8816 2.3238 142.092
153.4 10.0792 55.9034 2.31591 142.071
153.5 10.0417 55.9251 2.308 142.049
153.6 10.0042 55.9468 2.30009 142.027
153.7 9.96664 55.9684 2.29217 142.006
153.8 9.92911 55.9899 2.28424 141.984
153.9 9.89158 56.0113 2.27631 141.963
154 9.85404 56.0326 2.26836 141.941
154.1 9.81651 56.0539 2.2604 141.92
154.2 9.77896 56.0751 2.25244 141.899
154.3 9.74141 56.0962 2.24447 141.878
154.4 9.70386 56.1173 2.23649 141.857
154.5 9.66631 56.1382 2.2285 141.836
154.6 9.62874 56.1591 2.2205 141.815
154.7 9.59118 56.18 2.21249 141.794
154.8 9.55361 56.2007 2.20448 141.773
154.9 9.51604 56.2214 2.19646 141.753
155 9.47846 56.2419 2.18842 141.732
155.1 9.44088 56.2624 2.18038 141.712
155.2 9.40329 56.2829 2.17233 141.691
155.3 9.3657 56.3032 2.16428 141.671
155.4 9.32811 56.3235 2.15621 141.65
155.5 9.29051 56.3437 2.14814 141.63
155.6 9.25291 56.3638 2.14006 141.61
155.7 9.2153 56.3839 2.13197 141.59
155.8 9.17769 56.4038 2.12387 141.57
155.9 9.14008 56.4237 2.11576 141.55
156 9.10246 56.4436 2.10765 141.53
156.1 9.06484 56.4633 2.09953 141.511
156.2 9.02721 56.4829 2.0914 141.491
156.3 8.98958 56.5025 2.08326 141.471
156.4 8.95195 56.522 2.07511 141.452
156.5 8.91431 56.5415 2.06696 141.433
156.6 8.87667 56.5608 2.05879 141.413
156.7 8.83902 56.5801 2.05062 141.394
156.8 8.80137 56.5993 2.04244 141.375
156.9 8.76372 56.6184 2.03426 141.356
157 8.72606 56.6374 2.02606 141.337
157.1 8.6884 56.6564 2.01786 141.318
157.2 8.65074 56.6752 2.00965 141.299
157.3 8.61307 56.694 2.00144 141.28
157.4 8.5754 56.7128 1.99321 141.261
157.5 8.53772 56.7314 1.98498 141.243
157.6 8.50004 56.75 1.97674 141.224
157.7 8.46236 56.7685 1.96849 141.205
157.8 8.42467 56.7869 1.96023 141.187
157.9 8.38698 56.8052 1.95197 141.169
158 8.34929 56.8235 1.9437 141.15
158.1 8.31159 56.8416 1.93542 141.132
158.2 8.27389 56.8597 1.92714 141.114
158.3 8.23618 56.8777 1.91884 141.096
158.4 8.19848 56.8957 1.91054 141.078
158.5 8.16076 56.9135 1.90224 141.06
158.6 8.12305 56.9313 1.89392 141.043
158.7 8.08533 56.949 1.8856 141.025
158.8 8.04761 56.9666 1.87727 141.007
158.9 8.00988 56.9842 1.86893 140.99
159.001 7.97215 57.0016 1.86059 140.972
159.101 7.93442 57.019 1.85224 140.955
159.201 7.89668 57.0363 1.84388 140.938
159.301 7.85894 57.0536 1.83551 140.92
159.401 7.8212 57.0707 1.82714 140.903
159.501 7.78346 57.0878 1.81876 140.886
159.601 7.74571 57.1047 1.81037 140.869
159.701 7.70795 57.1217 1.80198 140.852
159.801 7.6702 57.1385 1.79358 140.835
159.901 7.63244 57.1552 1.78517 140.819
160.001 7.59468 57.1719 1.77676 140.802
160.101 7.55691 57.1885 1.76833 140.785
160.201 7.51914 57.205 1.75991 140.769
160.301 7.48137 57.2214 1.75147 140.753
160.401 7.44359 57.2378 1.74303 140.736
160.501 7.40581 57.254 1.73458 140.72
160.601 7.36803 57.2702 1.72613 140.704
160.701 7.33025 57.2863 1.71766 140.688
160.801 7.29246 57.3024 1.70919 140.672
160.901 7.25467 57.3183 1.70072 140.656
161.001 7.21687 57.3342 1.69224 140.64
161.101 7.17908 57.35 1.68375 140.624
161.201 7.14128 57.3657 1.67525 140.608
161.301 7.10347 57.3813 1.66675 140.593
161.401 7.06567 57.3969 1.65824 140.577
161.501 7.02786 57.4123 1.64973 140.562
161.601 6.99005 57.4277 1.64121 140.546
161.701 6.95223 57.443 1.63268 140.531
161.801 6.91441 57.4582 1.62415 140.516
161.901 6.87659 57.4734 1.61561 140.501
162.001 6.83877 57.4884 1.60706 140.486
162.101 6.80094 57.5034 1.59851 140.471
162.201 6.76311 57.5183 1.58995 140.456
162.301 6.72528 57.5332 1.58139 140.441
162.401 6.68744 57.5479 1.57282 140.426
162.501 6.6496 57.5626 1.56424 140.411
162.601 6.61176 57.5771 1.55566 140.397
162.701 6.57392 57.5916 1.54707 140.382
162.801 6.53607 57.606 1.53847 140.368
162.901 6.49822 57.6204 1.52987 140.354
163.001 6.46037 57.6346 1.52126 140.339
163.101 6.42252 57.6488 1.51265 140.325
163.201 6.38466 57.6629 1.50403 140.311
163.301 6.3468 57.6769 1.49541 140.297
163.401 6.30893 57.6908 1.48678 140.283
163.501 6.27107 57.7047 1.47814 140.269
163.601 6.2332 57.7185 1.4695 140.255
163.701 6.19533 57.7321 1.46085 140.242
163.801 6.15746 57.7457 1.4522 140.228
163.901 6.11958 57.7593 1.44354 140.215
164.001 6.0817 57.7727 1.43487 140.201
164.101 6.04382 57.7861 1.4262 140.188
164.201 6.00594 57.7993 1.41753 140.175
164.301 5.96805 57.8125 1.40885 140.161
164.401 5.93016 57.8257 1.40016 140.148
164.501 5.89227 57.8387 1.39147 140.135
164.601 5.85437 57.8516 1.38277 140.122
164.701 5.81648 57.8645 1.37407 140.109
164.801 5.77858 57.8773 1.36536 140.097
164.901 5.74068 57.89 1.35664 140.084
165.001 5.70278 57.9026 1.34792 140.071
165.101 5.66487 57.9152 1.3392 140.059
165.201 5.62696 57.9276 1.33047 140.046
165.301 5.58905 57.94 1.32174 140.034
165.401 5.55114 57.9523 1.313 140.022
165.501 5.51322 57.9645 1.30425 140.009
165.601 5.4753 57.9766 1.2955 139.997
165.701 5.43738 57.9887 1.28675 139.985
165.801 5.39946 58.0007 1.27799 139.973
165.901 5.36154 58.0125 1.26922 139.961
166.001 5.32361 58.0244 1.26045 139.95
166.101 5.28568 58.0361 1.25167 139.938
166.201 5.24775 58.0477 1.24289 139.926
166.301 5.20982 58.0593 1.23411 139.915
166.401 5.17188 58.0707 1.22532 139.903
166.501 5.13394 58.0821 1.21653 139.892
166.601 5.096 58.0934 1.20773 139.881
166.701 5.05806 58.1047 1.19892 139.869
166.801 5.02012 58.1158 1.19011 139.858
166.901 4.98217 58.1269 1.1813 139.847
167.001 4.94422 58.1378 1.17248 139.836
167.101 4.90627 58.1487 1.16366 139.825
167.201 4.86832 58.1595 1.15483 139.814
167.301 4.83037 58.1703 1.146 139.804
167.401 4.79241 58.1809 1.13717 139.793
167.501 4.75445 58.1915 1.12833 139.782
167.601 4.71649 58.202 1.11948 139.772
167.701 4.67853 58.2124 1.11063 139.762
167.801 4.64057 58.2227 1.10178 139.751
167.901 4.6026 58.2329 1.09292 139.741
168.001 4.56463 58.2431 1.08406 139.731
168.101 4.52666 58.2531 1.07519 139.721
168.201 4.48869 58.2631 1.06632 139.711
168.301 4.45072 58.273 1.05745 139.701
168.401 4.41274 58.2828 1.04857 139.691
168.501 4.37476 58.2926 1.03968 139.681
168.601 4.33679 58.3022 1.0308 139.672
168.701 4.2988 58.3118 1.0219 139.662
168.801 4.26082 58.3213 1.01301 139.653
168.901 4.22284 58.3307 1.00411 139.643
169.001 4.18485 58.34 0.995207 139.634
169.101 4.14686 58.3492 0.9863 139.625
169.201 4.10887 58.3584 0.977389 139.616
169.301 4.07088 58.3674 0.968475 139.607
169.401 4.03289 58.3764 0.959556 139.598
169.501 3.99489 58.3853 0.950634 139.589
169.601 3.9569 58.3941 0.941708 139.58
169.701 3.9189 58.4029 0.932778 139.571
169.801 3.8809 58.4115 0.923845 139.562
169.901 3.8429 58.4201 0.914908 139.554
170.001 3.8049 58.4286 0.905968 139.545
170.101 3.76689 58.437 0.897023 139.537
170.201 3.72889 58.4453 0.888076 139.529
170.301 3.69088 58.4535 0.879125 139.52
170.401 3.65287 58.4617 0.87017 139.512
170.501 3.61486 58.4697 0.861212 139.504
170.601 3.57685 58.4777 0.852251 139.496
170.701 3.53883 58.4856 0.843286 139.488
170.801 3.50082 58.4934 0.834318 139.481
170.901 3.4628 58.5012 0.825347 139.473
171.001 3.42478 58.5088 0.816372 139.465
171.101 3.38677 58.5164 0.807395 139.458
171.201 3.34874 58.5238 0.798414 139.45
171.301 3.31072 58.5312 0.78943 139.443
171.401 3.2727 58.5385 0.780443 139.435
171.501 3.23467 58.5458 0.771452 139.428
171.601 3.19665 58.5529 0.762459 139.421
171.701 3.15862 58.56 0.753463 139.414
171.801 3.12059 58.567 0.744464 139.407
171.901 3.08256 58.5738 0.735462 139.4
172.001 3.04453 58.5807 0.726457 139.393
172.101 3.0065 58.5874 0.717449 139.387
172.201 2.96847 58.594 0.708438 139.38
172.301 2.93043 58.6006 0.699425 139.373
172.401 2.89239 58.607 0.690409 139.367
172.501 2.85436 58.6134 0.68139 139.361
172.601 2.81632 58.6197 0.672368 139.354
172.701 2.77828 58.6259 0.663344 139.348
172.801 2.74024 58.6321 0.654317 139.342
172.901 2.7022 58.6381 0.645288 139.336
173.001 2.66415 58.6441 0.636256 139.33
173.101 2.62611 58.65 0.627221 139.324
173.201 2.58806 58.6558 0.618184 139.318
173.301 2.55002 58.6615 0.609145 139.312
173.401 2.51197 58.6671 0.600103 139.307
173.501 2.47392 58.6727 0.591059 139.301
173.601 2.43587 58.6781 0.582013 139.296
173.701 2.39782 58.6835 0.572964 139.29
173.801 2.35977 58.6888 0.563913 139.285
173.901 2.32172 58.694 0.55486 139.28
174.001 2.28367 58.6991 0.545805 139.275
174.101 2.24561 58.7042 0.536747 139.27
174.201 2.20756 58.7091 0.527687 139.265
174.301 2.1695 58.714 0.518626 139.26
174.401 2.13144 58.7188 0.509562 139.255
174.501 2.09339 58.7235 0.500496 139.25
174.601 2.05533 58.7281 0.491428 139.246
174.701 2.01727 58.7326 0.482359 139.241
174.801 1.97921 58.7371 0.473287 139.237
174.901 1.94115 58.7414 0.464214 139.233
175.001 1.90308 58.7457 0.455139 139.228
175.101 1.86502 58.7499 0.446062 139.224
175.201 1.82696 58.754 0.436983 139.22
175.301 1.78889 58.758 0.427902 139.216
175.402 1.75083 58.762 0.41882 139.212
175.502 1.71276 58.7658 0.409736 139.208
175.602 1.6747 58.7696 0.400651 139.204
175.702 1.63663 58.7733 0.391564 139.201
175.802 1.59856 58.7769 0.382475 139.197
175.902 1.56049 58.7804 0.373385 139.194
176.002 1.52242 58.7838 0.364294 139.19
176.102 1.48436 58.7872 0.355201 139.187
176.202 1.44628 58.7905 0.346106 139.184
176.302 1.40821 58.7936 0.33701 139.18
176.402 1.37014 58.7967 0.327913 139.177
176.502 1.33207 58.7997 0.318815 139.174
176.602 1.294 58.8027 0.309715 139.171
176.702 1.25593 58.8055 0.300615 139.168
176.802 1.21785 58.8083 0.291513 139.166
176.902 1.17978 58.8109 0.282409 139.163
177.002 1.1417 58.8135 0.273305 139.16
177.102 1.10363 58.816 0.2642 139.158
177.202 1.06555 58.8184 0.255093 139.156
177.302 1.02748 58.8208 0.245986 139.153
177.402 0.9894 58.823 0.236878 139.151
177.502 0.951324 58.8252 0.227768 139.149
177.602 0.913247 58.8272 0.218658 139.147
177.702 0.875169 58.8292 0.209547 139.145
177.802 0.837091 58.8311 0.200435 139.143
177.902 0.799013 58.833 0.191322 139.141
178.002 0.760935 58.8347 0.182209 139.139
178.102 0.722856 58.8364 0.173095 139.138
178.202 0.684777 58.8379 0.16398 139.136
178.302 0.646697 58.8394 0.154864 139.135
178.402 0.608618 58.8408 0.145748 139.133
178.502 0.570538 58.8421 0.136632 139.132
178.602 0.532458 58.8433 0.127514 139.131
178.702 0.494377 58.8445 0.118397 139.129
178.802 0.456297 58.8456 0.109279 139.128
178.902 0.418216 58.8465 0.10016 139.127
179.002 0.380135 58.8474 0.091041 139.127
179.102 0.342054 58.8482 0.0819216 139.126
179.202 0.303973 58.8489 0.072802 139.125
179.302 0.265892 58.8496 0.063682 139.124
179.402 0.22781 58.8501 0.0545618 139.124
179.502 0.189729 58.8506 0.0454413 139.123
179.602 0.151647 58.851 0.0363207 139.123
179.702 0.113565 58.8513 0.0272 139.123
179.802 0.0754837 58.8515 0.0180791 139.122
179.902 0.037402 58.8516 0.00895816 139.122
