0 1.11309e-14 2.85697 0 166.991
0.1 0.158633 2.857 0.00758081 166.991
0.2 0.317261 2.85711 0.0151616 166.991
0.3 0.475878 2.85729 0.0227424 166.991
0.4 0.634479 2.85754 0.030323 166.99
0.5 0.79306 2.85786 0.0379037 166.99
0.6 0.951614 2.85825 0.0454842 166.99
0.7 1.11014 2.85872 0.0530646 166.989
0.8 1.26862 2.85926 0.0606449 166.989
0.9 1.42707 2.85987 0.0682251 166.988
1 1.58547 2.86055 0.0758051 166.987
1.1 1.74381 2.8613 0.0833849 166.987
1.2 1.9021 2.86212 0.0909645 166.986
1.3 2.06032 2.86302 0.0985439 166.985
1.4 2.21848 2.86399 0.106123 166.984
1.5 2.37656 2.86502 0.113702 166.983
1.6 2.53457 2.86613 0.121281 166.982
1.7 2.69249 2.86732 0.128859 166.981
1.8 2.85033 2.86857 0.136437 166.979
1.9 3.00807 2.86989 0.144015 166.978
2 3.16571 2.87129 0.151592 166.977
2.1 3.32325 2.87276 0.159169 166.975
2.2 3.48068 2.8743 0.166746 166.974
2.3 3.638 2.87591 0.174322 166.972
2.4 3.79519 2.87759 0.181898 166.97
2.5 3.95227 2.87935 0.189473 166.969
2.6 4.10921 2.88117 0.197048 166.967
2.7 4.26602 2.88307 0.204623 166.965
2.8 4.42269 2.88504 0.212197 166.963
2.9 4.57922 2.88708 0.21977 166.961
3 4.7356 2.8892 0.227343 166.959
3.1 4.89183 2.89138 0.234915 166.957
3.2 5.04789 2.89363 0.242487 166.954
3.3 5.2038 2.89596 0.250059 166.952
3.4 5.35953 2.89836 0.257629 166.95
3.5 5.51509 2.90083 0.265199 166.947
3.6 5.67048 2.90337 0.272769 166.945
3.7 5.82568 2.90598 0.280337 166.942
3.8 5.9807 2.90867 0.287906 166.939
3.9 6.13552 2.91143 0.295473 166.937
4 6.29015 2.91425 0.30304 166.934
4.1 6.44457 2.91715 0.310606 166.931
4.2 6.59879 2.92012 0.318171 166.928
4.3 6.7528 2.92316 0.325735 166.925
4.4 6.9066 2.92628 0.333299 166.922
4.5 7.06017 2.92946 0.340862 166.918
4.6 7.21352 2.93272 0.348424 166.915
4.7 7.36665 2.93605 0.355986 166.912
4.8 7.51953 2.93944 0.363546 166.909
4.9 7.67219 2.94291 0.371106 166.905
5 7.8246 2.94646 0.378664 166.902
5.1 7.97676 2.95007 0.386222 166.898
5.2 8.12868 2.95375 0.393779 166.894
5.3 8.28034 2.95751 0.401335 166.89
5.4 8.43174 2.96134 0.40889 166.887
5.5 8.58288 2.96524 0.416444 166.883
5.6 8.73375 2.96921 0.423997 166.879
5.7 8.88435 2.97325 0.431549 166.875
5.8 9.03467 2.97736 0.4391 166.871
5.9 9.18472 2.98154 0.44665 166.866
6 9.33448 2.9858 0.454199 166.862
6.1 9.48396 2.99012 0.461746 166.858
6.2 9.63314 2.99452 0.469293 166.853
6.3 9.78203 2.99899 0.476839 166.849
6.4 9.93062 3.00353 0.484383 166.844
6.5 10.0789 3.00814 0.491926 166.84
6.6 10.2269 3.01282 0.499468 166.835
6.7 10.3746 3.01757 0.507009 166.83
6.8 10.5219 3.0224 0.514549 166.826
6.9 10.669 3.02729 0.522087 166.821
7 10.8157 3.03226 0.529624 166.816
7.1 10.9621 3.0373 0.53716 166.811
7.2 11.1081 3.04241 0.544695 166.806
7.3 11.2539 3.04759 0.552228 166.8
7.4 11.3993 3.05284 0.559761 166.795
7.5 11.5443 3.05816 0.567291 166.79
7.6 11.689 3.06355 0.574821 166.784
7.7 11.8334 3.06902 0.582349 166.779
7.79999 11.9774 3.07455 0.589875 166.773
7.89999 12.1211 3.08016 0.5974 166.768
7.99999 12.2644 3.08584 0.604924 166.762
8.09999 12.4074 3.09158 0.612446 166.756
8.2 12.55 3.0974 0.619967 166.751
8.3 12.6922 3.10329 0.627487 166.745
8.4 12.8341 3.10925 0.635005 166.739
8.5 12.9756 3.11529 0.642521 166.733
8.6 13.1167 3.12139 0.650036 166.727
8.7 13.2575 3.12756 0.657549 166.72
8.8 13.3978 3.13381 0.665061 166.714
8.9 13.5378 3.14012 0.672571 166.708
9 13.6774 3.14651 0.68008 166.701
9.1 13.8167 3.15296 0.687587 166.695
9.2 13.9555 3.15949 0.695092 166.688
9.3 14.0939 3.16609 0.702596 166.682
9.4 14.232 3.17276 0.710098 166.675
9.5 14.3696 3.17949 0.717598 166.668
9.6 14.5068 3.1863 0.725096 166.662
9.7 14.6437 3.19319 0.732593 166.655
9.8 14.7801 3.20014 0.740088 166.648
9.9 14.9161 3.20716 0.747582 166.641
10 15.0518 3.21425 0.755073 166.634
10.1 15.187 3.22141 0.762563 166.627
10.2 15.3218 3.22865 0.770051 166.619
10.3 15.4561 3.23595 0.777537 166.612
10.4 15.5901 3.24333 0.785021 166.605
10.5 15.7236 3.25077 0.792503 166.597
10.6 15.8568 3.25829 0.799984 166.59
10.7 15.9894 3.26587 0.807462 166.582
10.8 16.1217 3.27353 0.814939 166.574
10.9 16.2535 3.28125 0.822413 166.567
11 16.3849 3.28905 0.829886 166.559
11.1 16.5159 3.29692 0.837357 166.551
11.2 16.6465 3.30485 0.844825 166.543
11.3 16.7766 3.31286 0.852292 166.535
11.4 16.9062 3.32094 0.859757 166.527
11.5 17.0355 3.32909 0.867219 166.519
11.6 17.1643 3.33731 0.87468 166.511
11.7 17.2926 3.3456 0.882138 166.502
11.8 17.4205 3.35395 0.889594 166.494
11.9 17.548 3.36238 0.897048 166.486
12 17.675 3.37088 0.904501 166.477
12.1 17.8015 3.37945 0.91195 166.469
12.2 17.9276 3.38809 0.919398 166.46
12.3 18.0533 3.3968 0.926843 166.451
12.4 18.1785 3.40558 0.934287 166.442
12.5 18.3033 3.41443 0.941728 166.434
12.6 18.4276 3.42335 0.949166 166.425
12.7 18.5514 3.43234 0.956603 166.416
12.8 18.6748 3.44139 0.964037 166.407
12.9 18.7977 3.45052 0.971469 166.397
13 18.9202 3.45972 0.978899 166.388
13.1 19.0422 3.46899 0.986326 166.379
13.2 19.1637 3.47833 0.993751 166.37
13.3 19.2848 3.48774 1.00117 166.36
13.4 19.4055 3.49721 1.00859 166.351
13.5 19.5256 3.50676 1.01601 166.341
13.6 19.6453 3.51638 1.02343 166.332
13.7 19.7645 3.52606 1.03084 166.322
13.8 19.8833 3.53582 1.03825 166.312
13.9 20.0016 3.54565 1.04566 166.302
14 20.1194 3.55554 1.05306 166.292
14.1 20.2368 3.56551 1.06047 166.282
14.2 20.3537 3.57554 1.06787 166.272
14.3 20.4701 3.58564 1.07526 166.262
14.4 20.586 3.59582 1.08266 166.252
14.5 20.7015 3.60606 1.09005 166.242
14.6 20.8165 3.61637 1.09744 166.232
14.7 20.931 3.62675 1.10483 166.221
14.8 21.0451 3.6372 1.11221 166.211
14.9 21.1587 3.64772 1.11959 166.2
15 21.2718 3.65831 1.12697 166.19
15.1 21.3844 3.66897 1.13435 166.179
15.2 21.4966 3.6797 1.14172 166.168
15.3 21.6083 3.69049 1.1491 166.157
15.4 21.7195 3.70136 1.15646 166.147
15.5 21.8302 3.71229 1.16383 166.136
15.6 21.9405 3.7233 1.17119 166.125
15.7 22.0503 3.73437 1.17855 166.114
15.8 22.1596 3.74551 1.18591 166.102
15.9 22.2685 3.75672 1.19326 166.091
16 22.3768 3.768 1.20061 166.08
16.1 22.4847 3.77935 1.20796 166.069
16.2 22.5921 3.79077 1.21531 166.057
16.3 22.6991 3.80225 1.22265 166.046
16.4 22.8055 3.81381 1.22999 166.034
16.5 22.9115 3.82543 1.23733 166.023
16.6 23.017 3.83712 1.24466 166.011
16.7 23.1221 3.84888 1.25199 165.999
16.8 23.2266 3.86071 1.25932 165.987
16.9 23.3307 3.87261 1.26665 165.975
17 23.4343 3.88458 1.27397 165.963
17.1 23.5375 3.89661 1.28129 165.951
17.2 23.6401 3.90871 1.2886 165.939
17.3 23.7423 3.92089 1.29591 165.927
17.4 23.844 3.93313 1.30322 165.915
17.5 23.9453 3.94544 1.31053 165.903
17.6 24.046 3.95781 1.31783 165.89
17.7 24.1463 3.97026 1.32513 165.878
17.8 24.2461 3.98277 1.33243 165.865
17.9 24.3455 3.99535 1.33972 165.853
18 24.4444 4.008 1.34701 165.84
18.1 24.5428 4.02072 1.3543 165.827
18.2 24.6407 4.03351 1.36159 165.814
18.3 24.7382 4.04636 1.36887 165.802
18.4 24.8352 4.05928 1.37614 165.789
18.5 24.9317 4.07227 1.38342 165.776
18.6 25.0278 4.08533 1.39069 165.763
18.7 25.1234 4.09846 1.39796 165.749
18.8 25.2185 4.11165 1.40522 165.736
18.9 25.3131 4.12491 1.41248 165.723
19 25.4073 4.13824 1.41974 165.71
19.1 25.5011 4.15164 1.42699 165.696
19.2 25.5943 4.16511 1.43424 165.683
19.3 25.6871 4.17864 1.44149 165.669
19.4 25.7794 4.19224 1.44873 165.656
19.5 25.8713 4.20591 1.45597 165.642
19.6 25.9627 4.21964 1.46321 165.628
19.7 26.0537 4.23344 1.47044 165.615
19.8 26.1442 4.24731 1.47767 165.601
19.9 26.2342 4.26125 1.4849 165.587
20 26.3237 4.27526 1.49212 165.573
20.1 26.4129 4.28933 1.49934 165.559
20.2 26.5015 4.30347 1.50655 165.544
20.3 26.5897 4.31768 1.51376 165.53
20.4 26.6774 4.33195 1.52097 165.516
20.5 26.7647 4.34629 1.52817 165.502
20.6 26.8515 4.3607 1.53537 165.487
20.7 26.9379 4.37517 1.54257 165.473
20.8 27.0238 4.38972 1.54976 165.458
20.9 27.1093 4.40433 1.55695 165.444
21 27.1943 4.419 1.56414 165.429
21.1 27.2789 4.43374 1.57132 165.414
21.2 27.363 4.44855 1.5785 165.399
21.3 27.4467 4.46343 1.58567 165.385
21.4 27.5299 4.47837 1.59284 165.37
21.5 27.6127 4.49338 1.60001 165.355
21.6 27.6951 4.50846 1.60717 165.339
21.7 27.777 4.52361 1.61433 165.324
21.8 27.8584 4.53882 1.62148 165.309
21.9 27.9394 4.55409 1.62863 165.294
22 28.02 4.56943 1.63578 165.279
22.1 28.1001 4.58484 1.64292 165.263
22.2 28.1798 4.60032 1.65006 165.248
22.3 28.2591 4.61586 1.6572 165.232
22.4 28.3379 4.63147 1.66433 165.216
22.5 28.4163 4.64714 1.67145 165.201
22.6 28.4942 4.66289 1.67858 165.185
22.7001 28.5717 4.67869 1.6857 165.169
22.8001 28.6488 4.69457 1.69281 165.153
22.9001 28.7255 4.7105 1.69992 165.137
23.0001 28.8017 4.72651 1.70703 165.121
23.1001 28.8775 4.74258 1.71413 165.105
23.2001 28.9529 4.75872 1.72123 165.089
23.3001 29.0278 4.77492 1.72832 165.073
23.4001 29.1023 4.79119 1.73541 165.057
23.5001 29.1764 4.80752 1.7425 165.04
23.6001 29.2501 4.82392 1.74958 165.024
23.7001 29.3234 4.84039 1.75666 165.008
23.8001 29.3962 4.85692 1.76373 164.991
23.9001 29.4686 4.87352 1.7708 164.974
24.0001 29.5406 4.89018 1.77786 164.958
24.1001 29.6122 4.90691 1.78492 164.941
24.2001 29.6833 4.9237 1.79198 164.924
24.3001 29.7541 4.94056 1.79903 164.907
24.4001 29.8244 4.95748 1.80608 164.89
24.5001 29.8944 4.97447 1.81312 164.873
24.6001 29.9639 4.99153 1.82016 164.856
24.7001 30.033 5.00864 1.82719 164.839
24.8001 30.1017 5.02583 1.83422 164.822
24.9001 30.17 5.04308 1.84124 164.805
25.0001 30.2378 5.06039 1.84826 164.788
25.1001 30.3053 5.07777 1.85528 164.77
25.2001 30.3724 5.09522 1.86229 164.753
25.3001 30.4391 5.11273 1.8693 164.735
25.4001 30.5054 5.1303 1.8763 164.718
25.5001 30.5712 5.14794 1.8833 164.7
25.6001 30.6367 5.16564 1.89029 164.682
25.7001 30.7018 5.18341 1.89728 164.665
25.8001 30.7665 5.20124 1.90426 164.647
25.9001 30.8308 5.21914 1.91124 164.629
26.0001 30.8947 5.2371 1.91822 164.611
26.1001 30.9582 5.25512 1.92519 164.593
26.2001 31.0213 5.27321 1.93215 164.575
26.3001 31.084 5.29137 1.93911 164.557
26.4001 31.1464 5.30959 1.94607 164.538
26.5001 31.2083 5.32787 1.95302 164.52
26.6001 31.2699 5.34622 1.95997 164.502
26.7001 31.3311 5.36463 1.96691 164.483
26.8001 31.3919 5.3831 1.97385 164.465
26.9001 31.4523 5.40164 1.98078 164.446
27.0001 31.5124 5.42024 1.98771 164.428
27.1001 31.572 5.43891 1.99463 164.409
27.2001 31.6313 5.45764 2.00154 164.39
27.3001 31.6902 5.47644 2.00846 164.372
27.4001 31.7488 5.49529 2.01537 164.353
27.5001 31.807 5.51421 2.02227 164.334
27.6001 31.8648 5.5332 2.02917 164.315
27.7001 31.9222 5.55225 2.03606 164.296
27.8001 31.9792 5.57136 2.04295 164.277
27.9001 32.0359 5.59053 2.04983 164.257
28.0001 32.0922 5.60977 2.05671 164.238
28.1001 32.1482 5.62907 2.06358 164.219
28.2001 32.2038 5.64844 2.07045 164.2
28.3001 32.259 5.66787 2.07731 164.18
28.4001 32.3139 5.68736 2.08417 164.161
28.5001 32.3684 5.70691 2.09102 164.141
28.6001 32.4225 5.72653 2.09787 164.121
28.7001 32.4763 5.74621 2.10471 164.102
28.8001 32.5298 5.76595 2.11155 164.082
28.9001 32.5828 5.78576 2.11838 164.062
29.0001 32.6356 5.80563 2.12521 164.042
29.1001 32.6879 5.82556 2.13203 164.022
29.2001 32.74 5.84555 2.13885 164.002
29.3001 32.7916 5.86561 2.14566 163.982
29.4001 32.843 5.88572 2.15246 163.962
29.5001 32.8939 5.90591 2.15926 163.942
29.6001 32.9446 5.92615 2.16606 163.922
29.7001 32.9949 5.94645 2.17285 163.902
29.8001 33.0448 5.96682 2.17963 163.881
29.9001 33.0944 5.98725 2.18641 163.861
30.0001 33.1437 6.00774 2.19319 163.84
30.1001 33.1926 6.0283 2.19996 163.82
30.2001 33.2412 6.04891 2.20672 163.799
30.3001 33.2894 6.06959 2.21348 163.778
30.4001 33.3374 6.09033 2.22023 163.758
30.5001 33.3849 6.11113 2.22698 163.737
30.6001 33.4322 6.132 2.23372 163.716
30.7001 33.4791 6.15292 2.24046 163.695
30.8001 33.5257 6.17391 2.24719 163.674
30.9001 33.5719 6.19496 2.25391 163.653
31.0001 33.6179 6.21607 2.26063 163.632
31.1001 33.6635 6.23724 2.26735 163.611
31.2001 33.7088 6.25847 2.27405 163.589
31.3001 33.7537 6.27976 2.28076 163.568
31.4001 33.7983 6.30112 2.28745 163.547
31.5001 33.8427 6.32254 2.29415 163.525
31.6001 33.8866 6.34401 2.30083 163.504
31.7001 33.9303 6.36555 2.30751 163.482
31.8001 33.9737 6.38715 2.31419 163.461
31.9001 34.0167 6.40881 2.32086 163.439
32.0001 34.0594 6.43053 2.32752 163.417
32.1001 34.1018 6.45231 2.33418 163.396
32.2001 34.1439 6.47415 2.34083 163.374
32.3001 34.1857 6.49606 2.34747 163.352
32.4001 34.2272 6.51802 2.35412 163.33
32.5001 34.2684 6.54004 2.36075 163.308
32.6001 34.3092 6.56213 2.36738 163.286
32.7001 34.3498 6.58427 2.374 163.264
32.8001 34.39 6.60647 2.38062 163.241
32.9001 34.43 6.62874 2.38723 163.219
33.0001 34.4696 6.65106 2.39383 163.197
33.1001 34.509 6.67345 2.40043 163.175
33.2001 34.548 6.69589 2.40703 163.152
33.3001 34.5867 6.7184 2.41361 163.13
33.4001 34.6252 6.74096 2.4202 163.107
33.5001 34.6633 6.76359 2.42677 163.084
33.6001 34.7012 6.78627 2.43334 163.062
33.7001 34.7387 6.80902 2.4399 163.039
33.8001 34.776 6.83182 2.44646 163.016
33.9001 34.813 6.85468 2.45301 162.993
34.0001 34.8497 6.87761 2.45956 162.97
34.1001 34.886 6.90059 2.4661 162.947
34.2001 34.9222 6.92363 2.47263 162.924
34.3 34.958 6.94673 2.47916 162.901
34.4 34.9935 6.96989 2.48568 162.878
34.5 35.0288 6.99311 2.49219 162.855
34.6 35.0637 7.01639 2.4987 162.832
34.7 35.0984 7.03972 2.50521 162.808
34.8 35.1328 7.06312 2.5117 162.785
34.9 35.1669 7.08657 2.51819 162.761
35 35.2008 7.11009 2.52468 162.738
35.1 35.2343 7.13366 2.53115 162.714
35.2 35.2676 7.15729 2.53762 162.691
35.3 35.3006 7.18098 2.54409 162.667
35.4 35.3334 7.20473 2.55055 162.643
35.5 35.3658 7.22853 2.557 162.619
35.6 35.398 7.2524 2.56345 162.596
35.7 35.4299 7.27632 2.56989 162.572
35.8 35.4616 7.3003 2.57632 162.548
35.9 35.493 7.32434 2.58275 162.524
36 35.5241 7.34844 2.58917 162.5
36.1 35.5549 7.37259 2.59558 162.475
36.2 35.5855 7.3968 2.60199 162.451
36.3 35.6158 7.42107 2.60839 162.427
36.4 35.6459 7.4454 2.61479 162.403
36.5 35.6757 7.46979 2.62117 162.378
36.6 35.7052 7.49423 2.62756 162.354
36.7 35.7345 7.51873 2.63393 162.329
36.8 35.7635 7.54329 2.6403 162.305
36.9 35.7923 7.56791 2.64666 162.28
37 35.8208 7.59258 2.65302 162.255
37.1 35.849 7.61731 2.65937 162.231
37.2 35.877 7.6421 2.66571 162.206
37.3 35.9048 7.66694 2.67204 162.181
37.4 35.9322 7.69184 2.67837 162.156
37.5 35.9595 7.7168 2.6847 162.131
37.6 35.9865 7.74182 2.69101 162.106
37.7 36.0132 7.76689 2.69732 162.081
37.8 36.0397 7.79202 2.70362 162.056
37.9 36.0659 7.8172 2.70992 162.031
38 36.0919 7.84245 2.71621 162.006
38.1 36.1177 7.86774 2.72249 161.98
38.2 36.1432 7.8931 2.72876 161.955
38.3 36.1684 7.91851 2.73503 161.929
38.4 36.1935 7.94398 2.7413 161.904
38.5 36.2182 7.9695 2.74755 161.878
38.6 36.2428 7.99508 2.7538 161.853
38.7 36.2671 8.02071 2.76004 161.827
38.8 36.2911 8.04641 2.76627 161.802
38.9 36.315 8.07215 2.7725 161.776
39 36.3386 8.09796 2.77872 161.75
39.1 36.3619 8.12381 2.78493 161.724
39.2 36.385 8.14973 2.79114 161.698
39.3 36.4079 8.1757 2.79734 161.672
39.4 36.4306 8.20172 2.80353 161.646
39.5 36.453 8.2278 2.80972 161.62
39.6 36.4752 8.25394 2.8159 161.594
39.7 36.4972 8.28013 2.82207 161.568
39.8 36.5189 8.30638 2.82823 161.542
39.9 36.5404 8.33268 2.83439 161.515
40 36.5617 8.35903 2.84054 161.489
40.1 36.5828 8.38544 2.84668 161.463
40.2 36.6036 8.41191 2.85282 161.436
40.3 36.6242 8.43843 2.85895 161.41
40.4 36.6446 8.465 2.86507 161.383
40.5 36.6648 8.49163 2.87118 161.356
40.6 36.6848 8.51832 2.87729 161.33
40.7 36.7045 8.54506 2.88339 161.303
40.7999 36.724 8.57185 2.88948 161.276
40.8999 36.7433 8.5987 2.89557 161.249
40.9999 36.7624 8.6256 2.90165 161.222
41.0999 36.7813 8.65255 2.90772 161.195
41.1999 36.7999 8.67956 2.91378 161.168
41.2999 36.8183 8.70662 2.91984 161.141
41.3999 36.8366 8.73374 2.92589 161.114
41.4999 36.8546 8.76091 2.93193 161.087
41.5999 36.8724 8.78814 2.93796 161.06
41.6999 36.89 8.81541 2.94399 161.033
41.7999 36.9073 8.84275 2.95001 161.005
41.8999 36.9245 8.87013 2.95602 160.978
41.9999 36.9415 8.89757 2.96203 160.95
42.0999 36.9582 8.92506 2.96803 160.923
42.1999 36.9748 8.9526 2.97402 160.895
42.2999 36.9911 8.9802 2.98 160.868
42.3999 37.0073 9.00785 2.98597 160.84
42.4999 37.0232 9.03555 2.99194 160.812
42.5999 37.0389 9.06331 2.9979 160.785
42.6999 37.0545 9.09112 3.00385 160.757
42.7999 37.0698 9.11898 3.0098 160.729
42.8999 37.0849 9.1469 3.01573 160.701
42.9999 37.0999 9.17486 3.02166 160.673
43.0999 37.1146 9.20288 3.02758 160.645
43.1999 37.1292 9.23095 3.0335 160.617
43.2999 37.1435 9.25908 3.0394 160.589
43.3999 37.1576 9.28725 3.0453 160.561
43.4999 37.1716 9.31548 3.05119 160.532
43.5999 37.1854 9.34376 3.05708 160.504
43.6999 37.1989 9.37209 3.06295 160.476
43.7999 37.2123 9.40047 3.06882 160.447
43.8999 37.2255 9.42891 3.07468 160.419
43.9999 37.2385 9.4574 3.08053 160.391
44.0999 37.2513 9.48593 3.08638 160.362
44.1999 37.2639 9.51452 3.09222 160.333
44.2999 37.2763 9.54316 3.09804 160.305
44.3999 37.2885 9.57186 3.10387 160.276
44.4999 37.3006 9.6006 3.10968 160.247
44.5999 37.3125 9.6294 3.11548 160.219
44.6999 37.3241 9.65824 3.12128 160.19
44.7999 37.3356 9.68714 3.12707 160.161
44.8999 37.3469 9.71608 3.13285 160.132
44.9999 37.3581 9.74508 3.13863 160.103
45.0999 37.369 9.77413 3.14439 160.074
45.1999 37.3798 9.80323 3.15015 160.045
45.2999 37.3904 9.83238 3.1559 160.016
45.3999 37.4008 9.86158 3.16164 159.986
45.4999 37.411 9.89083 3.16738 159.957
45.5999 37.421 9.92013 3.1731 159.928
45.6999 37.4309 9.94948 3.17882 159.898
45.7999 37.4406 9.97888 3.18453 159.869
45.8999 37.4501 10.0083 3.19023 159.84
45.9999 37.4595 10.0378 3.19592 159.81
46.0999 37.4686 10.0674 3.20161 159.781
46.1999 37.4776 10.097 3.20729 159.751
46.2999 37.4864 10.1266 3.21296 159.721
46.3999 37.4951 10.1563 3.21862 159.692
46.4999 37.5036 10.1861 3.22427 159.662
46.5999 37.5119 10.2159 3.22991 159.632
46.6999 37.52 10.2457 3.23555 159.602
46.7999 37.528 10.2756 3.24118 159.572
46.8999 37.5358 10.3056 3.2468 159.542
46.9999 37.5434 10.3356 3.25241 159.512
47.0999 37.5508 10.3656 3.25801 159.482
47.1999 37.5581 10.3957 3.26361 159.452
47.2999 37.5653 10.4258 3.26919 159.422
47.3998 37.5722 10.456 3.27477 159.392
47.4998 37.579 10.4863 3.28034 159.362
47.5998 37.5857 10.5166 3.2859 159.331
47.6998 37.5921 10.5469 3.29145 159.301
47.7998 37.5984 10.5773 3.297 159.271
47.8998 37.6046 10.6077 3.30253 159.24
47.9998 37.6106 10.6382 3.30806 159.21
48.0998 37.6164 10.6687 3.31358 159.179
48.1998 37.6221 10.6993 3.31909 159.149
48.2998 37.6276 10.7299 3.32459 159.118
48.3998 37.6329 10.7606 3.33009 159.087
48.4998 37.6381 10.7913 3.33557 159.057
48.5998 37.6432 10.8221 3.34105 159.026
48.6998 37.648 10.8529 3.34652 158.995
48.7998 37.6527 10.8837 3.35198 158.964
48.8998 37.6573 10.9146 3.35743 158.933
48.9998 37.6617 10.9456 3.36287 158.902
49.0998 37.666 10.9766 3.3683 158.871
49.1998 37.6701 11.0076 3.37373 158.84
49.2998 37.674 11.0387 3.37915 158.809
49.3998 37.6778 11.0699 3.38455 158.778
49.4998 37.6815 11.1011 3.38995 158.747
49.5998 37.685 11.1323 3.39534 158.716
49.6998 37.6883 11.1636 3.40072 158.684
49.7998 37.6915 11.1949 3.4061 158.653
49.8998 37.6946 11.2263 3.41146 158.622
49.9998 37.6975 11.2577 3.41682 158.59
50.0998 37.7002 11.2892 3.42216 158.559
50.1998 37.7028 11.3207 3.4275 158.527
50.2998 37.7053 11.3522 3.43283 158.496
50.3998 37.7076 11.3838 3.43815 158.464
50.4998 37.7098 11.4155 3.44346 158.432
50.5998 37.7118 11.4472 3.44876 158.401
50.6998 37.7137 11.4789 3.45406 158.369
50.7998 37.7154 11.5107 3.45934 158.337
50.8998 37.717 11.5425 3.46462 158.305
50.9998 37.7185 11.5744 3.46988 158.274
51.0998 37.7198 11.6063 3.47514 158.242
51.1998 37.7209 11.6383 3.48039 158.21
51.2998 37.722 11.6703 3.48563 158.178
51.3998 37.7228 11.7024 3.49086 158.146
51.4998 37.7236 11.7345 3.49608 158.114
51.5998 37.7242 11.7666 3.50129 158.081
51.6998 37.7247 11.7988 3.5065 158.049
51.7998 37.725 11.831 3.51169 158.017
51.8998 37.7252 11.8633 3.51688 157.985
51.9998 37.7253 11.8956 3.52205 157.952
52.0998 37.7252 11.928 3.52722 157.92
52.1998 37.725 11.9604 3.53238 157.888
52.2998 37.7246 11.9929 3.53753 157.855
52.3998 37.7241 12.0253 3.54267 157.823
52.4998 37.7235 12.0579 3.5478 157.79
52.5998 37.7228 12.0905 3.55292 157.757
52.6998 37.7219 12.1231 3.55803 157.725
52.7998 37.7209 12.1558 3.56313 157.692
52.8998 37.7197 12.1885 3.56823 157.659
52.9998 37.7185 12.2212 3.57331 157.627
53.0998 37.7171 12.2541 3.57839 157.594
53.1998 37.7155 12.2869 3.58345 157.561
53.2998 37.7139 12.3198 3.58851 157.528
53.3998 37.7121 12.3527 3.59356 157.495
53.4998 37.7101 12.3857 3.5986 157.462
53.5998 37.7081 12.4187 3.60362 157.429
53.6998 37.7059 12.4518 3.60864 157.396
53.7998 37.7036 12.4849 3.61365 157.363
53.8997 37.7012 12.518 3.61865 157.33
53.9997 37.6986 12.5512 3.62364 157.297
54.0997 37.6959 12.5844 3.62863 157.264
54.1997 37.6931 12.6177 3.6336 157.23
54.2997 37.6902 12.651 3.63856 157.197
54.3997 37.6871 12.6844 3.64351 157.164
54.4997 37.6839 12.7177 3.64846 157.13
54.5997 37.6806 12.7512 3.65339 157.097
54.6997 37.6772 12.7847 3.65832 157.063
54.7997 37.6737 12.8182 3.66323 157.03
54.8997 37.67 12.8517 3.66814 156.996
54.9997 37.6662 12.8853 3.67303 156.963
55.0997 37.6623 12.919 3.67792 156.929
55.1997 37.6583 12.9527 3.68279 156.895
55.2997 37.6541 12.9864 3.68766 156.862
55.3997 37.6498 13.0202 3.69252 156.828
55.4997 37.6455 13.054 3.69737 156.794
55.5997 37.641 13.0878 3.7022 156.76
55.6997 37.6363 13.1217 3.70703 156.726
55.7997 37.6316 13.1556 3.71185 156.692
55.8997 37.6267 13.1896 3.71666 156.658
55.9997 37.6218 13.2236 3.72146 156.624
56.0997 37.6167 13.2576 3.72625 156.59
56.1997 37.6115 13.2917 3.73103 156.556
56.2997 37.6061 13.3259 3.7358 156.522
56.3997 37.6007 13.36 3.74056 156.488
56.4997 37.5952 13.3942 3.74531 156.454
56.5997 37.5895 13.4285 3.75005 156.419
56.6997 37.5837 13.4628 3.75478 156.385
56.7997 37.5779 13.4971 3.7595 156.351
56.8997 37.5719 13.5315 3.76421 156.316
56.9997 37.5657 13.5659 3.76891 156.282
57.0997 37.5595 13.6003 3.7736 156.248
57.1997 37.5532 13.6348 3.77828 156.213
57.2997 37.5468 13.6693 3.78296 156.179
57.3997 37.5402 13.7039 3.78762 156.144
57.4997 37.5335 13.7385 3.79227 156.109
57.5997 37.5268 13.7731 3.79691 156.075
57.6997 37.5199 13.8078 3.80154 156.04
57.7997 37.5129 13.8425 3.80616 156.005
57.8997 37.5058 13.8772 3.81077 155.971
57.9997 37.4986 13.912 3.81537 155.936
58.0997 37.4913 13.9469 3.81996 155.901
58.1997 37.4839 13.9817 3.82455 155.866
58.2997 37.4764 14.0166 3.82912 155.831
58.3997 37.4687 14.0516 3.83368 155.796
58.4997 37.461 14.0865 3.83823 155.761
58.5997 37.4532 14.1216 3.84277 155.726
58.6997 37.4452 14.1566 3.8473 155.691
58.7997 37.4372 14.1917 3.85182 155.656
58.8997 37.429 14.2268 3.85633 155.621
58.9997 37.4208 14.262 3.86083 155.586
59.0997 37.4124 14.2972 3.86532 155.551
59.1997 37.404 14.3324 3.8698 155.516
59.2997 37.3954 14.3677 3.87427 155.48
59.3997 37.3867 14.403 3.87872 155.445
59.4997 37.378 14.4384 3.88317 155.41
59.5997 37.3691 14.4738 3.88761 155.374
59.6997 37.3602 14.5092 3.89204 155.339
59.7997 37.3511 14.5446 3.89646 155.303
59.8997 37.3419 14.5801 3.90086 155.268
59.9997 37.3327 14.6157 3.90526 155.232
60.0997 37.3233 14.6512 3.90965 155.197
60.1997 37.3138 14.6868 3.91402 155.161
60.2997 37.3043 14.7225 3.91839 155.126
60.3997 37.2946 14.7581 3.92274 155.09
60.4996 37.2849 14.7938 3.92709 155.054
60.5996 37.275 14.8296 3.93142 155.018
60.6996 37.2651 14.8653 3.93575 154.983
60.7996 37.255 14.9012 3.94006 154.947
60.8996 37.2449 14.937 3.94436 154.911
60.9996 37.2347 14.9729 3.94865 154.875
61.0996 37.2243 15.0088 3.95294 154.839
61.1996 37.2139 15.0448 3.95721 154.803
61.2996 37.2034 15.0807 3.96147 154.767
61.3996 37.1928 15.1168 3.96572 154.731
61.4996 37.1821 15.1528 3.96996 154.695
61.5996 37.1713 15.1889 3.97419 154.659
61.6996 37.1604 15.225 3.97841 154.623
61.7996 37.1494 15.2612 3.98261 154.587
61.8996 37.1383 15.2974 3.98681 154.551
61.9996 37.1272 15.3336 3.991 154.514
62.0996 37.1159 15.3699 3.99517 154.478
62.1996 37.1045 15.4061 3.99934 154.442
62.2996 37.0931 15.4425 4.00349 154.405
62.3996 37.0816 15.4788 4.00764 154.369
62.4996 37.07 15.5152 4.01177 154.333
62.5996 37.0582 15.5516 4.01589 154.296
62.6996 37.0464 15.5881 4.02 154.26
62.7996 37.0345 15.6246 4.0241 154.223
62.8996 37.0226 15.6611 4.02819 154.187
62.9996 37.0105 15.6977 4.03227 154.15
63.0996 36.9983 15.7343 4.03634 154.114
63.1996 36.9861 15.7709 4.0404 154.077
63.2996 36.9738 15.8075 4.04444 154.04
63.3996 36.9613 15.8442 4.04848 154.004
63.4996 36.9488 15.8809 4.0525 153.967
63.5996 36.9362 15.9177 4.05652 153.93
63.6996 36.9236 15.9545 4.06052 153.894
63.7996 36.9108 15.9913 4.06451 153.857
63.8996 36.898 16.0281 4.06849 153.82
63.9996 36.885 16.065 4.07246 153.783
64.0996 36.872 16.1019 4.07642 153.746
64.1996 36.8589 16.1388 4.08037 153.709
64.2996 36.8457 16.1758 4.08431 153.672
64.3996 36.8324 16.2128 4.08823 153.635
64.4996 36.8191 16.2498 4.09215 153.598
64.5996 36.8056 16.2869 4.09605 153.561
64.6996 36.7921 16.324 4.09994 153.524
64.7996 36.7785 16.3611 4.10383 153.487
64.8996 36.7648 16.3983 4.1077 153.45
64.9996 36.7511 16.4355 4.11156 153.413
65.0996 36.7372 16.4727 4.1154 153.375
65.1996 36.7233 16.5099 4.11924 153.338
65.2996 36.7093 16.5472 4.12307 153.301
65.3996 36.6952 16.5845 4.12688 153.263
65.4996 36.681 16.6218 4.13069 153.226
65.5996 36.6667 16.6592 4.13448 153.189
65.6996 36.6524 16.6966 4.13826 153.151
65.7996 36.638 16.734 4.14203 153.114
65.8996 36.6235 16.7715 4.14579 153.076
65.9996 36.6089 16.8089 4.14954 153.039
66.0996 36.5943 16.8465 4.15328 153.002
66.1996 36.5795 16.884 4.157 152.964
66.2996 36.5647 16.9216 4.16071 152.926
66.3996 36.5499 16.9592 4.16442 152.889
66.4996 36.5349 16.9968 4.16811 152.851
66.5996 36.5199 17.0344 4.17179 152.814
66.6996 36.5047 17.0721 4.17546 152.776
66.7996 36.4895 17.1098 4.17911 152.738
66.8996 36.4743 17.1476 4.18276 152.7
66.9995 36.4589 17.1853 4.18639 152.663
67.0995 36.4435 17.2231 4.19002 152.625
67.1995 36.428 17.261 4.19363 152.587
67.2995 36.4124 17.2988 4.19723 152.549
67.3995 36.3968 17.3367 4.20082 152.511
67.4995 36.3811 17.3746 4.2044 152.473
67.5995 36.3653 17.4125 4.20796 152.435
67.6995 36.3494 17.4505 4.21152 152.397
67.7995 36.3334 17.4885 4.21506 152.359
67.8995 36.3174 17.5265 4.21859 152.321
67.9995 36.3013 17.5646 4.22211 152.283
68.0995 36.2852 17.6026 4.22562 152.245
68.1995 36.2689 17.6407 4.22912 152.207
68.2995 36.2526 17.6788 4.2326 152.169
68.3995 36.2362 17.717 4.23607 152.131
68.4995 36.2198 17.7552 4.23954 152.093
68.5995 36.2032 17.7934 4.24299 152.055
68.6995 36.1866 17.8316 4.24643 152.016
68.7995 36.17 17.8699 4.24985 151.978
68.8995 36.1532 17.9081 4.25327 151.94
68.9995 36.1364 17.9464 4.25667 151.902
69.0995 36.1195 17.9848 4.26006 151.863
69.1995 36.1026 18.0231 4.26344 151.825
69.2995 36.0856 18.0615 4.26681 151.786
69.3995 36.0685 18.0999 4.27017 151.748
69.4995 36.0513 18.1384 4.27351 151.71
69.5995 36.0341 18.1768 4.27685 151.671
69.6995 36.0168 18.2153 4.28017 151.633
69.7995 35.9994 18.2538 4.28348 151.594
69.8995 35.982 18.2923 4.28678 151.556
69.9995 35.9645 18.3309 4.29006 151.517
70.0995 35.9469 18.3695 4.29334 151.478
70.1995 35.9292 18.4081 4.2966 151.44
70.2995 35.9115 18.4467 4.29985 151.401
70.3995 35.8938 18.4854 4.30309 151.363
70.4995 35.8759 18.524 4.30632 151.324
70.5995 35.858 18.5627 4.30953 151.285
70.6995 35.84 18.6015 4.31274 151.246
70.7995 35.822 18.6402 4.31593 151.208
70.8995 35.8039 18.679 4.31911 151.169
70.9995 35.7857 18.7178 4.32228 151.13
71.0995 35.7675 18.7566 4.32543 151.091
71.1995 35.7492 18.7955 4.32857 151.052
71.2995 35.7308 18.8343 4.33171 151.014
71.3995 35.7123 18.8732 4.33483 150.975
71.4995 35.6938 18.9121 4.33793 150.936
71.5995 35.6753 18.9511 4.34103 150.897
71.6995 35.6567 18.99 4.34411 150.858
71.7995 35.638 19.029 4.34718 150.819
71.8995 35.6192 19.068 4.35024 150.78
71.9995 35.6004 19.107 4.35329 150.741
72.0995 35.5815 19.1461 4.35633 150.702
72.1995 35.5625 19.1852 4.35935 150.663
72.2995 35.5435 19.2242 4.36236 150.624
72.3995 35.5245 19.2634 4.36536 150.585
72.4995 35.5053 19.3025 4.36835 150.545
72.5995 35.4861 19.3416 4.37132 150.506
72.6995 35.4669 19.3808 4.37428 150.467
72.7995 35.4476 19.42 4.37723 150.428
72.8995 35.4282 19.4592 4.38017 150.389
72.9995 35.4087 19.4985 4.3831 150.349
73.0995 35.3892 19.5377 4.38601 150.31
73.1995 35.3697 19.577 4.38891 150.271
73.2995 35.35 19.6163 4.3918 150.232
73.3995 35.3303 19.6557 4.39468 150.192
73.4995 35.3106 19.695 4.39754 150.153
73.5994 35.2908 19.7344 4.40039 150.114
73.6994 35.2709 19.7738 4.40324 150.074
73.7994 35.251 19.8132 4.40606 150.035
73.8994 35.231 19.8526 4.40888 149.995
73.9994 35.211 19.892 4.41168 149.956
74.0994 35.1909 19.9315 4.41447 149.916
74.1994 35.1707 19.971 4.41725 149.877
74.2994 35.1505 20.0105 4.42002 149.837
74.3994 35.1302 20.05 4.42277 149.798
74.4994 35.1099 20.0895 4.42551 149.758
74.5994 35.0895 20.1291 4.42824 149.719
74.6994 35.069 20.1687 4.43096 149.679
74.7994 35.0485 20.2083 4.43366 149.64
74.8994 35.0279 20.2479 4.43635 149.6
74.9994 35.0073 20.2875 4.43903 149.56
75.0994 34.9866 20.3272 4.4417 149.521
75.1994 34.9659 20.3669 4.44435 149.481
75.2994 34.9451 20.4066 4.44699 149.441
75.3994 34.9242 20.4463 4.44962 149.402
75.4994 34.9033 20.486 4.45224 149.362
75.5994 34.8823 20.5258 4.45484 149.322
75.6994 34.8613 20.5655 4.45744 149.282
75.7994 34.8402 20.6053 4.46001 149.243
75.8994 34.8191 20.6451 4.46258 149.203
75.9994 34.7979 20.6849 4.46513 149.163
76.0994 34.7767 20.7248 4.46768 149.123
76.1994 34.7554 20.7646 4.4702 149.083
76.2994 34.734 20.8045 4.47272 149.043
76.3994 34.7126 20.8444 4.47522 149.004
76.4994 34.6912 20.8843 4.47771 148.964
76.5994 34.6697 20.9242 4.48019 148.924
76.6994 34.6481 20.9641 4.48266 148.884
76.7994 34.6265 21.0041 4.48511 148.844
76.8994 34.6048 21.044 4.48755 148.804
76.9994 34.5831 21.084 4.48998 148.764
77.0994 34.5613 21.124 4.49239 148.724
77.1994 34.5394 21.164 4.49479 148.684
77.2994 34.5176 21.2041 4.49718 148.644
77.3994 34.4956 21.2441 4.49956 148.604
77.4994 34.4736 21.2842 4.50192 148.564
77.5994 34.4516 21.3243 4.50427 148.524
77.6994 34.4295 21.3644 4.50661 148.484
77.7994 34.4073 21.4045 4.50894 148.443
77.8994 34.3851 21.4446 4.51125 148.403
77.9994 34.3629 21.4847 4.51355 148.363
78.0994 34.3406 21.5249 4.51584 148.323
78.1994 34.3182 21.5651 4.51811 148.283
78.2994 34.2958 21.6053 4.52037 148.243
78.3994 34.2733 21.6455 4.52262 148.203
78.4994 34.2508 21.6857 4.52485 148.162
78.5994 34.2283 21.7259 4.52708 148.122
78.6994 34.2057 21.7661 4.52929 148.082
78.7994 34.183 21.8064 4.53148 148.042
78.8994 34.1603 21.8467 4.53367 148.001
78.9994 34.1375 21.887 4.53584 147.961
79.0994 34.1147 21.9273 4.53799 147.921
79.1994 34.0919 21.9676 4.54014 147.88
79.2994 34.069 22.0079 4.54227 147.84
79.3994 34.046 22.0482 4.54439 147.8
79.4994 34.023 22.0886 4.5465 147.759
79.5994 34 22.1289 4.54859 147.719
79.6994 33.9769 22.1693 4.55067 147.679
79.7994 33.9537 22.2097 4.55274 147.638
79.8994 33.9305 22.2501 4.55479 147.598
79.9994 33.9073 22.2905 4.55683 147.557
80.0993 33.884 22.331 4.55886 147.517
80.1993 33.8606 22.3714 4.56087 147.477
80.2993 33.8372 22.4118 4.56287 147.436
80.3993 33.8138 22.4523 4.56486 147.396
80.4993 33.7903 22.4928 4.56684 147.355
80.5993 33.7668 22.5333 4.5688 147.315
80.6993 33.7432 22.5738 4.57075 147.274
80.7993 33.7195 22.6143 4.57268 147.234
80.8993 33.6959 22.6548 4.57461 147.193
80.9993 33.6722 22.6953 4.57652 147.153
81.0993 33.6484 22.7359 4.57841 147.112
81.1993 33.6246 22.7764 4.5803 147.072
81.2993 33.6007 22.817 4.58217 147.031
81.3993 33.5768 22.8576 4.58402 146.99
81.4993 33.5529 22.8982 4.58587 146.95
81.5993 33.5289 22.9388 4.5877 146.909
81.6993 33.5048 22.9794 4.58951 146.869
81.7993 33.4807 23.02 4.59132 146.828
81.8993 33.4566 23.0606 4.59311 146.787
81.9993 33.4324 23.1013 4.59488 146.747
82.0993 33.4082 23.1419 4.59665 146.706
82.1993 33.3839 23.1826 4.5984 146.665
82.2993 33.3596 23.2233 4.60014 146.625
82.3993 33.3352 23.2639 4.60186 146.584
82.4993 33.3108 23.3046 4.60357 146.543
82.5993 33.2864 23.3453 4.60527 146.503
82.6993 33.2619 23.386 4.60695 146.462
82.7993 33.2374 23.4268 4.60862 146.421
82.8993 33.2128 23.4675 4.61028 146.38
82.9993 33.1882 23.5082 4.61193 146.34
83.0993 33.1635 23.549 4.61356 146.299
83.1993 33.1388 23.5897 4.61517 146.258
83.2993 33.114 23.6305 4.61678 146.217
83.3993 33.0893 23.6712 4.61837 146.177
83.4993 33.0644 23.712 4.61994 146.136
83.5993 33.0395 23.7528 4.62151 146.095
83.6993 33.0146 23.7936 4.62306 146.054
83.7993 32.9896 23.8344 4.62459 146.014
83.8993 32.9646 23.8752 4.62612 145.973
83.9993 32.9396 23.916 4.62763 145.932
84.0993 32.9145 23.9569 4.62912 145.891
84.1993 32.8894 23.9977 4.63061 145.85
84.2993 32.8642 24.0385 4.63207 145.809
84.3993 32.839 24.0794 4.63353 145.769
84.4993 32.8137 24.1202 4.63497 145.728
84.5993 32.7884 24.1611 4.6364 145.687
84.6993 32.7631 24.202 4.63782 145.646
84.7993 32.7377 24.2428 4.63922 145.605
84.8993 32.7123 24.2837 4.6406 145.564
84.9993 32.6868 24.3246 4.64198 145.523
85.0993 32.6613 24.3655 4.64334 145.482
85.1993 32.6358 24.4064 4.64469 145.442
85.2993 32.6102 24.4473 4.64602 145.401
85.3993 32.5845 24.4882 4.64734 145.36
85.4993 32.5589 24.5291 4.64865 145.319
85.5993 32.5332 24.57 4.64994 145.278
85.6993 32.5074 24.611 4.65122 145.237
85.7993 32.4816 24.6519 4.65248 145.196
85.8993 32.4558 24.6928 4.65373 145.155
85.9993 32.4299 24.7338 4.65497 145.114
86.0993 32.404 24.7747 4.6562 145.073
86.1993 32.3781 24.8157 4.65741 145.032
86.2993 32.3521 24.8566 4.6586 144.991
86.3993 32.3261 24.8976 4.65979 144.95
86.4993 32.3 24.9386 4.66096 144.909
86.5993 32.2739 24.9795 4.66211 144.868
86.6992 32.2478 25.0205 4.66325 144.827
86.7992 32.2216 25.0615 4.66438 144.786
86.8992 32.1954 25.1025 4.6655 144.745
86.9992 32.1691 25.1435 4.6666 144.705
87.0992 32.1428 25.1844 4.66768 144.664
87.1992 32.1165 25.2254 4.66876 144.623
87.2992 32.0901 25.2664 4.66982 144.582
87.3992 32.0637 25.3074 4.67086 144.541
87.4992 32.0373 25.3484 4.67189 144.5
87.5992 32.0108 25.3895 4.67291 144.459
87.6992 31.9843 25.4305 4.67391 144.417
87.7992 31.9577 25.4715 4.6749 144.376
87.8992 31.9311 25.5125 4.67588 144.335
87.9992 31.9045 25.5535 4.67684 144.294
88.0992 31.8779 25.5945 4.67779 144.253
88.1992 31.8511 25.6356 4.67873 144.212
88.2992 31.8244 25.6766 4.67965 144.171
88.3992 31.7976 25.7176 4.68055 144.13
88.4992 31.7708 25.7586 4.68145 144.089
88.5992 31.744 25.7997 4.68233 144.048
88.6992 31.7171 25.8407 4.68319 144.007
88.7992 31.6902 25.8817 4.68404 143.966
88.8992 31.6632 25.9228 4.68488 143.925
88.9992 31.6362 25.9638 4.6857 143.884
89.0992 31.6092 26.0049 4.68651 143.843
89.1992 31.5821 26.0459 4.68731 143.802
89.2992 31.555 26.0869 4.68809 143.761
89.3992 31.5279 26.128 4.68886 143.72
89.4992 31.5007 26.169 4.68961 143.679
89.5992 31.4735 26.2101 4.69035 143.638
89.6992 31.4462 26.2511 4.69107 143.597
89.7992 31.419 26.2922 4.69179 143.556
89.8992 31.3917 26.3332 4.69248 143.515
89.9992 31.3643 26.3743 4.69317 143.474
90.0992 31.3369 26.4153 4.69384 143.433
90.1992 31.3095 26.4563 4.69449 143.392
90.2992 31.2821 26.4974 4.69513 143.351
90.3992 31.2546 26.5384 4.69576 143.31
90.4992 31.2271 26.5795 4.69637 143.268
90.5992 31.1995 26.6205 4.69697 143.227
90.6992 31.1719 26.6616 4.69756 143.186
90.7992 31.1443 26.7026 4.69813 143.145
90.8992 31.1166 26.7436 4.69868 143.104
90.9992 31.0889 26.7847 4.69923 143.063
91.0992 31.0612 26.8257 4.69976 143.022
91.1992 31.0335 26.8668 4.70027 142.981
91.2992 31.0057 26.9078 4.70077 142.94
91.3992 30.9779 26.9488 4.70126 142.899
91.4992 30.95 26.9899 4.70173 142.858
91.5992 30.9221 27.0309 4.70219 142.817
91.6992 30.8942 27.0719 4.70263 142.776
91.7992 30.8662 27.1129 4.70306 142.735
91.8992 30.8382 27.154 4.70347 142.694
91.9992 30.8102 27.195 4.70388 142.653
92.0992 30.7822 27.236 4.70426 142.612
92.1992 30.7541 27.277 4.70464 142.571
92.2992 30.726 27.318 4.70499 142.53
92.3992 30.6978 27.3591 4.70534 142.489
92.4992 30.6696 27.4001 4.70567 142.448
92.5992 30.6414 27.4411 4.70598 142.407
92.6992 30.6132 27.4821 4.70629 142.366
92.7992 30.5849 27.5231 4.70657 142.325
92.8992 30.5566 27.5641 4.70685 142.284
92.9992 30.5282 27.6051 4.70711 142.243
93.0992 30.4999 27.646 4.70735 142.202
93.1992 30.4715 27.687 4.70758 142.161
93.2991 30.443 27.728 4.7078 142.12
93.3991 30.4146 27.769 4.708 142.079
93.4991 30.3861 27.8099 4.70819 142.038
93.5991 30.3575 27.8509 4.70836 141.997
93.6991 30.329 27.8919 4.70852 141.956
93.7991 30.3004 27.9328 4.70866 141.915
93.8991 30.2718 27.9738 4.70879 141.874
93.9991 30.2431 28.0147 4.70891 141.833
94.0991 30.2144 28.0557 4.70901 141.792
94.1991 30.1857 28.0966 4.7091 141.751
94.2991 30.157 28.1375 4.70917 141.71
94.3991 30.1282 28.1785 4.70923 141.669
94.4991 30.0994 28.2194 4.70927 141.629
94.5991 30.0705 28.2603 4.7093 141.588
94.6991 30.0417 28.3012 4.70932 141.547
94.7991 30.0128 28.3421 4.70932 141.506
94.8991 29.9839 28.383 4.70931 141.465
94.9991 29.9549 28.4239 4.70928 141.424
95.0991 29.9259 28.4648 4.70924 141.383
95.1991 29.8969 28.5057 4.70918 141.342
95.2991 29.8679 28.5466 4.70911 141.301
95.3991 29.8388 28.5874 4.70903 141.261
95.4991 29.8097 28.6283 4.70893 141.22
95.5991 29.7806 28.6691 4.70881 141.179
95.6991 29.7514 28.71 4.70868 141.138
95.7991 29.7222 28.7508 4.70854 141.097
95.8991 29.693 28.7917 4.70838 141.056
95.9991 29.6637 28.8325 4.70821 141.015
96.0991 29.6345 28.8733 4.70802 140.975
96.1991 29.6052 28.9141 4.70782 140.934
96.2991 29.5758 28.9549 4.70761 140.893
96.3991 29.5465 28.9957 4.70738 140.852
96.4991 29.5171 29.0365 4.70713 140.811
96.5991 29.4877 29.0773 4.70688 140.771
96.6991 29.4582 29.118 4.7066 140.73
96.7991 29.4287 29.1588 4.70632 140.689
96.8991 29.3992 29.1995 4.70601 140.648
96.9991 29.3697 29.2403 4.7057 140.608
97.0991 29.3401 29.281 4.70537 140.567
97.1991 29.3105 29.3218 4.70502 140.526
97.2991 29.2809 29.3625 4.70466 140.485
97.3991 29.2513 29.4032 4.70428 140.445
97.4991 29.2216 29.4439 4.7039 140.404
97.5991 29.1919 29.4846 4.70349 140.363
97.6991 29.1622 29.5252 4.70307 140.323
97.7991 29.1324 29.5659 4.70264 140.282
97.8991 29.1027 29.6066 4.70219 140.241
97.9991 29.0729 29.6472 4.70173 140.201
98.0991 29.043 29.6879 4.70125 140.16
98.1991 29.0132 29.7285 4.70076 140.119
98.2991 28.9833 29.7691 4.70026 140.079
98.3991 28.9534 29.8097 4.69974 140.038
98.4991 28.9234 29.8503 4.6992 139.998
98.5991 28.8935 29.8909 4.69865 139.957
98.6991 28.8635 29.9315 4.69809 139.916
98.7991 28.8334 29.9721 4.69751 139.876
98.8991 28.8034 30.0126 4.69692 139.835
98.9991 28.7733 30.0532 4.69631 139.795
99.0991 28.7432 30.0937 4.69569 139.754
99.1991 28.7131 30.1342 4.69505 139.714
99.2991 28.6829 30.1747 4.6944 139.673
99.3991 28.6528 30.2152 4.69373 139.633
99.4991 28.6226 30.2557 4.69305 139.592
99.5991 28.5923 30.2962 4.69236 139.552
99.6991 28.5621 30.3367 4.69165 139.511
99.799 28.5318 30.3771 4.69092 139.471
99.899 28.5015 30.4176 4.69018 139.43
99.999 28.4711 30.458 4.68943 139.39
100.099 28.4408 30.4984 4.68866 139.35
100.199 28.4104 30.5388 4.68788 139.309
100.299 28.38 30.5792 4.68708 139.269
100.399 28.3496 30.6196 4.68627 139.228
100.499 28.3191 30.6599 4.68544 139.188
100.599 28.2886 30.7003 4.6846 139.148
100.699 28.2581 30.7406 4.68374 139.107
100.799 28.2276 30.781 4.68287 139.067
100.899 28.197 30.8213 4.68198 139.027
100.999 28.1664 30.8616 4.68108 138.986
101.099 28.1358 30.9018 4.68017 138.946
101.199 28.1052 30.9421 4.67924 138.906
101.299 28.0745 30.9824 4.67829 138.866
101.399 28.0439 31.0226 4.67733 138.825
101.499 28.0131 31.0628 4.67636 138.785
101.599 27.9824 31.1031 4.67537 138.745
101.699 27.9517 31.1433 4.67436 138.705
101.799 27.9209 31.1834 4.67335 138.665
101.899 27.8901 31.2236 4.67231 138.624
101.999 27.8592 31.2638 4.67127 138.584
102.099 27.8284 31.3039 4.6702 138.544
102.199 27.7975 31.344 4.66913 138.504
102.299 27.7666 31.3842 4.66803 138.464
102.399 27.7357 31.4242 4.66693 138.424
102.499 27.7047 31.4643 4.66581 138.384
102.599 27.6738 31.5044 4.66467 138.344
102.699 27.6428 31.5444 4.66352 138.304
102.799 27.6118 31.5845 4.66235 138.263
102.899 27.5807 31.6245 4.66117 138.223
102.999 27.5497 31.6645 4.65998 138.183
103.099 27.5186 31.7045 4.65877 138.143
103.199 27.4875 31.7445 4.65754 138.104
103.299 27.4563 31.7844 4.6563 138.064
103.399 27.4252 31.8243 4.65505 138.024
103.499 27.394 31.8643 4.65378 137.984
103.599 27.3628 31.9042 4.6525 137.944
103.699 27.3316 31.944 4.6512 137.904
103.799 27.3003 31.9839 4.64989 137.864
103.899 27.269 32.0238 4.64856 137.824
103.999 27.2377 32.0636 4.64721 137.784
104.099 27.2064 32.1034 4.64586 137.745
104.199 27.1751 32.1432 4.64448 137.705
104.299 27.1437 32.183 4.6431 137.665
104.399 27.1123 32.2228 4.6417 137.625
104.499 27.0809 32.2625 4.64028 137.585
104.599 27.0495 32.3022 4.63885 137.546
104.699 27.0181 32.342 4.6374 137.506
104.799 26.9866 32.3817 4.63594 137.466
104.899 26.9551 32.4213 4.63446 137.427
104.999 26.9236 32.461 4.63297 137.387
105.099 26.892 32.5006 4.63147 137.347
105.199 26.8605 32.5402 4.62995 137.308
105.299 26.8289 32.5798 4.62841 137.268
105.399 26.7973 32.6194 4.62686 137.229
105.499 26.7657 32.659 4.6253 137.189
105.599 26.734 32.6985 4.62372 137.149
105.699 26.7023 32.738 4.62213 137.11
105.799 26.6706 32.7776 4.62052 137.07
105.899 26.6389 32.817 4.61889 137.031
105.999 26.6072 32.8565 4.61725 136.991
106.099 26.5754 32.8959 4.6156 136.952
106.199 26.5437 32.9354 4.61393 136.913
106.299 26.5119 32.9748 4.61225 136.873
106.399 26.4801 33.0142 4.61055 136.834
106.499 26.4482 33.0535 4.60884 136.794
106.599 26.4164 33.0929 4.60711 136.755
106.699 26.3845 33.1322 4.60537 136.716
106.799 26.3526 33.1715 4.60361 136.676
106.899 26.3206 33.2108 4.60184 136.637
106.999 26.2887 33.2501 4.60005 136.598
107.099 26.2567 33.2893 4.59825 136.559
107.199 26.2247 33.3285 4.59644 136.519
107.299 26.1927 33.3677 4.5946 136.48
107.399 26.1607 33.4069 4.59276 136.441
107.499 26.1287 33.446 4.5909 136.402
107.599 26.0966 33.4852 4.58902 136.363
107.699 26.0645 33.5243 4.58713 136.324
107.799 26.0324 33.5634 4.58523 136.285
107.899 26.0003 33.6025 4.58331 136.245
107.999 25.9681 33.6415 4.58137 136.206
108.099 25.936 33.6805 4.57942 136.167
108.199 25.9038 33.7195 4.57746 136.128
108.299 25.8716 33.7585 4.57548 136.089
108.399 25.8393 33.7975 4.57348 136.05
108.499 25.8071 33.8364 4.57148 136.012
108.599 25.7748 33.8753 4.56945 135.973
108.699 25.7425 33.9142 4.56741 135.934
108.799 25.7102 33.9531 4.56536 135.895
108.899 25.6779 33.9919 4.56329 135.856
108.999 25.6456 34.0307 4.56121 135.817
109.099 25.6132 34.0695 4.55911 135.778
109.199 25.5808 34.1083 4.557 135.74
109.299 25.5484 34.1471 4.55487 135.701
109.399 25.516 34.1858 4.55273 135.662
109.499 25.4835 34.2245 4.55057 135.623
109.599 25.4511 34.2632 4.5484 135.585
109.699 25.4186 34.3018 4.54621 135.546
109.799 25.3861 34.3405 4.54401 135.507
109.899 25.3536 34.3791 4.54179 135.469
109.999 25.321 34.4177 4.53956 135.43
110.099 25.2885 34.4562 4.53732 135.392
110.199 25.2559 34.4947 4.53505 135.353
110.299 25.2233 34.5333 4.53278 135.315
110.399 25.1907 34.5717 4.53049 135.276
110.499 25.1581 34.6102 4.52818 135.238
110.599 25.1254 34.6486 4.52586 135.199
110.699 25.0927 34.687 4.52353 135.161
110.799 25.06 34.7254 4.52118 135.123
110.899 25.0273 34.7638 4.51881 135.084
110.999 24.9946 34.8021 4.51643 135.046
111.099 24.9619 34.8404 4.51404 135.008
111.199 24.9291 34.8787 4.51163 134.969
111.299 24.8963 34.917 4.50921 134.931
111.399 24.8635 34.9552 4.50677 134.893
111.499 24.8307 34.9934 4.50432 134.855
111.599 24.7979 35.0316 4.50185 134.816
111.699 24.765 35.0697 4.49937 134.778
111.799 24.7322 35.1078 4.49687 134.74
111.899 24.6993 35.1459 4.49435 134.702
111.999 24.6664 35.184 4.49183 134.664
112.099 24.6334 35.222 4.48929 134.626
112.199 24.6005 35.2601 4.48673 134.588
112.299 24.5675 35.2981 4.48416 134.55
112.399 24.5346 35.336 4.48157 134.512
112.499 24.5016 35.374 4.47897 134.474
112.599 24.4685 35.4119 4.47635 134.436
112.699 24.4355 35.4497 4.47372 134.398
112.799 24.4025 35.4876 4.47108 134.36
112.899 24.3694 35.5254 4.46842 134.323
112.999 24.3363 35.5632 4.46574 134.285
113.099 24.3032 35.601 4.46305 134.247
113.199 24.2701 35.6387 4.46035 134.209
113.299 24.237 35.6764 4.45763 134.172
113.399 24.2038 35.7141 4.45489 134.134
113.499 24.1706 35.7518 4.45215 134.096
113.599 24.1375 35.7894 4.44938 134.059
113.699 24.1043 35.827 4.4466 134.021
113.799 24.071 35.8646 4.44381 133.983
113.899 24.0378 35.9021 4.441 133.946
113.999 24.0045 35.9396 4.43818 133.908
114.099 23.9713 35.9771 4.43534 133.871
114.199 23.938 36.0146 4.43249 133.833
114.299 23.9047 36.052 4.42962 133.796
114.399 23.8714 36.0894 4.42674 133.759
114.499 23.838 36.1267 4.42385 133.721
114.599 23.8047 36.1641 4.42094 133.684
114.699 23.7713 36.2014 4.41801 133.647
114.799 23.7379 36.2387 4.41507 133.609
114.899 23.7045 36.2759 4.41212 133.572
114.999 23.6711 36.3131 4.40915 133.535
115.099 23.6377 36.3503 4.40616 133.498
115.199 23.6042 36.3875 4.40316 133.461
115.299 23.5707 36.4246 4.40015 133.423
115.399 23.5372 36.4617 4.39712 133.386
115.499 23.5037 36.4987 4.39408 133.349
115.599 23.4702 36.5358 4.39102 133.312
115.699 23.4367 36.5728 4.38795 133.275
115.799 23.4031 36.6097 4.38486 133.238
115.899 23.3696 36.6467 4.38176 133.201
115.999 23.336 36.6836 4.37864 133.164
116.099 23.3024 36.7205 4.37551 133.127
116.199 23.2688 36.7573 4.37237 133.091
116.299 23.2352 36.7941 4.3692 133.054
116.399 23.2015 36.8309 4.36603 133.017
116.499 23.1678 36.8676 4.36284 132.98
116.599 23.1342 36.9044 4.35964 132.944
116.699 23.1005 36.9411 4.35642 132.907
116.799 23.0668 36.9777 4.35318 132.87
116.899 23.0331 37.0143 4.34994 132.834
116.999 22.9993 37.0509 4.34667 132.797
117.099 22.9656 37.0875 4.34339 132.76
117.199 22.9318 37.124 4.3401 132.724
117.299 22.898 37.1605 4.3368 132.687
117.399 22.8642 37.1969 4.33348 132.651
117.499 22.8304 37.2334 4.33014 132.615
117.599 22.7966 37.2698 4.32679 132.578
117.699 22.7627 37.3061 4.32342 132.542
117.799 22.7289 37.3424 4.32004 132.506
117.899 22.695 37.3787 4.31665 132.469
117.999 22.6611 37.415 4.31324 132.433
118.099 22.6272 37.4512 4.30982 132.397
118.199 22.5933 37.4874 4.30638 132.361
118.299 22.5593 37.5236 4.30293 132.324
118.399 22.5254 37.5597 4.29946 132.288
118.499 22.4914 37.5958 4.29598 132.252
118.599 22.4574 37.6318 4.29248 132.216
118.699 22.4234 37.6678 4.28897 132.18
118.799 22.3894 37.7038 4.28545 132.144
118.899 22.3554 37.7398 4.28191 132.108
118.999 22.3214 37.7757 4.27836 132.072
119.099 22.2873 37.8116 4.27479 132.036
119.199 22.2532 37.8474 4.2712 132.001
119.299 22.2192 37.8832 4.26761 131.965
119.399 22.1851 37.919 4.26399 131.929
119.499 22.151 37.9548 4.26037 131.893
119.599 22.1168 37.9905 4.25673 131.857
119.699 22.0827 38.0261 4.25307 131.822
119.799 22.0485 38.0618 4.2494 131.786
119.899 22.0144 38.0974 4.24572 131.751
119.999 21.9802 38.1329 4.24202 131.715
120.099 21.946 38.1685 4.23831 131.679
120.199 21.9118 38.204 4.23458 131.644
120.299 21.8776 38.2394 4.23084 131.609
120.399 21.8433 38.2748 4.22708 131.573
120.499 21.8091 38.3102 4.22331 131.538
120.599 21.7748 38.3456 4.21952 131.502
120.699 21.7405 38.3809 4.21572 131.467
120.799 21.7062 38.4162 4.21191 131.432
120.899 21.6719 38.4514 4.20808 131.397
120.999 21.6376 38.4866 4.20424 131.361
121.099 21.6033 38.5218 4.20038 131.326
121.199 21.5689 38.5569 4.19651 131.291
121.299 21.5346 38.592 4.19262 131.256
121.399 21.5002 38.627 4.18872 131.221
121.499 21.4658 38.6621 4.18481 131.186
121.599 21.4314 38.697 4.18088 131.151
121.699 21.397 38.732 4.17694 131.116
121.799 21.3625 38.7669 4.17298 131.081
121.899 21.3281 38.8017 4.16901 131.046
121.999 21.2936 38.8366 4.16502 131.011
122.099 21.2592 38.8714 4.16102 130.977
122.199 21.2247 38.9061 4.15701 130.942
122.299 21.1902 38.9408 4.15298 130.907
122.399 21.1557 38.9755 4.14893 130.872
122.499 21.1212 39.0101 4.14488 130.838
122.599 21.0866 39.0447 4.14081 130.803
122.699 21.0521 39.0793 4.13672 130.769
122.799 21.0175 39.1138 4.13262 130.734
122.899 20.9829 39.1483 4.12851 130.7
122.999 20.9484 39.1827 4.12438 130.665
123.099 20.9137 39.2172 4.12023 130.631
123.199 20.8791 39.2515 4.11608 130.596
123.299 20.8445 39.2858 4.11191 130.562
123.399 20.8099 39.3201 4.10772 130.528
123.499 20.7752 39.3544 4.10352 130.494
123.599 20.7406 39.3886 4.09931 130.459
123.699 20.7059 39.4228 4.09508 130.425
123.799 20.6712 39.4569 4.09084 130.391
123.899 20.6365 39.491 4.08658 130.357
123.999 20.6018 39.525 4.08231 130.323
124.099 20.567 39.559 4.07803 130.289
124.199 20.5323 39.593 4.07373 130.255
124.299 20.4975 39.6269 4.06942 130.221
124.399 20.4628 39.6608 4.06509 130.187
124.499 20.428 39.6947 4.06075 130.153
124.599 20.3932 39.7285 4.05639 130.119
124.699 20.3584 39.7622 4.05202 130.086
124.799 20.3236 39.796 4.04764 130.052
124.899 20.2888 39.8296 4.04324 130.018
124.999 20.2539 39.8633 4.03883 129.985
125.099 20.2191 39.8969 4.03441 129.951
125.199 20.1842 39.9304 4.02997 129.918
125.299 20.1493 39.964 4.02552 129.884
125.399 20.1144 39.9974 4.02105 129.851
125.499 20.0795 40.0309 4.01657 129.817
125.599 20.0446 40.0643 4.01207 129.784
125.699 20.0097 40.0976 4.00756 129.75
125.799 19.9748 40.1309 4.00304 129.717
125.899 19.9398 40.1642 3.9985 129.684
125.999 19.9049 40.1974 3.99395 129.651
126.099 19.8699 40.2306 3.98939 129.617
126.199 19.8349 40.2638 3.98481 129.584
126.299 19.7999 40.2969 3.98022 129.551
126.399 19.7649 40.3299 3.97561 129.518
126.499 19.7299 40.3629 3.97099 129.485
126.599 19.6949 40.3959 3.96636 129.452
126.699 19.6598 40.4289 3.96171 129.419
126.799 19.6248 40.4617 3.95705 129.386
126.899 19.5897 40.4946 3.95237 129.353
126.999 19.5546 40.5274 3.94768 129.321
127.099 19.5195 40.5601 3.94298 129.288
127.199 19.4844 40.5929 3.93826 129.255
127.299 19.4493 40.6255 3.93353 129.222
127.399 19.4142 40.6582 3.92878 129.19
127.499 19.3791 40.6908 3.92403 129.157
127.599 19.3439 40.7233 3.91925 129.125
127.699 19.3088 40.7558 3.91447 129.092
127.799 19.2736 40.7882 3.90967 129.06
127.899 19.2384 40.8207 3.90485 129.027
127.999 19.2032 40.853 3.90003 128.995
128.099 19.168 40.8853 3.89519 128.963
128.199 19.1328 40.9176 3.89033 128.93
128.299 19.0976 40.9499 3.88546 128.898
128.399 19.0623 40.9821 3.88058 128.866
128.499 19.0271 41.0142 3.87569 128.834
128.599 18.9918 41.0463 3.87078 128.802
128.699 18.9566 41.0784 3.86585 128.77
128.799 18.9213 41.1104 3.86092 128.738
128.899 18.886 41.1424 3.85597 128.706
128.999 18.8507 41.1743 3.851 128.674
129.099 18.8154 41.2062 3.84602 128.642
129.199 18.7801 41.238 3.84103 128.61
129.299 18.7447 41.2698 3.83603 128.578
129.399 18.7094 41.3015 3.83101 128.546
129.499 18.674 41.3332 3.82598 128.515
129.599 18.6387 41.3649 3.82093 128.483
129.699 18.6033 41.3965 3.81587 128.451
129.799 18.5679 41.428 3.8108 128.42
129.899 18.5325 41.4595 3.80572 128.388
129.999 18.4971 41.491 3.80062 128.357
130.099 18.4617 41.5224 3.7955 128.326
130.199 18.4262 41.5538 3.79038 128.294
130.299 18.3908 41.5851 3.78524 128.263
130.399 18.3553 41.6164 3.78009 128.232
130.499 18.3199 41.6477 3.77492 128.2
130.599 18.2844 41.6789 3.76974 128.169
130.699 18.2489 41.71 3.76455 128.138
130.799 18.2134 41.7411 3.75934 128.107
130.899 18.1779 41.7722 3.75412 128.076
130.999 18.1424 41.8032 3.74889 128.045
131.099 18.1069 41.8341 3.74364 128.014
131.199 18.0714 41.865 3.73838 127.983
131.299 18.0358 41.8959 3.73311 127.952
131.399 18.0003 41.9267 3.72782 127.921
131.499 17.9647 41.9575 3.72252 127.89
131.599 17.9291 41.9882 3.71721 127.86
131.699 17.8935 42.0189 3.71188 127.829
131.799 17.858 42.0495 3.70654 127.798
131.899 17.8223 42.0801 3.70119 127.768
131.999 17.7867 42.1106 3.69583 127.737
132.099 17.7511 42.1411 3.69045 127.707
132.199 17.7155 42.1715 3.68505 127.676
132.299 17.6798 42.2019 3.67965 127.646
132.399 17.6442 42.2322 3.67423 127.616
132.499 17.6085 42.2625 3.6688 127.585
132.599 17.5729 42.2928 3.66336 127.555
132.699 17.5372 42.3229 3.6579 127.525
132.799 17.5015 42.3531 3.65243 127.495
132.899 17.4658 42.3832 3.64694 127.465
132.999 17.4301 42.4132 3.64145 127.435
133.099 17.3943 42.4432 3.63594 127.405
133.199 17.3586 42.4732 3.63041 127.375
133.299 17.3229 42.5031 3.62488 127.345
133.399 17.2871 42.5329 3.61933 127.315
133.499 17.2514 42.5627 3.61377 127.285
133.599 17.2156 42.5925 3.60819 127.255
133.699 17.1798 42.6222 3.60261 127.226
133.799 17.144 42.6518 3.597 127.196
133.899 17.1082 42.6814 3.59139 127.167
133.999 17.0724 42.711 3.58576 127.137
134.099 17.0366 42.7405 3.58013 127.107
134.199 17.0008 42.7699 3.57447 127.078
134.299 16.965 42.7994 3.56881 127.049
134.399 16.9291 42.8287 3.56313 127.019
134.499 16.8933 42.858 3.55744 126.99
134.599 16.8574 42.8873 3.55174 126.961
134.699 16.8215 42.9165 3.54602 126.931
134.799 16.7857 42.9456 3.54029 126.902
134.899 16.7498 42.9747 3.53455 126.873
134.999 16.7139 43.0038 3.5288 126.844
135.099 16.678 43.0328 3.52303 126.815
135.199 16.6421 43.0617 3.51725 126.786
135.299 16.6061 43.0906 3.51146 126.757
135.399 16.5702 43.1195 3.50565 126.728
135.499 16.5343 43.1483 3.49983 126.7
135.599 16.4983 43.177 3.494 126.671
135.699 16.4624 43.2057 3.48816 126.642
135.799 16.4264 43.2344 3.4823 126.614
135.899 16.3904 43.2629 3.47644 126.585
135.999 16.3544 43.2915 3.47055 126.556
136.099 16.3184 43.32 3.46466 126.528
136.199 16.2824 43.3484 3.45876 126.5
136.299 16.2464 43.3768 3.45284 126.471
136.399 16.2104 43.4051 3.44691 126.443
136.499 16.1744 43.4334 3.44096 126.415
136.599 16.1383 43.4616 3.43501 126.386
136.699 16.1023 43.4898 3.42904 126.358
136.799 16.0662 43.5179 3.42306 126.33
136.899 16.0302 43.546 3.41706 126.302
136.999 15.9941 43.574 3.41106 126.274
137.099 15.958 43.602 3.40504 126.246
137.199 15.9219 43.6299 3.39901 126.218
137.299 15.8858 43.6578 3.39297 126.19
137.399 15.8497 43.6856 3.38691 126.162
137.499 15.8136 43.7134 3.38085 126.135
137.599 15.7775 43.7411 3.37477 126.107
137.699 15.7414 43.7687 3.36867 126.079
137.799 15.7052 43.7963 3.36257 126.052
137.899 15.6691 43.8239 3.35645 126.024
137.999 15.6329 43.8514 3.35033 125.997
138.099 15.5968 43.8788 3.34418 125.969
138.199 15.5606 43.9062 3.33803 125.942
138.299 15.5244 43.9335 3.33187 125.914
138.399 15.4882 43.9608 3.32569 125.887
138.499 15.4521 43.988 3.3195 125.86
138.599 15.4158 44.0152 3.3133 125.833
138.699 15.3796 44.0423 3.30709 125.806
138.799 15.3434 44.0694 3.30086 125.779
138.899 15.3072 44.0964 3.29462 125.752
138.999 15.271 44.1234 3.28837 125.725
139.099 15.2347 44.1503 3.28211 125.698
139.199 15.1985 44.1771 3.27584 125.671
139.299 15.1622 44.2039 3.26955 125.644
139.399 15.1259 44.2306 3.26325 125.617
139.499 15.0897 44.2573 3.25694 125.591
139.599 15.0534 44.284 3.25062 125.564
139.699 15.0171 44.3105 3.24429 125.537
139.799 14.9808 44.3371 3.23794 125.511
139.899 14.9445 44.3635 3.23159 125.484
139.999 14.9082 44.3899 3.22522 125.458
140.099 14.8719 44.4163 3.21884 125.432
140.199 14.8355 44.4426 3.21245 125.405
140.299 14.7992 44.4689 3.20604 125.379
140.399 14.7629 44.4951 3.19963 125.353
140.499 14.7265 44.5212 3.1932 125.327
140.599 14.6902 44.5473 3.18676 125.301
140.699 14.6538 44.5733 3.18031 125.275
140.799 14.6174 44.5993 3.17384 125.249
140.899 14.581 44.6252 3.16737 125.223
140.999 14.5446 44.651 3.16088 125.197
141.099 14.5083 44.6769 3.15439 125.171
141.199 14.4718 44.7026 3.14788 125.145
141.299 14.4354 44.7283 3.14136 125.12
141.399 14.399 44.7539 3.13482 125.094
141.499 14.3626 44.7795 3.12828 125.068
141.599 14.3262 44.805 3.12172 125.043
141.699 14.2897 44.8305 3.11516 125.017
141.799 14.2533 44.8559 3.10858 124.992
141.899 14.2168 44.8813 3.10199 124.967
141.999 14.1804 44.9066 3.09539 124.941
142.099 14.1439 44.9318 3.08877 124.916
142.199 14.1074 44.957 3.08215 124.891
142.299 14.0709 44.9821 3.07551 124.866
142.399 14.0345 45.0072 3.06887 124.841
142.499 13.998 45.0322 3.06221 124.816
142.6 13.9615 45.0572 3.05554 124.791
142.7 13.9249 45.0821 3.04886 124.766
142.8 13.8884 45.1069 3.04217 124.741
142.9 13.8519 45.1317 3.03546 124.716
143 13.8154 45.1565 3.02875 124.691
143.1 13.7788 45.1811 3.02202 124.667
143.2 13.7423 45.2058 3.01529 124.642
143.3 13.7057 45.2303 3.00854 124.618
143.4 13.6692 45.2548 3.00178 124.593
143.5 13.6326 45.2793 2.99501 124.569
143.6 13.596 45.3037 2.98823 124.544
143.7 13.5595 45.328 2.98143 124.52
143.8 13.5229 45.3523 2.97463 124.496
143.9 13.4863 45.3765 2.96782 124.471
144 13.4497 45.4006 2.96099 124.447
144.1 13.4131 45.4247 2.95415 124.423
144.2 13.3765 45.4488 2.94731 124.399
144.3 13.3399 45.4728 2.94045 124.375
144.4 13.3032 45.4967 2.93358 124.351
144.5 13.2666 45.5205 2.9267 124.327
144.6 13.23 45.5444 2.91981 124.304
144.7 13.1933 45.5681 2.9129 124.28
144.8 13.1567 45.5918 2.90599 124.256
144.9 13.12 45.6154 2.89907 124.233
145 13.0833 45.639 2.89213 124.209
145.1 13.0467 45.6625 2.88519 124.185
145.2 13.01 45.686 2.87823 124.162
145.3 12.9733 45.7094 2.87127 124.139
145.4 12.9366 45.7327 2.86429 124.115
145.5 12.8999 45.756 2.8573 124.092
145.6 12.8632 45.7792 2.8503 124.069
145.7 12.8265 45.8024 2.84329 124.046
145.8 12.7898 45.8255 2.83627 124.022
145.9 12.7531 45.8485 2.82924 123.999
146 12.7163 45.8715 2.8222 123.976
146.1 12.6796 45.8944 2.81515 123.954
146.2 12.6429 45.9173 2.80809 123.931
146.3 12.6061 45.9401 2.80102 123.908
146.4 12.5694 45.9628 2.79393 123.885
146.5 12.5326 45.9855 2.78684 123.862
146.6 12.4958 46.0082 2.77974 123.84
146.7 12.4591 46.0307 2.77262 123.817
146.8 12.4223 46.0532 2.7655 123.795
146.9 12.3855 46.0757 2.75836 123.772
147 12.3487 46.0981 2.75122 123.75
147.1 12.3119 46.1204 2.74406 123.728
147.2 12.2751 46.1427 2.7369 123.705
147.3 12.2383 46.1649 2.72972 123.683
147.4 12.2015 46.187 2.72253 123.661
147.5 12.1647 46.2091 2.71534 123.639
147.6 12.1279 46.2311 2.70813 123.617
147.7 12.091 46.2531 2.70091 123.595
147.8 12.0542 46.275 2.69369 123.573
147.9 12.0174 46.2968 2.68645 123.551
148 11.9805 46.3186 2.6792 123.529
148.1 11.9437 46.3403 2.67195 123.508
148.2 11.9068 46.362 2.66468 123.486
148.3 11.8699 46.3836 2.6574 123.464
148.4 11.8331 46.4051 2.65011 123.443
148.5 11.7962 46.4266 2.64282 123.421
148.6 11.7593 46.448 2.63551 123.4
148.7 11.7224 46.4694 2.62819 123.379
148.8 11.6855 46.4907 2.62087 123.357
148.9 11.6486 46.5119 2.61353 123.336
149 11.6117 46.5331 2.60618 123.315
149.1 11.5748 46.5542 2.59883 123.294
149.2 11.5379 46.5753 2.59146 123.273
149.3 11.501 46.5962 2.58409 123.252
149.4 11.464 46.6172 2.5767 123.231
149.5 11.4271 46.638 2.5693 123.21
149.6 11.3902 46.6588 2.5619 123.189
149.7 11.3532 46.6796 2.55449 123.168
149.8 11.3163 46.7003 2.54706 123.148
149.9 11.2793 46.7209 2.53963 123.127
150 11.2424 46.7414 2.53218 123.107
150.1 11.2054 46.7619 2.52473 123.086
150.2 11.1684 46.7824 2.51727 123.066
150.3 11.1315 46.8027 2.5098 123.045
150.4 11.0945 46.823 2.50232 123.025
150.5 11.0575 46.8433 2.49482 123.005
150.6 11.0205 46.8635 2.48732 122.985
150.7 10.9835 46.8836 2.47981 122.964
150.8 10.9465 46.9036 2.4723 122.944
150.9 10.9095 46.9236 2.46477 122.924
151 10.8725 46.9436 2.45723 122.904
151.1 10.8355 46.9634 2.44968 122.885
151.2 10.7984 46.9832 2.44213 122.865
151.3 10.7614 47.003 2.43456 122.845
151.4 10.7244 47.0227 2.42699 122.825
151.5 10.6873 47.0423 2.4194 122.806
151.6 10.6503 47.0618 2.41181 122.786
151.7 10.6133 47.0813 2.40421 122.767
151.8 10.5762 47.1008 2.3966 122.747
151.9 10.5391 47.1201 2.38898 122.728
152 10.5021 47.1394 2.38135 122.709
152.1 10.465 47.1587 2.37371 122.689
152.2 10.4279 47.1778 2.36606 122.67
152.3 10.3909 47.1969 2.35841 122.651
152.4 10.3538 47.216 2.35074 122.632
152.5 10.3167 47.235 2.34307 122.613
152.6 10.2796 47.2539 2.33538 122.594
152.7 10.2425 47.2728 2.32769 122.575
152.8 10.2054 47.2916 2.31999 122.556
152.9 10.1683 47.3103 2.31228 122.538
153 10.1312 47.329 2.30456 122.519
153.1 10.0941 47.3476 2.29684 122.5
153.2 10.057 47.3661 2.2891 122.482
153.3 10.0198 47.3846 2.28135 122.463
153.4 9.98271 47.403 2.2736 122.445
153.5 9.94558 47.4213 2.26584 122.427
153.6 9.90844 47.4396 2.25807 122.408
153.7 9.87129 47.4578 2.25029 122.39
153.8 9.83415 47.476 2.2425 122.372
153.9 9.79699 47.4941 2.23471 122.354
154 9.75984 47.5121 2.2269 122.336
154.1 9.72268 47.5301 2.21909 122.318
154.2 9.68551 47.548 2.21127 122.3
154.3 9.64834 47.5658 2.20344 122.282
154.4 9.61117 47.5836 2.1956 122.264
154.5 9.57399 47.6013 2.18775 122.247
154.6 9.5368 47.6189 2.1799 122.229
154.7 9.49962 47.6365 2.17203 122.211
154.8 9.46242 47.654 2.16416 122.194
154.9 9.42523 47.6714 2.15628 122.177
155 9.38803 47.6888 2.14839 122.159
155.1 9.35082 47.7061 2.1405 122.142
155.2 9.31361 47.7234 2.13259 122.125
155.3 9.2764 47.7406 2.12468 122.107
155.4 9.23918 47.7577 2.11676 122.09
155.5 9.20196 47.7748 2.10883 122.073
155.6 9.16473 47.7917 2.10089 122.056
155.7 9.1275 47.8087 2.09295 122.039
155.8 9.09026 47.8255 2.085 122.022
155.9 9.05302 47.8423 2.07704 122.006
156 9.01578 47.859 2.06907 121.989
156.1 8.97853 47.8757 2.06109 121.972
156.2 8.94128 47.8923 2.05311 121.956
156.3 8.90403 47.9088 2.04511 121.939
156.4 8.86677 47.9253 2.03711 121.923
156.5 8.8295 47.9417 2.0291 121.906
156.6 8.79223 47.958 2.02109 121.89
156.7 8.75496 47.9743 2.01307 121.874
156.8 8.71769 47.9905 2.00503 121.857
156.9 8.68041 48.0067 1.99699 121.841
157 8.64312 48.0227 1.98895 121.825
157.1 8.60583 48.0387 1.98089 121.809
157.2 8.56854 48.0547 1.97283 121.793
157.3 8.53125 48.0705 1.96476 121.777
157.4 8.49395 48.0864 1.95669 121.762
157.5 8.45664 48.1021 1.9486 121.746
157.6 8.41934 48.1178 1.94051 121.73
157.7 8.38202 48.1334 1.93241 121.715
157.8 8.34471 48.1489 1.9243 121.699
157.9 8.30739 48.1644 1.91619 121.684
158 8.27007 48.1798 1.90807 121.668
158.1 8.23274 48.1951 1.89994 121.653
158.2 8.19541 48.2104 1.8918 121.638
158.3 8.15808 48.2256 1.88366 121.622
158.4 8.12074 48.2408 1.87551 121.607
158.5 8.0834 48.2559 1.86735 121.592
158.6 8.04606 48.2709 1.85919 121.577
158.7 8.00871 48.2858 1.85101 121.562
158.8 7.97136 48.3007 1.84284 121.547
158.9 7.934 48.3155 1.83465 121.532
159.001 7.89664 48.3302 1.82646 121.518
159.101 7.85928 48.3449 1.81825 121.503
159.201 7.82191 48.3595 1.81005 121.488
159.301 7.78454 48.3741 1.80183 121.474
159.401 7.74717 48.3885 1.79361 121.459
159.501 7.70979 48.403 1.78538 121.445
159.601 7.67241 48.4173 1.77715 121.431
159.701 7.63503 48.4316 1.76891 121.416
159.801 7.59764 48.4458 1.76066 121.402
159.901 7.56025 48.4599 1.7524 121.388
160.001 7.52286 48.474 1.74414 121.374
160.101 7.48546 48.488 1.73587 121.36
160.201 7.44806 48.5019 1.7276 121.346
160.301 7.41065 48.5158 1.71931 121.332
160.401 7.37325 48.5296 1.71102 121.318
160.501 7.33583 48.5433 1.70273 121.305
160.601 7.29842 48.557 1.69443 121.291
160.701 7.261 48.5706 1.68612 121.277
160.801 7.22358 48.5841 1.6778 121.264
160.901 7.18616 48.5976 1.66948 121.25
161.001 7.14873 48.611 1.66115 121.237
161.101 7.1113 48.6243 1.65282 121.224
161.201 7.07387 48.6376 1.64448 121.21
161.301 7.03643 48.6508 1.63613 121.197
161.401 6.99899 48.6639 1.62778 121.184
161.501 6.96155 48.677 1.61942 121.171
161.601 6.9241 48.69 1.61105 121.158
161.701 6.88665 48.7029 1.60268 121.145
161.801 6.8492 48.7157 1.5943 121.132
161.901 6.81175 48.7285 1.58592 121.119
162.001 6.77429 48.7413 1.57753 121.107
162.101 6.73683 48.7539 1.56913 121.094
162.201 6.69936 48.7665 1.56073 121.081
162.301 6.6619 48.779 1.55232 121.069
162.401 6.62443 48.7914 1.5439 121.057
162.501 6.58695 48.8038 1.53548 121.044
162.601 6.54948 48.8161 1.52705 121.032
162.701 6.512 48.8284 1.51862 121.02
162.801 6.47452 48.8405 1.51018 121.007
162.901 6.43703 48.8526 1.50174 120.995
163.001 6.39954 48.8647 1.49329 120.983
163.101 6.36205 48.8766 1.48483 120.971
163.201 6.32456 48.8885 1.47637 120.959
163.301 6.28706 48.9004 1.4679 120.948
163.401 6.24956 48.9121 1.45943 120.936
163.501 6.21206 48.9238 1.45095 120.924
163.601 6.17456 48.9355 1.44247 120.913
163.701 6.13705 48.947 1.43398 120.901
163.801 6.09954 48.9585 1.42548 120.889
163.901 6.06203 48.9699 1.41698 120.878
164.001 6.02451 48.9813 1.40847 120.867
164.101 5.987 48.9925 1.39996 120.855
164.201 5.94947 49.0037 1.39144 120.844
164.301 5.91195 49.0149 1.38292 120.833
164.401 5.87443 49.026 1.37439 120.822
164.501 5.8369 49.037 1.36586 120.811
164.601 5.79937 49.0479 1.35732 120.8
164.701 5.76183 49.0588 1.34877 120.789
164.801 5.7243 49.0696 1.34022 120.778
164.901 5.68676 49.0803 1.33167 120.768
165.001 5.64922 49.0909 1.32311 120.757
165.101 5.61167 49.1015 1.31455 120.746
165.201 5.57413 49.1121 1.30598 120.736
165.301 5.53658 49.1225 1.2974 120.725
165.401 5.49903 49.1329 1.28882 120.715
165.501 5.46147 49.1432 1.28023 120.705
165.601 5.42392 49.1534 1.27164 120.695
165.701 5.38636 49.1636 1.26305 120.684
165.801 5.3488 49.1737 1.25445 120.674
165.901 5.31124 49.1838 1.24584 120.664
166.001 5.27367 49.1937 1.23723 120.654
166.101 5.2361 49.2036 1.22862 120.644
166.201 5.19853 49.2134 1.22 120.635
166.301 5.16096 49.2232 1.21138 120.625
166.401 5.12339 49.2329 1.20275 120.615
166.501 5.08581 49.2425 1.19411 120.605
166.601 5.04823 49.252 1.18548 120.596
166.701 5.01065 49.2615 1.17683 120.586
166.801 4.97307 49.2709 1.16819 120.577
166.901 4.93548 49.2803 1.15953 120.568
167.001 4.89789 49.2895 1.15088 120.558
167.101 4.8603 49.2987 1.14222 120.549
167.201 4.82271 49.3079 1.13355 120.54
167.301 4.78512 49.3169 1.12488 120.531
167.401 4.74752 49.3259 1.11621 120.522
167.501 4.70992 49.3348 1.10753 120.513
167.601 4.67232 49.3437 1.09885 120.504
167.701 4.63472 49.3525 1.09016 120.496
167.801 4.59711 49.3612 1.08147 120.487
167.901 4.55951 49.3698 1.07277 120.478
168.001 4.5219 49.3784 1.06407 120.47
168.101 4.48429 49.3869 1.05537 120.461
168.201 4.44668 49.3953 1.04666 120.453
168.301 4.40906 49.4037 1.03795 120.444
168.401 4.37145 49.4119 1.02923 120.436
168.501 4.33383 49.4202 1.02051 120.428
168.601 4.29621 49.4283 1.01179 120.42
168.701 4.25859 49.4364 1.00306 120.412
168.801 4.22096 49.4444 0.99433 120.404
168.901 4.18334 49.4523 0.985595 120.396
169.001 4.14571 49.4602 0.976855 120.388
169.101 4.10808 49.468 0.968112 120.38
169.201 4.07045 49.4757 0.959364 120.372
169.301 4.03282 49.4834 0.950613 120.365
169.401 3.99518 49.491 0.941859 120.357
169.501 3.95754 49.4985 0.933101 120.349
169.601 3.91991 49.5059 0.924339 120.342
169.701 3.88227 49.5133 0.915573 120.335
169.801 3.84463 49.5206 0.906804 120.327
169.901 3.80698 49.5278 0.898031 120.32
170.001 3.76934 49.535 0.889255 120.313
170.101 3.73169 49.5421 0.880475 120.306
170.201 3.69404 49.5491 0.871692 120.299
170.301 3.65639 49.5561 0.862906 120.292
170.401 3.61874 49.5629 0.854116 120.285
170.501 3.58109 49.5698 0.845323 120.278
170.601 3.54343 49.5765 0.836526 120.271
170.701 3.50578 49.5832 0.827727 120.265
170.801 3.46812 49.5898 0.818924 120.258
170.901 3.43046 49.5963 0.810117 120.252
171.001 3.3928 49.6027 0.801308 120.245
171.101 3.35514 49.6091 0.792495 120.239
171.201 3.31748 49.6154 0.78368 120.233
171.301 3.27981 49.6217 0.774861 120.226
171.401 3.24215 49.6279 0.76604 120.22
171.501 3.20448 49.634 0.757215 120.214
171.601 3.16681 49.64 0.748387 120.208
171.701 3.12914 49.6459 0.739557 120.202
171.801 3.09147 49.6518 0.730723 120.196
171.901 3.05379 49.6577 0.721887 120.19
172.001 3.01612 49.6634 0.713048 120.185
172.101 2.97844 49.6691 0.704206 120.179
172.201 2.94077 49.6747 0.695361 120.173
172.301 2.90309 49.6802 0.686514 120.168
172.401 2.86541 49.6857 0.677664 120.162
172.501 2.82773 49.6911 0.668811 120.157
172.601 2.79005 49.6964 0.659956 120.152
172.701 2.75236 49.7016 0.651098 120.146
172.801 2.71468 49.7068 0.642237 120.141
172.901 2.67699 49.7119 0.633374 120.136
173.001 2.6393 49.717 0.624509 120.131
173.101 2.60162 49.7219 0.615641 120.126
173.201 2.56393 49.7268 0.60677 120.121
173.301 2.52624 49.7317 0.597898 120.116
173.401 2.48855 49.7364 0.589023 120.112
173.501 2.45085 49.7411 0.580145 120.107
173.601 2.41316 49.7457 0.571266 120.102
173.701 2.37547 49.7502 0.562384 120.098
173.801 2.33777 49.7547 0.5535 120.093
173.901 2.30007 49.7591 0.544614 120.089
174.001 2.26238 49.7634 0.535725 120.085
174.101 2.22468 49.7677 0.526835 120.08
174.201 2.18698 49.7719 0.517942 120.076
174.301 2.14928 49.776 0.509048 120.072
174.401 2.11158 49.78 0.500151 120.068
174.501 2.07388 49.784 0.491253 120.064
174.601 2.03617 49.7879 0.482352 120.06
174.701 1.99847 49.7917 0.47345 120.056
174.801 1.96076 49.7955 0.464546 120.052
174.901 1.92306 49.7991 0.45564 120.049
175.001 1.88535 49.8028 0.446732 120.045
175.101 1.84764 49.8063 0.437823 120.042
175.201 1.80994 49.8098 0.428911 120.038
175.301 1.77223 49.8132 0.419999 120.035
175.402 1.73452 49.8165 0.411084 120.031
175.502 1.69681 49.8198 0.402168 120.028
175.602 1.6591 49.8229 0.39325 120.025
175.702 1.62138 49.826 0.384331 120.022
175.802 1.58367 49.8291 0.37541 120.019
175.902 1.54596 49.8321 0.366488 120.016
176.002 1.50824 49.835 0.357564 120.013
176.102 1.47053 49.8378 0.348639 120.01
176.202 1.43281 49.8405 0.339712 120.007
176.302 1.3951 49.8432 0.330785 120.005
176.402 1.35738 49.8458 0.321856 120.002
176.502 1.31966 49.8484 0.312925 120
176.602 1.28195 49.8508 0.303994 119.997
176.702 1.24423 49.8532 0.295061 119.995
176.802 1.20651 49.8556 0.286127 119.992
176.902 1.16879 49.8578 0.277192 119.99
177.002 1.13107 49.86 0.268256 119.988
177.102 1.09335 49.8621 0.259319 119.986
177.202 1.05563 49.8642 0.25038 119.984
177.302 1.01791 49.8661 0.241441 119.982
177.402 0.980188 49.868 0.232501 119.98
177.502 0.942466 49.8698 0.22356 119.978
177.602 0.904743 49.8716 0.214618 119.976
177.702 0.867021 49.8733 0.205675 119.975
177.802 0.829297 49.8749 0.196732 119.973
177.902 0.791574 49.8764 0.187787 119.972
178.002 0.75385 49.8779 0.178842 119.97
178.102 0.716126 49.8793 0.169897 119.969
178.202 0.678401 49.8806 0.16095 119.967
178.302 0.640677 49.8819 0.152003 119.966
178.402 0.602952 49.883 0.143055 119.965
178.502 0.565226 49.8842 0.134107 119.964
178.602 0.527501 49.8852 0.125158 119.963
178.702 0.489775 49.8862 0.116209 119.962
178.802 0.452049 49.8871 0.107259 119.961
178.902 0.414323 49.8879 0.0983093 119.96
179.002 0.376596 49.8886 0.0893588 119.959
179.102 0.33887 49.8893 0.0804079 119.959
179.202 0.301143 49.8899 0.0714568 119.958
179.302 0.263416 49.8905 0.0625053 119.958
179.402 0.22569 49.8909 0.0535536 119.957
179.502 0.187963 49.8913 0.0446017 119.957
179.602 0.150235 49.8916 0.0356496 119.956
179.702 0.112508 49.8919 0.0266974 119.956
179.802 0.0747811 49.8921 0.017745 119.956
179.902 0.0370538 49.8922 0.00879264 119.956
