0 3.41176e-14 0.796988 0 185.379
0.1 0.486219 0.797057 0.0142448 185.379
0.2 0.972344 0.797265 0.0284897 185.378
0.3 1.45828 0.797612 0.0427344 185.378
0.4 1.94394 0.798097 0.0569791 185.378
0.5 2.42923 0.798721 0.0712237 185.377
0.6 2.91405 0.799483 0.0854681 185.376
0.7 3.39832 0.800384 0.0997124 185.375
0.8 3.88194 0.801424 0.113957 185.374
0.9 4.36482 0.802602 0.1282 185.373
1 4.84687 0.803919 0.142444 185.372
1.1 5.328 0.805374 0.156687 185.37
1.2 5.80813 0.806968 0.170931 185.369
1.3 6.28717 0.808701 0.185173 185.367
1.4 6.76503 0.810572 0.199416 185.365
1.5 7.24162 0.812582 0.213658 185.363
1.6 7.71687 0.81473 0.2279 185.361
1.7 8.19069 0.817017 0.242141 185.359
1.8 8.66301 0.819442 0.256382 185.356
1.9 9.13373 0.822006 0.270622 185.354
2 9.60278 0.824708 0.284862 185.351
2.1 10.0701 0.827549 0.299101 185.348
2.2 10.5356 0.830529 0.31334 185.345
2.3 10.9992 0.833647 0.327578 185.342
2.4 11.4608 0.836904 0.341815 185.339
2.5 11.9205 0.840299 0.356052 185.335
2.6 12.378 0.843832 0.370289 185.332
2.7 12.8333 0.847504 0.384524 185.328
2.8 13.2864 0.851315 0.398759 185.324
2.9 13.7373 0.855264 0.412993 185.32
3 14.1858 0.859351 0.427226 185.316
3.1 14.6318 0.863577 0.441459 185.312
3.2 15.0755 0.867941 0.455691 185.308
3.3 15.5166 0.872443 0.469922 185.303
3.4 15.9551 0.877084 0.484152 185.299
3.5 16.391 0.881864 0.498381 185.294
3.6 16.8242 0.886781 0.512609 185.289
3.7 17.2548 0.891837 0.526836 185.284
3.8 17.6825 0.897032 0.541062 185.279
3.9 18.1075 0.902364 0.555288 185.273
4 18.5297 0.907835 0.569512 185.268
4.1 18.9489 0.913445 0.583735 185.262
4.2 19.3653 0.919192 0.597957 185.256
4.3 19.7787 0.925078 0.612178 185.251
4.4 20.1891 0.931102 0.626398 185.245
4.5 20.5966 0.937264 0.640616 185.238
4.6 21.001 0.943565 0.654834 185.232
4.7 21.4023 0.950003 0.66905 185.226
4.8 21.8006 0.95658 0.683265 185.219
4.9 22.1957 0.963295 0.697479 185.212
5 22.5877 0.970147 0.711691 185.206
5.1 22.9766 0.977138 0.725902 185.199
5.2 23.3623 0.984268 0.740112 185.191
5.3 23.7449 0.991535 0.754321 185.184
5.4 24.1242 0.99894 0.768528 185.177
5.5 24.5004 1.00648 0.782733 185.169
5.6 24.8733 1.01416 0.796937 185.162
5.7 25.243 1.02198 0.81114 185.154
5.8 25.6095 1.02994 0.825341 185.146
5.9 25.9727 1.03804 0.839541 185.138
6 26.3327 1.04627 0.853739 185.129
6.1 26.6895 1.05464 0.867935 185.121
6.2 27.043 1.06315 0.88213 185.113
6.3 27.3932 1.07179 0.896323 185.104
6.4 27.7403 1.08058 0.910515 185.095
6.5 28.084 1.0895 0.924705 185.086
6.6 28.4246 1.09856 0.938893 185.077
6.7 28.7619 1.10776 0.953079 185.068
6.8 29.096 1.11709 0.967264 185.059
6.9 29.4268 1.12656 0.981446 185.049
7 29.7545 1.13617 0.995627 185.04
7.1 30.0789 1.14592 1.00981 185.03
7.2 30.4001 1.15581 1.02398 185.02
7.3 30.7182 1.16583 1.03816 185.01
7.4 31.033 1.17599 1.05233 185
7.5 31.3447 1.18629 1.0665 184.989
7.6 31.6533 1.19672 1.08067 184.979
7.7 31.9587 1.2073 1.09484 184.968
7.79999 32.261 1.21801 1.10901 184.958
7.89999 32.5602 1.22885 1.12317 184.947
7.99999 32.8563 1.23984 1.13733 184.936
8.09999 33.1493 1.25096 1.15149 184.925
8.2 33.4393 1.26222 1.16565 184.913
8.3 33.7262 1.27361 1.1798 184.902
8.4 34.0101 1.28515 1.19395 184.891
8.5 34.291 1.29682 1.2081 184.879
8.6 34.569 1.30863 1.22225 184.867
8.7 34.8439 1.32057 1.2364 184.855
8.8 35.1159 1.33265 1.25054 184.843
8.9 35.385 1.34487 1.26468 184.831
9 35.6512 1.35723 1.27882 184.818
9.1 35.9144 1.36972 1.29296 184.806
9.2 36.1749 1.38235 1.30709 184.793
9.3 36.4324 1.39512 1.32123 184.781
9.4 36.6872 1.40802 1.33535 184.768
9.5 36.9392 1.42106 1.34948 184.755
9.6 37.1884 1.43424 1.36361 184.741
9.7 37.4348 1.44755 1.37773 184.728
9.8 37.6785 1.461 1.39185 184.715
9.9 37.9195 1.47459 1.40596 184.701
10 38.1578 1.48831 1.42008 184.687
10.1 38.3934 1.50217 1.43419 184.674
10.2 38.6265 1.51616 1.4483 184.66
10.3 38.8568 1.5303 1.4624 184.645
10.4 39.0846 1.54457 1.47651 184.631
10.5 39.3099 1.55897 1.49061 184.617
10.6 39.5325 1.57351 1.5047 184.602
10.7 39.7527 1.58819 1.5188 184.587
10.8 39.9703 1.603 1.53289 184.573
10.9 40.1855 1.61795 1.54698 184.558
11 40.3983 1.63304 1.56107 184.543
11.1 40.6085 1.64826 1.57515 184.527
11.2 40.8164 1.66362 1.58923 184.512
11.3 41.0219 1.67912 1.60331 184.497
11.4 41.2251 1.69475 1.61738 184.481
11.5 41.4259 1.71051 1.63145 184.465
11.6 41.6244 1.72641 1.64552 184.449
11.7 41.8206 1.74245 1.65959 184.433
11.8 42.0145 1.75862 1.67365 184.417
11.9 42.2062 1.77493 1.68771 184.401
12 42.3956 1.79138 1.70176 184.384
12.1 42.5829 1.80796 1.71582 184.368
12.2 42.768 1.82468 1.72987 184.351
12.3 42.9509 1.84153 1.74391 184.334
12.4 43.1317 1.85851 1.75795 184.317
12.5 43.3104 1.87564 1.77199 184.3
12.6 43.487 1.89289 1.78603 184.283
12.7 43.6615 1.91029 1.80006 184.265
12.8 43.834 1.92781 1.81409 184.248
12.9 44.0044 1.94548 1.82812 184.23
13 44.1729 1.96328 1.84214 184.212
13.1 44.3394 1.98121 1.85616 184.194
13.2 44.5039 1.99928 1.87018 184.176
13.3 44.6664 2.01748 1.88419 184.158
13.4 44.8271 2.03582 1.8982 184.14
13.5 44.9858 2.05429 1.9122 184.121
13.6 45.1427 2.0729 1.92621 184.103
13.7 45.2977 2.09164 1.9402 184.084
13.8 45.4509 2.11052 1.9542 184.065
13.9 45.6022 2.12953 1.96819 184.046
14 45.7518 2.14868 1.98218 184.027
14.1 45.8995 2.16796 1.99616 184.008
14.2 46.0456 2.18737 2.01014 183.988
14.3 46.1898 2.20692 2.02412 183.969
14.4 46.3324 2.22661 2.03809 183.949
14.5 46.4732 2.24643 2.05206 183.929
14.6 46.6124 2.26638 2.06602 183.909
14.7 46.7499 2.28647 2.07998 183.889
14.8 46.8857 2.30669 2.09394 183.869
14.9 47.0199 2.32704 2.10789 183.849
15 47.1525 2.34753 2.12184 183.828
15.1 47.2835 2.36815 2.13578 183.808
15.2 47.413 2.38891 2.14972 183.787
15.3 47.5408 2.4098 2.16366 183.766
15.4 47.6672 2.43082 2.17759 183.745
15.5 47.792 2.45198 2.19152 183.724
15.6 47.9152 2.47327 2.20545 183.702
15.7 48.037 2.4947 2.21937 183.681
15.8 48.1574 2.51626 2.23328 183.659
15.9 48.2762 2.53795 2.24719 183.638
16 48.3936 2.55977 2.2611 183.616
16.1 48.5096 2.58173 2.27501 183.594
16.2 48.6242 2.60382 2.28891 183.572
16.3 48.7373 2.62605 2.3028 183.55
16.4 48.8491 2.6484 2.31669 183.527
16.5 48.9596 2.67089 2.33058 183.505
16.6 49.0686 2.69352 2.34446 183.482
16.7 49.1764 2.71627 2.35834 183.459
16.8 49.2828 2.73916 2.37221 183.437
16.9 49.3879 2.76218 2.38608 183.414
17 49.4917 2.78534 2.39994 183.39
17.1 49.5942 2.80863 2.4138 183.367
17.2 49.6955 2.83204 2.42765 183.344
17.3 49.7955 2.8556 2.44151 183.32
17.4 49.8943 2.87928 2.45535 183.296
17.5 49.9918 2.9031 2.46919 183.273
17.6 50.0882 2.92704 2.48303 183.249
17.7 50.1833 2.95113 2.49686 183.225
17.8 50.2772 2.97534 2.51069 183.2
17.9 50.37 2.99968 2.52451 183.176
18 50.4616 3.02416 2.53833 183.152
18.1 50.5521 3.04877 2.55214 183.127
18.2 50.6414 3.07351 2.56595 183.102
18.3 50.7297 3.09838 2.57975 183.077
18.4 50.8168 3.12338 2.59355 183.052
18.5 50.9028 3.14852 2.60734 183.027
18.6 50.9877 3.17379 2.62113 183.002
18.7 51.0715 3.19918 2.63491 182.977
18.8 51.1543 3.22471 2.64869 182.951
18.9 51.236 3.25037 2.66246 182.925
19 51.3167 3.27616 2.67623 182.9
19.1 51.3964 3.30209 2.69 182.874
19.2 51.475 3.32814 2.70375 182.848
19.3 51.5526 3.35432 2.71751 182.821
19.4 51.6292 3.38064 2.73125 182.795
19.5 51.7049 3.40709 2.745 182.769
19.6 51.7796 3.43366 2.75873 182.742
19.7 51.8533 3.46037 2.77247 182.715
19.8 51.926 3.48721 2.78619 182.688
19.9 51.9978 3.51418 2.79992 182.662
20 52.0686 3.54127 2.81363 182.634
20.1 52.1386 3.5685 2.82734 182.607
20.2 52.2076 3.59586 2.84105 182.58
20.3 52.2757 3.62335 2.85475 182.552
20.4 52.3429 3.65097 2.86844 182.525
20.5 52.4093 3.67872 2.88213 182.497
20.6 52.4747 3.7066 2.89582 182.469
20.7 52.5393 3.73461 2.9095 182.441
20.8 52.603 3.76275 2.92317 182.413
20.9 52.6659 3.79101 2.93684 182.385
21 52.7279 3.81941 2.9505 182.356
21.1 52.7891 3.84794 2.96415 182.328
21.2 52.8494 3.87659 2.9778 182.299
21.3 52.909 3.90538 2.99145 182.27
21.4 52.9677 3.93429 3.00509 182.241
21.5 53.0256 3.96334 3.01872 182.212
21.6 53.0828 3.99251 3.03235 182.183
21.7 53.1391 4.02181 3.04597 182.154
21.8 53.1947 4.05124 3.05959 182.124
21.9 53.2495 4.0808 3.0732 182.095
22 53.3036 4.11049 3.0868 182.065
22.1 53.3569 4.1403 3.1004 182.035
22.2 53.4095 4.17025 3.11399 182.005
22.3 53.4613 4.20032 3.12758 181.975
22.4 53.5124 4.23052 3.14116 181.945
22.5 53.5627 4.26085 3.15474 181.915
22.6 53.6124 4.29131 3.16831 181.884
22.7001 53.6613 4.32189 3.18187 181.854
22.8001 53.7095 4.35261 3.19542 181.823
22.9001 53.7571 4.38345 3.20897 181.792
23.0001 53.8039 4.41442 3.22252 181.761
23.1001 53.8501 4.44551 3.23606 181.73
23.2001 53.8956 4.47673 3.24959 181.699
23.3001 53.9405 4.50809 3.26312 181.668
23.4001 53.9846 4.53956 3.27664 181.636
23.5001 54.0282 4.57117 3.29015 181.605
23.6001 54.071 4.6029 3.30366 181.573
23.7001 54.1133 4.63476 3.31716 181.541
23.8001 54.1548 4.66675 3.33065 181.509
23.9001 54.1958 4.69886 3.34414 181.477
24.0001 54.2362 4.7311 3.35762 181.445
24.1001 54.2759 4.76347 3.3711 181.412
24.2001 54.315 4.79596 3.38456 181.38
24.3001 54.3535 4.82858 3.39803 181.347
24.4001 54.3914 4.86133 3.41148 181.314
24.5001 54.4287 4.8942 3.42493 181.281
24.6001 54.4655 4.9272 3.43837 181.248
24.7001 54.5016 4.96032 3.45181 181.215
24.8001 54.5372 4.99358 3.46524 181.182
24.9001 54.5722 5.02695 3.47866 181.149
25.0001 54.6066 5.06045 3.49208 181.115
25.1001 54.6405 5.09408 3.50549 181.082
25.2001 54.6738 5.12783 3.51889 181.048
25.3001 54.7066 5.16171 3.53229 181.014
25.4001 54.7388 5.19572 3.54567 180.98
25.5001 54.7705 5.22985 3.55906 180.946
25.6001 54.8016 5.2641 3.57243 180.912
25.7001 54.8322 5.29848 3.5858 180.877
25.8001 54.8623 5.33298 3.59916 180.843
25.9001 54.8919 5.36761 3.61252 180.808
26.0001 54.921 5.40237 3.62586 180.773
26.1001 54.9495 5.43725 3.63921 180.738
26.2001 54.9776 5.47225 3.65254 180.703
26.3001 55.0051 5.50738 3.66587 180.668
26.4001 55.0322 5.54263 3.67919 180.633
26.5001 55.0587 5.578 3.6925 180.598
26.6001 55.0848 5.6135 3.7058 180.562
26.7001 55.1104 5.64913 3.7191 180.527
26.8001 55.1355 5.68487 3.73239 180.491
26.9001 55.1601 5.72074 3.74568 180.455
27.0001 55.1843 5.75674 3.75895 180.419
27.1001 55.208 5.79286 3.77222 180.383
27.2001 55.2313 5.8291 3.78548 180.347
27.3001 55.254 5.86546 3.79874 180.31
27.4001 55.2764 5.90195 3.81199 180.274
27.5001 55.2983 5.93856 3.82523 180.237
27.6001 55.3197 5.9753 3.83846 180.2
27.7001 55.3407 6.01215 3.85168 180.164
27.8001 55.3613 6.04913 3.8649 180.127
27.9001 55.3814 6.08624 3.87811 180.089
28.0001 55.4011 6.12346 3.89132 180.052
28.1001 55.4204 6.16081 3.90451 180.015
28.2001 55.4392 6.19828 3.9177 179.977
28.3001 55.4577 6.23587 3.93088 179.94
28.4001 55.4757 6.27358 3.94405 179.902
28.5001 55.4933 6.31142 3.95722 179.864
28.6001 55.5105 6.34938 3.97037 179.826
28.7001 55.5273 6.38746 3.98352 179.788
28.8001 55.5437 6.42566 3.99666 179.75
28.9001 55.5597 6.46398 4.0098 179.712
29.0001 55.5754 6.50242 4.02292 179.673
29.1001 55.5906 6.54099 4.03604 179.635
29.2001 55.6054 6.57967 4.04915 179.596
29.3001 55.6199 6.61848 4.06226 179.557
29.4001 55.634 6.65741 4.07535 179.518
29.5001 55.6477 6.69646 4.08844 179.479
29.6001 55.661 6.73563 4.10152 179.44
29.7001 55.674 6.77492 4.11459 179.401
29.8001 55.6866 6.81433 4.12765 179.361
29.9001 55.6988 6.85386 4.1407 179.322
30.0001 55.7107 6.89351 4.15375 179.282
30.1001 55.7222 6.93328 4.16679 179.242
30.2001 55.7334 6.97317 4.17982 179.203
30.3001 55.7442 7.01318 4.19284 179.163
30.4001 55.7546 7.05331 4.20586 179.122
30.5001 55.7648 7.09356 4.21886 179.082
30.6001 55.7745 7.13393 4.23186 179.042
30.7001 55.784 7.17442 4.24485 179.001
30.8001 55.7931 7.21502 4.25783 178.961
30.9001 55.8018 7.25575 4.2708 178.92
31.0001 55.8103 7.2966 4.28377 178.879
31.1001 55.8184 7.33756 4.29672 178.838
31.2001 55.8262 7.37864 4.30967 178.797
31.3001 55.8336 7.41984 4.32261 178.756
31.4001 55.8408 7.46116 4.33554 178.715
31.5001 55.8476 7.5026 4.34846 178.673
31.6001 55.8541 7.54416 4.36138 178.632
31.7001 55.8603 7.58583 4.37428 178.59
31.8001 55.8662 7.62763 4.38718 178.548
31.9001 55.8717 7.66954 4.40007 178.506
32.0001 55.877 7.71156 4.41294 178.464
32.1001 55.882 7.75371 4.42581 178.422
32.2001 55.8866 7.79597 4.43868 178.38
32.3001 55.891 7.83835 4.45153 178.337
32.4001 55.8951 7.88085 4.46437 178.295
32.5001 55.8989 7.92346 4.47721 178.252
32.6001 55.9024 7.96619 4.49004 178.209
32.7001 55.9056 8.00904 4.50285 178.167
32.8001 55.9085 8.052 4.51566 178.124
32.9001 55.9111 8.09508 4.52846 178.081
33.0001 55.9135 8.13828 4.54125 178.037
33.1001 55.9156 8.1816 4.55404 177.994
33.2001 55.9174 8.22502 4.56681 177.951
33.3001 55.9189 8.26857 4.57957 177.907
33.4001 55.9201 8.31223 4.59233 177.863
33.5001 55.9211 8.35601 4.60507 177.82
33.6001 55.9218 8.3999 4.61781 177.776
33.7001 55.9223 8.44391 4.63054 177.732
33.8001 55.9225 8.48803 4.64326 177.688
33.9001 55.9224 8.53227 4.65597 177.643
34.0001 55.9221 8.57662 4.66867 177.599
34.1001 55.9215 8.62109 4.68136 177.555
34.2001 55.9206 8.66567 4.69404 177.51
34.3 55.9195 8.71037 4.70671 177.465
34.4 55.9182 8.75519 4.71938 177.421
34.5 55.9165 8.80011 4.73203 177.376
34.6 55.9147 8.84515 4.74468 177.331
34.7 55.9126 8.89031 4.75731 177.285
34.8 55.9102 8.93558 4.76994 177.24
34.9 55.9077 8.98096 4.78255 177.195
35 55.9048 9.02646 4.79516 177.149
35.1 55.9018 9.07207 4.80776 177.104
35.2 55.8985 9.11779 4.82034 177.058
35.3 55.8949 9.16363 4.83292 177.012
35.4 55.8912 9.20958 4.84549 176.966
35.5 55.8872 9.25564 4.85805 176.92
35.6 55.8829 9.30181 4.8706 176.874
35.7 55.8785 9.3481 4.88314 176.828
35.8 55.8738 9.3945 4.89567 176.781
35.9 55.8689 9.44102 4.90819 176.735
36 55.8637 9.48764 4.9207 176.688
36.1 55.8584 9.53438 4.9332 176.641
36.2 55.8528 9.58123 4.94569 176.594
36.3 55.847 9.62819 4.95817 176.547
36.4 55.841 9.67527 4.97064 176.5
36.5 55.8348 9.72245 4.9831 176.453
36.6 55.8283 9.76975 4.99555 176.406
36.7 55.8217 9.81715 5.00799 176.359
36.8 55.8148 9.86467 5.02043 176.311
36.9 55.8077 9.9123 5.03285 176.263
37 55.8005 9.96004 5.04526 176.216
37.1 55.793 10.0079 5.05766 176.168
37.2 55.7853 10.0559 5.07005 176.12
37.3 55.7774 10.1039 5.08243 176.072
37.4 55.7693 10.1521 5.0948 176.024
37.5 55.761 10.2004 5.10716 175.975
37.6 55.7525 10.2488 5.11951 175.927
37.7 55.7438 10.2973 5.13185 175.878
37.8 55.735 10.3459 5.14418 175.83
37.9 55.7259 10.3947 5.1565 175.781
38 55.7166 10.4435 5.16881 175.732
38.1 55.7072 10.4925 5.18111 175.683
38.2 55.6975 10.5415 5.19339 175.634
38.3 55.6877 10.5907 5.20567 175.585
38.4 55.6777 10.64 5.21794 175.536
38.5 55.6674 10.6894 5.23019 175.486
38.6 55.657 10.7388 5.24244 175.437
38.7 55.6465 10.7885 5.25468 175.387
38.8 55.6357 10.8382 5.2669 175.338
38.9 55.6248 10.888 5.27911 175.288
39 55.6136 10.9379 5.29132 175.238
39.1 55.6023 10.9879 5.30351 175.188
39.2 55.5909 11.0381 5.31569 175.138
39.3 55.5792 11.0883 5.32786 175.087
39.4 55.5674 11.1387 5.34002 175.037
39.5 55.5554 11.1892 5.35217 174.987
39.6 55.5432 11.2397 5.36431 174.936
39.7 55.5309 11.2904 5.37644 174.885
39.8 55.5184 11.3412 5.38856 174.835
39.9 55.5057 11.3921 5.40067 174.784
40 55.4928 11.4431 5.41276 174.733
40.1 55.4798 11.4942 5.42485 174.682
40.2 55.4666 11.5454 5.43692 174.63
40.3 55.4533 11.5967 5.44898 174.579
40.4 55.4398 11.6481 5.46103 174.528
40.5 55.4261 11.6996 5.47307 174.476
40.6 55.4123 11.7513 5.4851 174.424
40.7 55.3983 11.803 5.49712 174.373
40.7999 55.3842 11.8549 5.50913 174.321
40.8999 55.3698 11.9068 5.52112 174.269
40.9999 55.3554 11.9589 5.53311 174.217
41.0999 55.3408 12.011 5.54508 174.165
41.1999 55.326 12.0633 5.55704 174.112
41.2999 55.3111 12.1156 5.56899 174.06
41.3999 55.296 12.1681 5.58093 174.008
41.4999 55.2808 12.2207 5.59286 173.955
41.5999 55.2654 12.2734 5.60478 173.902
41.6999 55.2499 12.3261 5.61668 173.85
41.7999 55.2342 12.379 5.62858 173.797
41.8999 55.2184 12.432 5.64046 173.744
41.9999 55.2024 12.4851 5.65233 173.691
42.0999 55.1863 12.5383 5.66419 173.637
42.1999 55.17 12.5916 5.67603 173.584
42.2999 55.1536 12.645 5.68787 173.531
42.3999 55.1371 12.6985 5.69969 173.477
42.4999 55.1204 12.7521 5.71151 173.424
42.5999 55.1036 12.8058 5.72331 173.37
42.6999 55.0866 12.8596 5.7351 173.316
42.7999 55.0695 12.9135 5.74687 173.262
42.8999 55.0522 12.9675 5.75864 173.208
42.9999 55.0349 13.0216 5.77039 173.154
43.0999 55.0173 13.0759 5.78214 173.1
43.1999 54.9997 13.1302 5.79387 173.046
43.2999 54.9819 13.1846 5.80558 172.991
43.3999 54.964 13.2391 5.81729 172.937
43.4999 54.9459 13.2937 5.82898 172.882
43.5999 54.9278 13.3484 5.84067 172.827
43.6999 54.9094 13.4033 5.85234 172.772
43.7999 54.891 13.4582 5.86399 172.718
43.8999 54.8724 13.5132 5.87564 172.662
43.9999 54.8537 13.5683 5.88727 172.607
44.0999 54.8349 13.6235 5.8989 172.552
44.1999 54.8159 13.6789 5.9105 172.497
44.2999 54.7968 13.7343 5.9221 172.441
44.3999 54.7776 13.7898 5.93369 172.386
44.4999 54.7583 13.8454 5.94526 172.33
44.5999 54.7388 13.9011 5.95682 172.275
44.6999 54.7193 13.9569 5.96837 172.219
44.7999 54.6996 14.0129 5.9799 172.163
44.8999 54.6797 14.0689 5.99143 172.107
44.9999 54.6598 14.125 6.00294 172.051
45.0999 54.6397 14.1812 6.01444 171.995
45.1999 54.6195 14.2375 6.02592 171.938
45.2999 54.5992 14.2939 6.0374 171.882
45.3999 54.5788 14.3504 6.04886 171.825
45.4999 54.5583 14.407 6.06031 171.769
45.5999 54.5376 14.4637 6.07174 171.712
45.6999 54.5169 14.5205 6.08317 171.655
45.7999 54.496 14.5774 6.09458 171.598
45.8999 54.475 14.6343 6.10597 171.541
45.9999 54.4539 14.6914 6.11736 171.484
46.0999 54.4327 14.7486 6.12873 171.427
46.1999 54.4113 14.8059 6.14009 171.37
46.2999 54.3899 14.8632 6.15144 171.312
46.3999 54.3683 14.9207 6.16277 171.255
46.4999 54.3466 14.9783 6.17409 171.197
46.5999 54.3249 15.0359 6.1854 171.14
46.6999 54.303 15.0937 6.1967 171.082
46.7999 54.281 15.1515 6.20798 171.024
46.8999 54.2589 15.2095 6.21925 170.966
46.9999 54.2367 15.2675 6.23051 170.908
47.0999 54.2144 15.3256 6.24175 170.85
47.1999 54.192 15.3839 6.25298 170.792
47.2999 54.1694 15.4422 6.2642 170.734
47.3998 54.1468 15.5006 6.2754 170.675
47.4998 54.1241 15.5591 6.28659 170.617
47.5998 54.1012 15.6177 6.29777 170.558
47.6998 54.0783 15.6764 6.30893 170.499
47.7998 54.0553 15.7352 6.32008 170.441
47.8998 54.0321 15.7941 6.33122 170.382
47.9998 54.0089 15.853 6.34235 170.323
48.0998 53.9855 15.9121 6.35346 170.264
48.1998 53.9621 15.9713 6.36456 170.204
48.2998 53.9386 16.0305 6.37564 170.145
48.3998 53.9149 16.0899 6.38671 170.086
48.4998 53.8912 16.1493 6.39777 170.026
48.5998 53.8674 16.2088 6.40881 169.967
48.6998 53.8434 16.2684 6.41984 169.907
48.7998 53.8194 16.3282 6.43086 169.848
48.8998 53.7953 16.388 6.44186 169.788
48.9998 53.7711 16.4478 6.45285 169.728
49.0998 53.7468 16.5078 6.46383 169.668
49.1998 53.7224 16.5679 6.47479 169.608
49.2998 53.6979 16.6281 6.48574 169.548
49.3998 53.6733 16.6883 6.49668 169.487
49.4998 53.6486 16.7487 6.5076 169.427
49.5998 53.6239 16.8091 6.5185 169.367
49.6998 53.599 16.8696 6.5294 169.306
49.7998 53.574 16.9303 6.54028 169.245
49.8998 53.549 16.991 6.55114 169.185
49.9998 53.5239 17.0518 6.56199 169.124
50.0998 53.4986 17.1126 6.57283 169.063
50.1998 53.4733 17.1736 6.58366 169.002
50.2998 53.4479 17.2347 6.59447 168.941
50.3998 53.4225 17.2958 6.60526 168.88
50.4998 53.3969 17.3571 6.61604 168.819
50.5998 53.3712 17.4184 6.62681 168.757
50.6998 53.3455 17.4798 6.63756 168.696
50.7998 53.3197 17.5413 6.6483 168.634
50.8998 53.2937 17.6029 6.65903 168.573
50.9998 53.2678 17.6646 6.66974 168.511
51.0998 53.2417 17.7263 6.68044 168.449
51.1998 53.2155 17.7882 6.69112 168.388
51.2998 53.1893 17.8501 6.70179 168.326
51.3998 53.1629 17.9121 6.71244 168.264
51.4998 53.1365 17.9743 6.72308 168.201
51.5998 53.11 18.0364 6.7337 168.139
51.6998 53.0834 18.0987 6.74431 168.077
51.7998 53.0568 18.1611 6.75491 168.015
51.8998 53.03 18.2236 6.76549 167.952
51.9998 53.0032 18.2861 6.77606 167.89
52.0998 52.9763 18.3487 6.78661 167.827
52.1998 52.9494 18.4114 6.79715 167.764
52.2998 52.9223 18.4742 6.80767 167.701
52.3998 52.8952 18.5371 6.81818 167.639
52.4998 52.868 18.6001 6.82867 167.576
52.5998 52.8407 18.6631 6.83915 167.513
52.6998 52.8133 18.7263 6.84962 167.449
52.7998 52.7859 18.7895 6.86007 167.386
52.8998 52.7583 18.8528 6.8705 167.323
52.9998 52.7307 18.9162 6.88092 167.26
53.0998 52.7031 18.9796 6.89132 167.196
53.1998 52.6753 19.0432 6.90171 167.132
53.2998 52.6475 19.1068 6.91209 167.069
53.3998 52.6196 19.1705 6.92245 167.005
53.4998 52.5917 19.2343 6.93279 166.941
53.5998 52.5636 19.2982 6.94312 166.877
53.6998 52.5355 19.3622 6.95344 166.813
53.7998 52.5073 19.4262 6.96374 166.749
53.8997 52.4791 19.4904 6.97402 166.685
53.9997 52.4507 19.5546 6.98429 166.621
54.0997 52.4223 19.6189 6.99455 166.557
54.1997 52.3939 19.6832 7.00479 166.492
54.2997 52.3653 19.7477 7.01501 166.428
54.3997 52.3367 19.8122 7.02522 166.363
54.4997 52.308 19.8768 7.03541 166.299
54.5997 52.2793 19.9415 7.04559 166.234
54.6997 52.2505 20.0063 7.05575 166.169
54.7997 52.2216 20.0712 7.0659 166.105
54.8997 52.1926 20.1361 7.07603 166.04
54.9997 52.1636 20.2011 7.08615 165.975
55.0997 52.1345 20.2662 7.09625 165.909
55.1997 52.1054 20.3314 7.10633 165.844
55.2997 52.0761 20.3967 7.1164 165.779
55.3997 52.0468 20.462 7.12646 165.714
55.4997 52.0175 20.5274 7.1365 165.648
55.5997 51.9881 20.5929 7.14652 165.583
55.6997 51.9586 20.6585 7.15652 165.517
55.7997 51.929 20.7241 7.16652 165.452
55.8997 51.8994 20.7898 7.17649 165.386
55.9997 51.8697 20.8556 7.18645 165.32
56.0997 51.84 20.9215 7.1964 165.254
56.1997 51.8102 20.9875 7.20632 165.188
56.2997 51.7803 21.0535 7.21624 165.122
56.3997 51.7503 21.1196 7.22613 165.056
56.4997 51.7203 21.1858 7.23601 164.99
56.5997 51.6903 21.2521 7.24588 164.924
56.6997 51.6601 21.3184 7.25573 164.857
56.7997 51.63 21.3848 7.26556 164.791
56.8997 51.5997 21.4513 7.27537 164.724
56.9997 51.5694 21.5179 7.28517 164.658
57.0997 51.539 21.5845 7.29496 164.591
57.1997 51.5086 21.6513 7.30473 164.524
57.2997 51.4781 21.7181 7.31448 164.458
57.3997 51.4475 21.7849 7.32421 164.391
57.4997 51.4169 21.8519 7.33393 164.324
57.5997 51.3863 21.9189 7.34364 164.257
57.6997 51.3555 21.986 7.35332 164.19
57.7997 51.3247 22.0532 7.36299 164.123
57.8997 51.2939 22.1204 7.37265 164.055
57.9997 51.263 22.1877 7.38228 163.988
58.0997 51.232 22.2551 7.3919 163.921
58.1997 51.201 22.3226 7.40151 163.853
58.2997 51.1699 22.3901 7.4111 163.786
58.3997 51.1388 22.4577 7.42067 163.718
58.4997 51.1076 22.5254 7.43022 163.65
58.5997 51.0763 22.5931 7.43976 163.583
58.6997 51.045 22.661 7.44928 163.515
58.7997 51.0137 22.7289 7.45879 163.447
58.8997 50.9823 22.7968 7.46828 163.379
58.9997 50.9508 22.8649 7.47775 163.311
59.0997 50.9193 22.933 7.4872 163.243
59.1997 50.8877 23.0012 7.49664 163.175
59.2997 50.856 23.0694 7.50606 163.106
59.3997 50.8243 23.1377 7.51547 163.038
59.4997 50.7926 23.2061 7.52486 162.97
59.5997 50.7608 23.2746 7.53423 162.901
59.6997 50.7289 23.3431 7.54358 162.833
59.7997 50.697 23.4117 7.55292 162.764
59.8997 50.6651 23.4804 7.56224 162.695
59.9997 50.6331 23.5492 7.57154 162.627
60.0997 50.601 23.618 7.58082 162.558
60.1997 50.5689 23.6869 7.59009 162.489
60.2997 50.5367 23.7558 7.59934 162.42
60.3997 50.5045 23.8248 7.60858 162.351
60.4996 50.4722 23.8939 7.6178 162.282
60.5996 50.4399 23.9631 7.62699 162.213
60.6996 50.4075 24.0323 7.63618 162.143
60.7996 50.3751 24.1016 7.64534 162.074
60.8996 50.3426 24.1709 7.65449 162.005
60.9996 50.3101 24.2404 7.66362 161.935
61.0996 50.2775 24.3099 7.67273 161.866
61.1996 50.2449 24.3794 7.68183 161.796
61.2996 50.2122 24.4491 7.69091 161.727
61.3996 50.1795 24.5188 7.69997 161.657
61.4996 50.1467 24.5885 7.70901 161.587
61.5996 50.1139 24.6583 7.71804 161.517
61.6996 50.0811 24.7282 7.72704 161.447
61.7996 50.0481 24.7982 7.73604 161.377
61.8996 50.0152 24.8682 7.74501 161.307
61.9996 49.9822 24.9383 7.75396 161.237
62.0996 49.9491 25.0085 7.7629 161.167
62.1996 49.916 25.0787 7.77182 161.097
62.2996 49.8828 25.149 7.78072 161.027
62.3996 49.8496 25.2193 7.78961 160.956
62.4996 49.8164 25.2897 7.79847 160.886
62.5996 49.7831 25.3602 7.80732 160.815
62.6996 49.7497 25.4308 7.81615 160.745
62.7996 49.7164 25.5014 7.82496 160.674
62.8996 49.6829 25.572 7.83376 160.604
62.9996 49.6494 25.6428 7.84253 160.533
63.0996 49.6159 25.7136 7.85129 160.462
63.1996 49.5824 25.7844 7.86003 160.391
63.2996 49.5487 25.8553 7.86876 160.32
63.3996 49.5151 25.9263 7.87746 160.249
63.4996 49.4814 25.9974 7.88615 160.178
63.5996 49.4476 26.0685 7.89481 160.107
63.6996 49.4138 26.1396 7.90346 160.036
63.7996 49.38 26.2109 7.91209 159.965
63.8996 49.3461 26.2822 7.92071 159.894
63.9996 49.3122 26.3535 7.9293 159.822
64.0996 49.2782 26.4249 7.93788 159.751
64.1996 49.2442 26.4964 7.94644 159.679
64.2996 49.2102 26.5679 7.95498 159.608
64.3996 49.1761 26.6395 7.9635 159.536
64.4996 49.1419 26.7112 7.972 159.465
64.5996 49.1077 26.7829 7.98048 159.393
64.6996 49.0735 26.8547 7.98895 159.321
64.7996 49.0393 26.9265 7.9974 159.249
64.8996 49.005 26.9984 8.00582 159.177
64.9996 48.9706 27.0703 8.01423 159.105
65.0996 48.9362 27.1423 8.02263 159.033
65.1996 48.9018 27.2144 8.031 158.961
65.2996 48.8673 27.2865 8.03935 158.889
65.3996 48.8328 27.3587 8.04769 158.817
65.4996 48.7982 27.4309 8.056 158.745
65.5996 48.7637 27.5032 8.0643 158.672
65.6996 48.729 27.5756 8.07258 158.6
65.7996 48.6943 27.648 8.08084 158.528
65.8996 48.6596 27.7205 8.08908 158.455
65.9996 48.6249 27.793 8.0973 158.383
66.0996 48.5901 27.8656 8.1055 158.31
66.1996 48.5553 27.9382 8.11369 158.237
66.2996 48.5204 28.0109 8.12185 158.165
66.3996 48.4855 28.0837 8.13 158.092
66.4996 48.4505 28.1565 8.13812 158.019
66.5996 48.4155 28.2293 8.14623 157.946
66.6996 48.3805 28.3022 8.15432 157.873
66.7996 48.3454 28.3752 8.16239 157.8
66.8996 48.3103 28.4482 8.17043 157.727
66.9995 48.2752 28.5213 8.17846 157.654
67.0995 48.24 28.5945 8.18648 157.581
67.1995 48.2048 28.6676 8.19447 157.508
67.2995 48.1696 28.7409 8.20244 157.435
67.3995 48.1343 28.8142 8.21039 157.362
67.4995 48.0989 28.8875 8.21832 157.288
67.5995 48.0636 28.9609 8.22624 157.215
67.6995 48.0282 29.0344 8.23413 157.141
67.7995 47.9927 29.1079 8.24201 157.068
67.8995 47.9573 29.1814 8.24986 156.994
67.9995 47.9217 29.255 8.2577 156.921
68.0995 47.8862 29.3287 8.26551 156.847
68.1995 47.8506 29.4024 8.27331 156.773
68.2995 47.815 29.4762 8.28109 156.699
68.3995 47.7793 29.55 8.28884 156.626
68.4995 47.7436 29.6239 8.29658 156.552
68.5995 47.7079 29.6978 8.3043 156.478
68.6995 47.6722 29.7718 8.31199 156.404
68.7995 47.6364 29.8458 8.31967 156.33
68.8995 47.6005 29.9199 8.32733 156.256
68.9995 47.5647 29.994 8.33497 156.182
69.0995 47.5288 30.0681 8.34258 156.108
69.1995 47.4928 30.1424 8.35018 156.033
69.2995 47.4569 30.2166 8.35776 155.959
69.3995 47.4209 30.2909 8.36532 155.885
69.4995 47.3848 30.3653 8.37285 155.81
69.5995 47.3488 30.4397 8.38037 155.736
69.6995 47.3127 30.5142 8.38787 155.661
69.7995 47.2765 30.5887 8.39534 155.587
69.8995 47.2403 30.6633 8.4028 155.512
69.9995 47.2041 30.7379 8.41024 155.438
70.0995 47.1679 30.8125 8.41765 155.363
70.1995 47.1316 30.8872 8.42505 155.288
70.2995 47.0953 30.962 8.43242 155.214
70.3995 47.059 31.0368 8.43978 155.139
70.4995 47.0226 31.1116 8.44711 155.064
70.5995 46.9862 31.1865 8.45443 154.989
70.6995 46.9498 31.2614 8.46172 154.914
70.7995 46.9133 31.3364 8.46899 154.839
70.8995 46.8768 31.4114 8.47625 154.764
70.9995 46.8403 31.4865 8.48348 154.689
71.0995 46.8037 31.5616 8.49069 154.614
71.1995 46.7671 31.6368 8.49788 154.539
71.2995 46.7305 31.712 8.50505 154.464
71.3995 46.6939 31.7872 8.5122 154.388
71.4995 46.6572 31.8625 8.51933 154.313
71.5995 46.6205 31.9379 8.52644 154.238
71.6995 46.5837 32.0132 8.53352 154.162
71.7995 46.5469 32.0887 8.54059 154.087
71.8995 46.5101 32.1641 8.54763 154.012
71.9995 46.4733 32.2396 8.55466 153.936
72.0995 46.4364 32.3152 8.56166 153.86
72.1995 46.3995 32.3908 8.56864 153.785
72.2995 46.3626 32.4664 8.57561 153.709
72.3995 46.3256 32.5421 8.58255 153.634
72.4995 46.2886 32.6178 8.58947 153.558
72.5995 46.2516 32.6936 8.59636 153.482
72.6995 46.2145 32.7694 8.60324 153.406
72.7995 46.1775 32.8452 8.6101 153.33
72.8995 46.1404 32.9211 8.61693 153.255
72.9995 46.1032 32.9971 8.62374 153.179
73.0995 46.066 33.073 8.63054 153.103
73.1995 46.0288 33.149 8.63731 153.027
73.2995 45.9916 33.2251 8.64406 152.951
73.3995 45.9544 33.3012 8.65078 152.875
73.4995 45.9171 33.3773 8.65749 152.798
73.5994 45.8798 33.4535 8.66418 152.722
73.6994 45.8424 33.5297 8.67084 152.646
73.7994 45.8051 33.6059 8.67748 152.57
73.8994 45.7677 33.6822 8.6841 152.493
73.9994 45.7302 33.7585 8.6907 152.417
74.0994 45.6928 33.8349 8.69728 152.341
74.1994 45.6553 33.9113 8.70384 152.264
74.2994 45.6178 33.9877 8.71037 152.188
74.3994 45.5803 34.0642 8.71688 152.111
74.4994 45.5427 34.1407 8.72337 152.035
74.5994 45.5051 34.2173 8.72984 151.958
74.6994 45.4675 34.2939 8.73629 151.882
74.7994 45.4298 34.3705 8.74272 151.805
74.8994 45.3922 34.4471 8.74912 151.729
74.9994 45.3545 34.5238 8.7555 151.652
75.0994 45.3167 34.6006 8.76186 151.575
75.1994 45.279 34.6773 8.7682 151.498
75.2994 45.2412 34.7541 8.77452 151.422
75.3994 45.2034 34.831 8.78081 151.345
75.4994 45.1656 34.9079 8.78708 151.268
75.5994 45.1277 34.9848 8.79333 151.191
75.6994 45.0898 35.0617 8.79956 151.114
75.7994 45.0519 35.1387 8.80576 151.037
75.8994 45.014 35.2157 8.81195 150.96
75.9994 44.976 35.2927 8.81811 150.883
76.0994 44.938 35.3698 8.82425 150.806
76.1994 44.9 35.4469 8.83036 150.729
76.2994 44.862 35.5241 8.83646 150.652
76.3994 44.8239 35.6012 8.84253 150.574
76.4994 44.7858 35.6784 8.84858 150.497
76.5994 44.7477 35.7557 8.85461 150.42
76.6994 44.7095 35.833 8.86061 150.343
76.7994 44.6714 35.9103 8.86659 150.265
76.8994 44.6332 35.9876 8.87255 150.188
76.9994 44.595 36.065 8.87849 150.111
77.0994 44.5567 36.1424 8.8844 150.033
77.1994 44.5185 36.2198 8.8903 149.956
77.2994 44.4802 36.2973 8.89617 149.878
77.3994 44.4418 36.3748 8.90201 149.801
77.4994 44.4035 36.4523 8.90784 149.723
77.5994 44.3651 36.5298 8.91364 149.646
77.6994 44.3268 36.6074 8.91942 149.568
77.7994 44.2883 36.685 8.92517 149.491
77.8994 44.2499 36.7627 8.9309 149.413
77.9994 44.2114 36.8403 8.93661 149.335
78.0994 44.173 36.918 8.9423 149.258
78.1994 44.1345 36.9958 8.94796 149.18
78.2994 44.0959 37.0735 8.95361 149.102
78.3994 44.0574 37.1513 8.95922 149.024
78.4994 44.0188 37.2291 8.96482 148.947
78.5994 43.9802 37.3069 8.97039 148.869
78.6994 43.9416 37.3848 8.97594 148.791
78.7994 43.9029 37.4627 8.98147 148.713
78.8994 43.8642 37.5406 8.98697 148.635
78.9994 43.8255 37.6186 8.99245 148.557
79.0994 43.7868 37.6965 8.9979 148.479
79.1994 43.7481 37.7745 9.00334 148.401
79.2994 43.7093 37.8526 9.00875 148.323
79.3994 43.6705 37.9306 9.01413 148.245
79.4994 43.6317 38.0087 9.0195 148.167
79.5994 43.5929 38.0868 9.02484 148.089
79.6994 43.5541 38.1649 9.03015 148.011
79.7994 43.5152 38.2431 9.03545 147.933
79.8994 43.4763 38.3213 9.04071 147.854
79.9994 43.4374 38.3995 9.04596 147.776
80.0993 43.3984 38.4777 9.05118 147.698
80.1993 43.3595 38.5559 9.05638 147.62
80.2993 43.3205 38.6342 9.06156 147.541
80.3993 43.2815 38.7125 9.06671 147.463
80.4993 43.2424 38.7908 9.07184 147.385
80.5993 43.2034 38.8692 9.07694 147.307
80.6993 43.1643 38.9475 9.08202 147.228
80.7993 43.1252 39.0259 9.08708 147.15
80.8993 43.0861 39.1043 9.09211 147.071
80.9993 43.047 39.1828 9.09712 146.993
81.0993 43.0078 39.2612 9.1021 146.914
81.1993 42.9687 39.3397 9.10706 146.836
81.2993 42.9295 39.4182 9.112 146.758
81.3993 42.8902 39.4967 9.11691 146.679
81.4993 42.851 39.5752 9.1218 146.6
81.5993 42.8117 39.6538 9.12667 146.522
81.6993 42.7725 39.7324 9.13151 146.443
81.7993 42.7332 39.811 9.13633 146.365
81.8993 42.6938 39.8896 9.14112 146.286
81.9993 42.6545 39.9682 9.14589 146.207
82.0993 42.6151 40.0469 9.15063 146.129
82.1993 42.5757 40.1255 9.15535 146.05
82.2993 42.5363 40.2042 9.16005 145.971
82.3993 42.4969 40.283 9.16472 145.893
82.4993 42.4575 40.3617 9.16937 145.814
82.5993 42.418 40.4404 9.17399 145.735
82.6993 42.3785 40.5192 9.17859 145.656
82.7993 42.339 40.598 9.18317 145.578
82.8993 42.2995 40.6768 9.18772 145.499
82.9993 42.26 40.7556 9.19224 145.42
83.0993 42.2204 40.8344 9.19674 145.341
83.1993 42.1808 40.9133 9.20122 145.262
83.2993 42.1412 40.9922 9.20567 145.184
83.3993 42.1016 41.071 9.2101 145.105
83.4993 42.0619 41.1499 9.2145 145.026
83.5993 42.0223 41.2289 9.21888 144.947
83.6993 41.9826 41.3078 9.22323 144.868
83.7993 41.9429 41.3867 9.22756 144.789
83.8993 41.9032 41.4657 9.23186 144.71
83.9993 41.8635 41.5447 9.23614 144.631
84.0993 41.8237 41.6237 9.2404 144.552
84.1993 41.7839 41.7027 9.24462 144.473
84.2993 41.7441 41.7817 9.24883 144.394
84.3993 41.7043 41.8607 9.25301 144.315
84.4993 41.6645 41.9398 9.25716 144.236
84.5993 41.6247 42.0188 9.26129 144.157
84.6993 41.5848 42.0979 9.2654 144.078
84.7993 41.5449 42.177 9.26948 143.999
84.8993 41.505 42.2561 9.27353 143.92
84.9993 41.4651 42.3352 9.27756 143.84
85.0993 41.4251 42.4143 9.28156 143.761
85.1993 41.3852 42.4935 9.28554 143.682
85.2993 41.3452 42.5726 9.2895 143.603
85.3993 41.3052 42.6518 9.29342 143.524
85.4993 41.2652 42.7309 9.29733 143.445
85.5993 41.2252 42.8101 9.3012 143.366
85.6993 41.1851 42.8893 9.30506 143.286
85.7993 41.1451 42.9685 9.30888 143.207
85.8993 41.105 43.0477 9.31269 143.128
85.9993 41.0649 43.1269 9.31646 143.049
86.0993 41.0248 43.2062 9.32021 142.97
86.1993 40.9846 43.2854 9.32394 142.89
86.2993 40.9445 43.3647 9.32764 142.811
86.3993 40.9043 43.4439 9.33131 142.732
86.4993 40.8641 43.5232 9.33496 142.652
86.5993 40.8239 43.6025 9.33858 142.573
86.6992 40.7837 43.6818 9.34218 142.494
86.7992 40.7435 43.761 9.34575 142.415
86.8992 40.7032 43.8403 9.3493 142.335
86.9992 40.6629 43.9197 9.35282 142.256
87.0992 40.6226 43.999 9.35631 142.177
87.1992 40.5823 44.0783 9.35978 142.097
87.2992 40.542 44.1576 9.36322 142.018
87.3992 40.5017 44.237 9.36664 141.939
87.4992 40.4613 44.3163 9.37003 141.859
87.5992 40.4209 44.3956 9.3734 141.78
87.6992 40.3805 44.475 9.37674 141.701
87.7992 40.3401 44.5544 9.38005 141.621
87.8992 40.2997 44.6337 9.38334 141.542
87.9992 40.2593 44.7131 9.3866 141.463
88.0992 40.2188 44.7925 9.38983 141.383
88.1992 40.1784 44.8718 9.39304 141.304
88.2992 40.1379 44.9512 9.39622 141.224
88.3992 40.0974 45.0306 9.39938 141.145
88.4992 40.0568 45.11 9.40251 141.066
88.5992 40.0163 45.1894 9.40561 140.986
88.6992 39.9758 45.2688 9.40869 140.907
88.7992 39.9352 45.3482 9.41174 140.827
88.8992 39.8946 45.4276 9.41477 140.748
88.9992 39.854 45.507 9.41777 140.669
89.0992 39.8134 45.5864 9.42074 140.589
89.1992 39.7728 45.6658 9.42369 140.51
89.2992 39.7321 45.7452 9.4266 140.43
89.3992 39.6915 45.8246 9.4295 140.351
89.4992 39.6508 45.9041 9.43236 140.272
89.5992 39.6101 45.9835 9.4352 140.192
89.6992 39.5694 46.0629 9.43802 140.113
89.7992 39.5287 46.1423 9.4408 140.033
89.8992 39.4879 46.2217 9.44356 139.954
89.9992 39.4472 46.3012 9.4463 139.875
90.0992 39.4064 46.3806 9.449 139.795
90.1992 39.3656 46.46 9.45168 139.716
90.2992 39.3248 46.5394 9.45434 139.636
90.3992 39.284 46.6188 9.45696 139.557
90.4992 39.2432 46.6982 9.45956 139.477
90.5992 39.2023 46.7777 9.46214 139.398
90.6992 39.1615 46.8571 9.46468 139.319
90.7992 39.1206 46.9365 9.4672 139.239
90.8992 39.0797 47.0159 9.46969 139.16
90.9992 39.0388 47.0953 9.47216 139.08
91.0992 38.9979 47.1747 9.4746 139.001
91.1992 38.957 47.2541 9.47701 138.922
91.2992 38.916 47.3335 9.47939 138.842
91.3992 38.8751 47.4129 9.48175 138.763
91.4992 38.8341 47.4923 9.48408 138.683
91.5992 38.7931 47.5717 9.48638 138.604
91.6992 38.7521 47.6511 9.48865 138.525
91.7992 38.7111 47.7305 9.4909 138.445
91.8992 38.6701 47.8099 9.49312 138.366
91.9992 38.629 47.8892 9.49532 138.286
92.0992 38.5879 47.9686 9.49748 138.207
92.1992 38.5469 48.048 9.49962 138.128
92.2992 38.5058 48.1273 9.50173 138.048
92.3992 38.4647 48.2067 9.50382 137.969
92.4992 38.4236 48.286 9.50587 137.89
92.5992 38.3824 48.3654 9.5079 137.81
92.6992 38.3413 48.4447 9.50991 137.731
92.7992 38.3001 48.524 9.51188 137.652
92.8992 38.259 48.6033 9.51383 137.572
92.9992 38.2178 48.6827 9.51575 137.493
93.0992 38.1766 48.762 9.51764 137.414
93.1992 38.1354 48.8413 9.5195 137.334
93.2991 38.0941 48.9206 9.52134 137.255
93.3991 38.0529 48.9998 9.52315 137.176
93.4991 38.0117 49.0791 9.52493 137.097
93.5991 37.9704 49.1584 9.52668 137.017
93.6991 37.9291 49.2376 9.52841 136.938
93.7991 37.8878 49.3169 9.5301 136.859
93.8991 37.8465 49.3961 9.53177 136.78
93.9991 37.8052 49.4754 9.53341 136.7
94.0991 37.7639 49.5546 9.53503 136.621
94.1991 37.7225 49.6338 9.53661 136.542
94.2991 37.6812 49.713 9.53817 136.463
94.3991 37.6398 49.7922 9.5397 136.383
94.4991 37.5984 49.8714 9.5412 136.304
94.5991 37.557 49.9505 9.54268 136.225
94.6991 37.5156 50.0297 9.54412 136.146
94.7991 37.4742 50.1088 9.54554 136.067
94.8991 37.4327 50.188 9.54693 135.988
94.9991 37.3913 50.2671 9.54829 135.909
95.0991 37.3498 50.3462 9.54963 135.829
95.1991 37.3084 50.4253 9.55093 135.75
95.2991 37.2669 50.5044 9.55221 135.671
95.3991 37.2254 50.5835 9.55346 135.592
95.4991 37.1839 50.6625 9.55468 135.513
95.5991 37.1423 50.7416 9.55587 135.434
95.6991 37.1008 50.8206 9.55703 135.355
95.7991 37.0593 50.8996 9.55817 135.276
95.8991 37.0177 50.9786 9.55928 135.197
95.9991 36.9761 51.0576 9.56035 135.118
96.0991 36.9345 51.1366 9.5614 135.039
96.1991 36.8929 51.2156 9.56242 134.96
96.2991 36.8513 51.2945 9.56342 134.881
96.3991 36.8097 51.3735 9.56438 134.802
96.4991 36.7681 51.4524 9.56532 134.723
96.5991 36.7264 51.5313 9.56623 134.644
96.6991 36.6848 51.6102 9.5671 134.566
96.7991 36.6431 51.689 9.56795 134.487
96.8991 36.6014 51.7679 9.56877 134.408
96.9991 36.5597 51.8467 9.56957 134.329
97.0991 36.518 51.9255 9.57033 134.25
97.1991 36.4763 52.0043 9.57107 134.171
97.2991 36.4346 52.0831 9.57177 134.093
97.3991 36.3928 52.1619 9.57245 134.014
97.4991 36.3511 52.2406 9.5731 133.935
97.5991 36.3093 52.3194 9.57372 133.856
97.6991 36.2675 52.3981 9.57431 133.778
97.7991 36.2258 52.4768 9.57487 133.699
97.8991 36.184 52.5555 9.5754 133.62
97.9991 36.1421 52.6341 9.57591 133.542
98.0991 36.1003 52.7127 9.57638 133.463
98.1991 36.0585 52.7914 9.57683 133.384
98.2991 36.0166 52.87 9.57724 133.306
98.3991 35.9748 52.9485 9.57763 133.227
98.4991 35.9329 53.0271 9.57799 133.149
98.5991 35.891 53.1056 9.57832 133.07
98.6991 35.8492 53.1842 9.57862 132.992
98.7991 35.8072 53.2626 9.57889 132.913
98.8991 35.7653 53.3411 9.57913 132.835
98.9991 35.7234 53.4196 9.57934 132.756
99.0991 35.6815 53.498 9.57952 132.678
99.1991 35.6395 53.5764 9.57968 132.599
99.2991 35.5976 53.6548 9.5798 132.521
99.3991 35.5556 53.7332 9.5799 132.443
99.4991 35.5136 53.8115 9.57996 132.364
99.5991 35.4716 53.8898 9.58 132.286
99.6991 35.4296 53.9681 9.58001 132.208
99.799 35.3876 54.0464 9.57998 132.129
99.899 35.3456 54.1246 9.57993 132.051
99.999 35.3036 54.2029 9.57985 131.973
100.099 35.2615 54.2811 9.57974 131.895
100.199 35.2195 54.3592 9.5796 131.816
100.299 35.1774 54.4374 9.57942 131.738
100.399 35.1353 54.5155 9.57922 131.66
100.499 35.0933 54.5936 9.57899 131.582
100.599 35.0512 54.6717 9.57874 131.504
100.699 35.0091 54.7498 9.57845 131.426
100.799 34.9669 54.8278 9.57813 131.348
100.899 34.9248 54.9058 9.57778 131.27
100.999 34.8827 54.9838 9.5774 131.192
101.099 34.8405 55.0617 9.57699 131.114
101.199 34.7984 55.1396 9.57655 131.036
101.299 34.7562 55.2175 9.57608 130.958
101.399 34.714 55.2954 9.57559 130.88
101.499 34.6718 55.3732 9.57506 130.802
101.599 34.6296 55.451 9.5745 130.725
101.699 34.5874 55.5288 9.57391 130.647
101.799 34.5452 55.6066 9.57329 130.569
101.899 34.503 55.6843 9.57265 130.491
101.999 34.4607 55.762 9.57197 130.414
102.099 34.4185 55.8397 9.57126 130.336
102.199 34.3762 55.9173 9.57052 130.258
102.299 34.334 55.9949 9.56975 130.181
102.399 34.2917 56.0725 9.56896 130.103
102.499 34.2494 56.1501 9.56813 130.026
102.599 34.2071 56.2276 9.56727 129.948
102.699 34.1648 56.3051 9.56638 129.871
102.799 34.1225 56.3825 9.56546 129.793
102.899 34.0801 56.46 9.56451 129.716
102.999 34.0378 56.5374 9.56353 129.638
103.099 33.9955 56.6147 9.56252 129.561
103.199 33.9531 56.6921 9.56148 129.484
103.299 33.9107 56.7694 9.56041 129.406
103.399 33.8684 56.8467 9.55931 129.329
103.499 33.826 56.9239 9.55818 129.252
103.599 33.7836 57.0011 9.55702 129.175
103.699 33.7412 57.0783 9.55582 129.097
103.799 33.6988 57.1554 9.5546 129.02
103.899 33.6563 57.2325 9.55335 128.943
103.999 33.6139 57.3096 9.55206 128.866
104.099 33.5715 57.3867 9.55075 128.789
104.199 33.529 57.4637 9.5494 128.712
104.299 33.4865 57.5406 9.54803 128.635
104.399 33.4441 57.6176 9.54662 128.558
104.499 33.4016 57.6945 9.54518 128.481
104.599 33.3591 57.7714 9.54372 128.404
104.699 33.3166 57.8482 9.54222 128.327
104.799 33.2741 57.925 9.54069 128.251
104.899 33.2316 58.0018 9.53913 128.174
104.999 33.1891 58.0785 9.53754 128.097
105.099 33.1465 58.1552 9.53592 128.02
105.199 33.104 58.2319 9.53427 127.944
105.299 33.0614 58.3085 9.53258 127.867
105.399 33.0189 58.3851 9.53087 127.791
105.499 32.9763 58.4616 9.52912 127.714
105.599 32.9337 58.5381 9.52735 127.638
105.699 32.8911 58.6146 9.52554 127.561
105.799 32.8485 58.6911 9.5237 127.485
105.899 32.8059 58.7675 9.52184 127.408
105.999 32.7633 58.8438 9.51994 127.332
106.099 32.7207 58.9201 9.51801 127.256
106.199 32.678 58.9964 9.51605 127.179
106.299 32.6354 59.0727 9.51405 127.103
106.399 32.5928 59.1489 9.51203 127.027
106.499 32.5501 59.2251 9.50998 126.951
106.599 32.5074 59.3012 9.50789 126.875
106.699 32.4648 59.3773 9.50577 126.798
106.799 32.4221 59.4533 9.50362 126.722
106.899 32.3794 59.5293 9.50145 126.646
106.999 32.3367 59.6053 9.49924 126.57
107.099 32.294 59.6812 9.49699 126.494
107.199 32.2513 59.7571 9.49472 126.419
107.299 32.2085 59.833 9.49242 126.343
107.399 32.1658 59.9088 9.49008 126.267
107.499 32.123 59.9845 9.48771 126.191
107.599 32.0803 60.0603 9.48532 126.115
107.699 32.0375 60.1359 9.48289 126.04
107.799 31.9948 60.2116 9.48043 125.964
107.899 31.952 60.2872 9.47794 125.889
107.999 31.9092 60.3627 9.47541 125.813
108.099 31.8664 60.4382 9.47286 125.737
108.199 31.8236 60.5137 9.47027 125.662
108.299 31.7808 60.5891 9.46765 125.587
108.399 31.738 60.6645 9.465 125.511
108.499 31.6952 60.7399 9.46232 125.436
108.599 31.6523 60.8152 9.45961 125.361
108.699 31.6095 60.8904 9.45687 125.285
108.799 31.5666 60.9656 9.45409 125.21
108.899 31.5238 61.0408 9.45128 125.135
108.999 31.4809 61.1159 9.44845 125.06
109.099 31.438 61.191 9.44558 124.985
109.199 31.3952 61.266 9.44267 124.91
109.299 31.3523 61.341 9.43974 124.835
109.399 31.3094 61.4159 9.43678 124.76
109.499 31.2665 61.4908 9.43378 124.685
109.599 31.2236 61.5656 9.43075 124.61
109.699 31.1806 61.6404 9.42769 124.535
109.799 31.1377 61.7152 9.4246 124.461
109.899 31.0948 61.7899 9.42147 124.386
109.999 31.0518 61.8645 9.41832 124.311
110.099 31.0089 61.9391 9.41513 124.237
110.199 30.9659 62.0137 9.41191 124.162
110.299 30.923 62.0882 9.40866 124.087
110.399 30.88 62.1627 9.40538 124.013
110.499 30.837 62.2371 9.40206 123.939
110.599 30.794 62.3114 9.39872 123.864
110.699 30.751 62.3858 9.39534 123.79
110.799 30.708 62.46 9.39193 123.716
110.899 30.665 62.5343 9.38849 123.641
110.999 30.622 62.6084 9.38501 123.567
111.099 30.579 62.6825 9.3815 123.493
111.199 30.5359 62.7566 9.37797 123.419
111.299 30.4929 62.8306 9.3744 123.345
111.399 30.4498 62.9046 9.37079 123.271
111.499 30.4068 62.9785 9.36716 123.197
111.599 30.3637 63.0524 9.36349 123.123
111.699 30.3206 63.1262 9.35979 123.049
111.799 30.2776 63.2 9.35606 122.976
111.899 30.2345 63.2737 9.3523 122.902
111.999 30.1914 63.3474 9.3485 122.828
112.099 30.1483 63.421 9.34468 122.755
112.199 30.1052 63.4945 9.34082 122.681
112.299 30.0621 63.568 9.33693 122.608
112.399 30.0189 63.6415 9.333 122.534
112.499 29.9758 63.7149 9.32905 122.461
112.599 29.9327 63.7882 9.32506 122.387
112.699 29.8895 63.8615 9.32104 122.314
112.799 29.8464 63.9348 9.31699 122.241
112.899 29.8032 64.008 9.3129 122.168
112.999 29.7601 64.0811 9.30878 122.095
113.099 29.7169 64.1542 9.30463 122.022
113.199 29.6737 64.2272 9.30045 121.948
113.299 29.6305 64.3002 9.29624 121.876
113.399 29.5873 64.3731 9.29199 121.803
113.499 29.5441 64.4459 9.28771 121.73
113.599 29.5009 64.5187 9.2834 121.657
113.699 29.4577 64.5915 9.27906 121.584
113.799 29.4145 64.6642 9.27468 121.511
113.899 29.3713 64.7368 9.27027 121.439
113.999 29.328 64.8094 9.26583 121.366
114.099 29.2848 64.8819 9.26136 121.294
114.199 29.2416 64.9544 9.25685 121.221
114.299 29.1983 65.0268 9.25232 121.149
114.399 29.1551 65.0992 9.24775 121.077
114.499 29.1118 65.1715 9.24314 121.004
114.599 29.0685 65.2437 9.23851 120.932
114.699 29.0252 65.3159 9.23384 120.86
114.799 28.9819 65.388 9.22914 120.788
114.899 28.9387 65.4601 9.2244 120.716
114.999 28.8954 65.5321 9.21964 120.644
115.099 28.8521 65.6041 9.21484 120.572
115.199 28.8087 65.6759 9.21001 120.5
115.299 28.7654 65.7478 9.20515 120.428
115.399 28.7221 65.8195 9.20025 120.356
115.499 28.6788 65.8913 9.19532 120.284
115.599 28.6354 65.9629 9.19036 120.213
115.699 28.5921 66.0345 9.18536 120.141
115.799 28.5487 66.106 9.18034 120.07
115.899 28.5054 66.1775 9.17528 119.998
115.999 28.462 66.2489 9.17019 119.927
116.099 28.4186 66.3203 9.16506 119.855
116.199 28.3753 66.3916 9.1599 119.784
116.299 28.3319 66.4628 9.15471 119.713
116.399 28.2885 66.534 9.14949 119.642
116.499 28.2451 66.6051 9.14423 119.571
116.599 28.2017 66.6761 9.13895 119.5
116.699 28.1583 66.7471 9.13362 119.429
116.799 28.1149 66.818 9.12827 119.358
116.899 28.0715 66.8889 9.12288 119.287
116.999 28.028 66.9597 9.11746 119.216
117.099 27.9846 67.0304 9.11201 119.145
117.199 27.9412 67.1011 9.10653 119.075
117.299 27.8977 67.1717 9.10101 119.004
117.399 27.8543 67.2422 9.09546 118.933
117.499 27.8108 67.3127 9.08987 118.863
117.599 27.7674 67.3831 9.08426 118.793
117.699 27.7239 67.4535 9.07861 118.722
117.799 27.6804 67.5238 9.07293 118.652
117.899 27.6369 67.594 9.06721 118.582
117.999 27.5934 67.6641 9.06146 118.512
118.099 27.55 67.7342 9.05568 118.441
118.199 27.5065 67.8043 9.04987 118.371
118.299 27.463 67.8742 9.04402 118.301
118.399 27.4194 67.9441 9.03814 118.232
118.499 27.3759 68.0139 9.03223 118.162
118.599 27.3324 68.0837 9.02628 118.092
118.699 27.2889 68.1534 9.0203 118.022
118.799 27.2453 68.223 9.01429 117.953
118.899 27.2018 68.2926 9.00825 117.883
118.999 27.1583 68.3621 9.00217 117.814
119.099 27.1147 68.4315 8.99606 117.744
119.199 27.0712 68.5009 8.98992 117.675
119.299 27.0276 68.5702 8.98374 117.606
119.399 26.984 68.6394 8.97753 117.536
119.499 26.9405 68.7086 8.97129 117.467
119.599 26.8969 68.7777 8.96501 117.398
119.699 26.8533 68.8467 8.95871 117.329
119.799 26.8097 68.9156 8.95236 117.26
119.899 26.7661 68.9845 8.94599 117.191
119.999 26.7225 69.0533 8.93958 117.122
120.099 26.6789 69.1221 8.93314 117.054
120.199 26.6353 69.1907 8.92667 116.985
120.299 26.5917 69.2594 8.92016 116.916
120.399 26.548 69.3279 8.91362 116.848
120.499 26.5044 69.3964 8.90705 116.779
120.599 26.4608 69.4648 8.90045 116.711
120.699 26.4171 69.5331 8.89381 116.643
120.799 26.3735 69.6013 8.88713 116.574
120.899 26.3298 69.6695 8.88043 116.506
120.999 26.2862 69.7376 8.87369 116.438
121.099 26.2425 69.8057 8.86692 116.37
121.199 26.1989 69.8736 8.86012 116.302
121.299 26.1552 69.9415 8.85328 116.234
121.399 26.1115 70.0094 8.84641 116.166
121.499 26.0678 70.0771 8.83951 116.099
121.599 26.0241 70.1448 8.83257 116.031
121.699 25.9804 70.2124 8.8256 115.963
121.799 25.9367 70.2799 8.8186 115.896
121.899 25.893 70.3474 8.81156 115.828
121.999 25.8493 70.4148 8.80449 115.761
122.099 25.8056 70.4821 8.79739 115.694
122.199 25.7619 70.5494 8.79025 115.626
122.299 25.7182 70.6165 8.78309 115.559
122.399 25.6744 70.6836 8.77588 115.492
122.499 25.6307 70.7506 8.76865 115.425
122.599 25.587 70.8176 8.76138 115.358
122.699 25.5432 70.8845 8.75408 115.291
122.799 25.4995 70.9512 8.74675 115.224
122.899 25.4557 71.018 8.73938 115.158
122.999 25.412 71.0846 8.73198 115.091
123.099 25.3682 71.1512 8.72455 115.025
123.199 25.3244 71.2177 8.71708 114.958
123.299 25.2806 71.2841 8.70958 114.892
123.399 25.2369 71.3504 8.70205 114.825
123.499 25.1931 71.4167 8.69448 114.759
123.599 25.1493 71.4829 8.68688 114.693
123.699 25.1055 71.549 8.67925 114.627
123.799 25.0617 71.615 8.67159 114.561
123.899 25.0179 71.681 8.66389 114.495
123.999 24.9741 71.7469 8.65615 114.429
124.099 24.9303 71.8127 8.64839 114.363
124.199 24.8864 71.8784 8.64059 114.297
124.299 24.8426 71.9441 8.63276 114.232
124.399 24.7988 72.0096 8.6249 114.166
124.499 24.7549 72.0751 8.617 114.101
124.599 24.7111 72.1405 8.60907 114.035
124.699 24.6673 72.2059 8.60111 113.97
124.799 24.6234 72.2711 8.59311 113.905
124.899 24.5796 72.3363 8.58508 113.839
124.999 24.5357 72.4014 8.57702 113.774
125.099 24.4918 72.4664 8.56892 113.709
125.199 24.448 72.5314 8.56079 113.644
125.299 24.4041 72.5962 8.55263 113.579
125.399 24.3602 72.661 8.54443 113.515
125.499 24.3163 72.7257 8.5362 113.45
125.599 24.2724 72.7903 8.52794 113.385
125.699 24.2286 72.8549 8.51965 113.321
125.799 24.1847 72.9193 8.51132 113.256
125.899 24.1408 72.9837 8.50296 113.192
125.999 24.0969 73.048 8.49457 113.128
126.099 24.0529 73.1122 8.48614 113.063
126.199 24.009 73.1763 8.47768 112.999
126.299 23.9651 73.2404 8.46919 112.935
126.399 23.9212 73.3043 8.46066 112.871
126.499 23.8773 73.3682 8.4521 112.807
126.599 23.8333 73.432 8.44351 112.744
126.699 23.7894 73.4957 8.43488 112.68
126.799 23.7454 73.5594 8.42622 112.616
126.899 23.7015 73.6229 8.41753 112.553
126.999 23.6575 73.6864 8.40881 112.489
127.099 23.6136 73.7498 8.40005 112.426
127.199 23.5696 73.8131 8.39126 112.363
127.299 23.5257 73.8763 8.38243 112.299
127.399 23.4817 73.9394 8.37358 112.236
127.499 23.4377 74.0025 8.36469 112.173
127.599 23.3938 74.0655 8.35576 112.11
127.699 23.3498 74.1283 8.34681 112.047
127.799 23.3058 74.1911 8.33782 111.985
127.899 23.2618 74.2539 8.3288 111.922
127.999 23.2178 74.3165 8.31974 111.859
128.099 23.1738 74.379 8.31066 111.797
128.199 23.1298 74.4415 8.30153 111.734
128.299 23.0858 74.5039 8.29238 111.672
128.399 23.0418 74.5661 8.28319 111.61
128.499 22.9977 74.6284 8.27397 111.547
128.599 22.9537 74.6905 8.26472 111.485
128.699 22.9097 74.7525 8.25543 111.423
128.799 22.8657 74.8144 8.24612 111.361
128.899 22.8216 74.8763 8.23676 111.299
128.999 22.7776 74.9381 8.22738 111.238
129.099 22.7335 74.9998 8.21796 111.176
129.199 22.6895 75.0613 8.20851 111.114
129.299 22.6454 75.1229 8.19903 111.053
129.399 22.6014 75.1843 8.18951 110.991
129.499 22.5573 75.2456 8.17996 110.93
129.599 22.5133 75.3069 8.17038 110.869
129.699 22.4692 75.368 8.16077 110.808
129.799 22.4251 75.4291 8.15112 110.747
129.899 22.381 75.4901 8.14144 110.686
129.999 22.337 75.5509 8.13172 110.625
130.099 22.2929 75.6117 8.12198 110.564
130.199 22.2488 75.6725 8.1122 110.503
130.299 22.2047 75.7331 8.10239 110.443
130.399 22.1606 75.7936 8.09254 110.382
130.499 22.1165 75.854 8.08267 110.322
130.599 22.0724 75.9144 8.07276 110.261
130.699 22.0283 75.9747 8.06282 110.201
130.799 21.9842 76.0348 8.05284 110.141
130.899 21.94 76.0949 8.04283 110.081
130.999 21.8959 76.1549 8.03279 110.021
131.099 21.8518 76.2148 8.02272 109.961
131.199 21.8077 76.2746 8.01261 109.901
131.299 21.7635 76.3343 8.00248 109.841
131.399 21.7194 76.394 7.99231 109.782
131.499 21.6753 76.4535 7.9821 109.722
131.599 21.6311 76.5129 7.97187 109.663
131.699 21.587 76.5723 7.9616 109.603
131.799 21.5428 76.6315 7.9513 109.544
131.899 21.4987 76.6907 7.94096 109.485
131.999 21.4545 76.7498 7.9306 109.426
132.099 21.4103 76.8088 7.9202 109.367
132.199 21.3662 76.8676 7.90977 109.308
132.299 21.322 76.9264 7.8993 109.249
132.399 21.2778 76.9851 7.88881 109.191
132.499 21.2337 77.0437 7.87828 109.132
132.599 21.1895 77.1023 7.86772 109.073
132.699 21.1453 77.1607 7.85713 109.015
132.799 21.1011 77.219 7.8465 108.957
132.899 21.0569 77.2772 7.83584 108.898
132.999 21.0127 77.3354 7.82515 108.84
133.099 20.9685 77.3934 7.81443 108.782
133.199 20.9243 77.4514 7.80367 108.724
133.299 20.8801 77.5092 7.79289 108.666
133.399 20.8359 77.567 7.78207 108.609
133.499 20.7917 77.6246 7.77122 108.551
133.599 20.7475 77.6822 7.76033 108.493
133.699 20.7032 77.7397 7.74942 108.436
133.799 20.659 77.797 7.73847 108.379
133.899 20.6148 77.8543 7.72749 108.321
133.999 20.5705 77.9115 7.71647 108.264
134.099 20.5263 77.9686 7.70543 108.207
134.199 20.4821 78.0256 7.69435 108.15
134.299 20.4378 78.0825 7.68324 108.093
134.399 20.3936 78.1393 7.6721 108.036
134.499 20.3493 78.196 7.66093 107.98
134.599 20.3051 78.2526 7.64972 107.923
134.699 20.2608 78.3091 7.63849 107.867
134.799 20.2166 78.3655 7.62722 107.81
134.899 20.1723 78.4218 7.61592 107.754
134.999 20.128 78.478 7.60458 107.698
135.099 20.0838 78.5341 7.59322 107.642
135.199 20.0395 78.5901 7.58182 107.586
135.299 19.9952 78.6461 7.57039 107.53
135.399 19.9509 78.7019 7.55893 107.474
135.499 19.9066 78.7576 7.54744 107.418
135.599 19.8624 78.8132 7.53591 107.362
135.699 19.8181 78.8687 7.52436 107.307
135.799 19.7738 78.9242 7.51277 107.252
135.899 19.7295 78.9795 7.50115 107.196
135.999 19.6852 79.0347 7.4895 107.141
136.099 19.6409 79.0898 7.47782 107.086
136.199 19.5966 79.1449 7.4661 107.031
136.299 19.5522 79.1998 7.45435 106.976
136.399 19.5079 79.2546 7.44258 106.921
136.499 19.4636 79.3093 7.43077 106.866
136.599 19.4193 79.364 7.41893 106.812
136.699 19.375 79.4185 7.40705 106.757
136.799 19.3306 79.4729 7.39515 106.703
136.899 19.2863 79.5272 7.38321 106.648
136.999 19.242 79.5814 7.37125 106.594
137.099 19.1976 79.6356 7.35925 106.54
137.199 19.1533 79.6896 7.34722 106.486
137.299 19.109 79.7435 7.33516 106.432
137.399 19.0646 79.7973 7.32306 106.378
137.499 19.0203 79.851 7.31094 106.325
137.599 18.9759 79.9046 7.29878 106.271
137.699 18.9316 79.9581 7.2866 106.218
137.799 18.8872 80.0115 7.27438 106.164
137.899 18.8428 80.0648 7.26213 106.111
137.999 18.7985 80.118 7.24985 106.058
138.099 18.7541 80.1711 7.23754 106.005
138.199 18.7097 80.2241 7.2252 105.952
138.299 18.6654 80.277 7.21282 105.899
138.399 18.621 80.3298 7.20042 105.846
138.499 18.5766 80.3825 7.18798 105.793
138.599 18.5322 80.4351 7.17552 105.741
138.699 18.4878 80.4875 7.16302 105.688
138.799 18.4435 80.5399 7.15049 105.636
138.899 18.3991 80.5922 7.13793 105.584
138.999 18.3547 80.6443 7.12534 105.531
139.099 18.3103 80.6964 7.11272 105.479
139.199 18.2659 80.7483 7.10007 105.427
139.299 18.2215 80.8002 7.08738 105.376
139.399 18.1771 80.8519 7.07467 105.324
139.499 18.1326 80.9036 7.06193 105.272
139.599 18.0882 80.9551 7.04915 105.221
139.699 18.0438 81.0065 7.03635 105.169
139.799 17.9994 81.0578 7.02351 105.118
139.899 17.955 81.109 7.01064 105.067
139.999 17.9106 81.1602 6.99774 105.016
140.099 17.8661 81.2112 6.98482 104.965
140.199 17.8217 81.2621 6.97186 104.914
140.299 17.7773 81.3128 6.95887 104.863
140.399 17.7328 81.3635 6.94585 104.812
140.499 17.6884 81.4141 6.9328 104.762
140.599 17.6439 81.4646 6.91972 104.711
140.699 17.5995 81.5149 6.90661 104.661
140.799 17.5551 81.5652 6.89347 104.611
140.899 17.5106 81.6153 6.8803 104.56
140.999 17.4662 81.6654 6.8671 104.51
141.099 17.4217 81.7153 6.85386 104.46
141.199 17.3772 81.7651 6.8406 104.411
141.299 17.3328 81.8148 6.82731 104.361
141.399 17.2883 81.8644 6.81399 104.311
141.499 17.2439 81.9139 6.80064 104.262
141.599 17.1994 81.9633 6.78726 104.212
141.699 17.1549 82.0126 6.77384 104.163
141.799 17.1104 82.0618 6.7604 104.114
141.899 17.066 82.1108 6.74693 104.065
141.999 17.0215 82.1598 6.73343 104.016
142.099 16.977 82.2086 6.7199 103.967
142.199 16.9325 82.2574 6.70634 103.918
142.299 16.888 82.306 6.69275 103.87
142.399 16.8435 82.3545 6.67913 103.821
142.499 16.799 82.4029 6.66548 103.773
142.6 16.7545 82.4512 6.6518 103.724
142.7 16.71 82.4994 6.63809 103.676
142.8 16.6655 82.5475 6.62435 103.628
142.9 16.621 82.5955 6.61058 103.58
143 16.5765 82.6433 6.59678 103.532
143.1 16.532 82.6911 6.58296 103.485
143.2 16.4875 82.7387 6.5691 103.437
143.3 16.443 82.7862 6.55522 103.389
143.4 16.3985 82.8336 6.5413 103.342
143.5 16.354 82.8809 6.52736 103.295
143.6 16.3095 82.9281 6.51338 103.248
143.7 16.2649 82.9752 6.49938 103.2
143.8 16.2204 83.0222 6.48535 103.154
143.9 16.1759 83.069 6.47129 103.107
144 16.1313 83.1158 6.4572 103.06
144.1 16.0868 83.1624 6.44308 103.013
144.2 16.0423 83.2089 6.42893 102.967
144.3 15.9977 83.2553 6.41475 102.92
144.4 15.9532 83.3016 6.40055 102.874
144.5 15.9086 83.3478 6.38632 102.828
144.6 15.8641 83.3938 6.37205 102.782
144.7 15.8196 83.4398 6.35776 102.736
144.8 15.775 83.4856 6.34344 102.69
144.9 15.7304 83.5314 6.32909 102.644
145 15.6859 83.577 6.31471 102.599
145.1 15.6413 83.6225 6.30031 102.553
145.2 15.5968 83.6679 6.28587 102.508
145.3 15.5522 83.7131 6.27141 102.463
145.4 15.5076 83.7583 6.25692 102.417
145.5 15.4631 83.8033 6.2424 102.372
145.6 15.4185 83.8483 6.22785 102.327
145.7 15.3739 83.8931 6.21327 102.283
145.8 15.3294 83.9378 6.19867 102.238
145.9 15.2848 83.9824 6.18403 102.193
146 15.2402 84.0269 6.16937 102.149
146.1 15.1956 84.0712 6.15468 102.104
146.2 15.151 84.1155 6.13997 102.06
146.3 15.1065 84.1596 6.12522 102.016
146.4 15.0619 84.2036 6.11045 101.972
146.5 15.0173 84.2475 6.09565 101.928
146.6 14.9727 84.2913 6.08082 101.884
146.7 14.9281 84.3349 6.06596 101.841
146.8 14.8835 84.3785 6.05108 101.797
146.9 14.8389 84.4219 6.03617 101.754
147 14.7943 84.4652 6.02123 101.71
147.1 14.7497 84.5084 6.00626 101.667
147.2 14.7051 84.5515 5.99127 101.624
147.3 14.6605 84.5945 5.97624 101.581
147.4 14.6159 84.6373 5.96119 101.538
147.5 14.5712 84.6801 5.94612 101.496
147.6 14.5266 84.7227 5.93101 101.453
147.7 14.482 84.7652 5.91588 101.411
147.8 14.4374 84.8076 5.90072 101.368
147.9 14.3928 84.8498 5.88554 101.326
148 14.3481 84.892 5.87032 101.284
148.1 14.3035 84.934 5.85508 101.242
148.2 14.2589 84.9759 5.83982 101.2
148.3 14.2143 85.0177 5.82452 101.158
148.4 14.1696 85.0594 5.8092 101.116
148.5 14.125 85.101 5.79385 101.075
148.6 14.0804 85.1424 5.77848 101.033
148.7 14.0357 85.1837 5.76308 100.992
148.8 13.9911 85.2249 5.74765 100.951
148.9 13.9464 85.266 5.7322 100.91
149 13.9018 85.307 5.71671 100.869
149.1 13.8571 85.3478 5.70121 100.828
149.2 13.8125 85.3886 5.68567 100.787
149.3 13.7678 85.4292 5.67011 100.747
149.4 13.7232 85.4697 5.65453 100.706
149.5 13.6785 85.51 5.63891 100.666
149.6 13.6339 85.5503 5.62327 100.625
149.7 13.5892 85.5904 5.60761 100.585
149.8 13.5446 85.6304 5.59192 100.545
149.9 13.4999 85.6703 5.5762 100.505
150 13.4552 85.7101 5.56045 100.466
150.1 13.4106 85.7497 5.54468 100.426
150.2 13.3659 85.7893 5.52889 100.386
150.3 13.3212 85.8287 5.51307 100.347
150.4 13.2766 85.868 5.49722 100.308
150.5 13.2319 85.9071 5.48135 100.269
150.6 13.1872 85.9462 5.46545 100.229
150.7 13.1425 85.9851 5.44952 100.191
150.8 13.0978 86.0239 5.43357 100.152
150.9 13.0532 86.0626 5.4176 100.113
151 13.0085 86.1012 5.4016 100.074
151.1 12.9638 86.1396 5.38557 100.036
151.2 12.9191 86.178 5.36952 99.9977
151.3 12.8744 86.2162 5.35344 99.9595
151.4 12.8297 86.2542 5.33734 99.9214
151.5 12.785 86.2922 5.32122 99.8835
151.6 12.7403 86.33 5.30506 99.8456
151.7 12.6956 86.3678 5.28889 99.8079
151.8 12.6509 86.4054 5.27268 99.7703
151.9 12.6062 86.4428 5.25646 99.7329
152 12.5615 86.4802 5.24021 99.6955
152.1 12.5168 86.5174 5.22393 99.6583
152.2 12.4721 86.5545 5.20763 99.6212
152.3 12.4274 86.5915 5.1913 99.5842
152.4 12.3827 86.6283 5.17495 99.5473
152.5 12.338 86.6651 5.15858 99.5106
152.6 12.2933 86.7017 5.14218 99.474
152.7 12.2486 86.7382 5.12576 99.4375
152.8 12.2039 86.7746 5.10931 99.4011
152.9 12.1591 86.8108 5.09284 99.3649
153 12.1144 86.8469 5.07634 99.3288
153.1 12.0697 86.8829 5.05982 99.2928
153.2 12.025 86.9188 5.04328 99.2569
153.3 11.9802 86.9545 5.02671 99.2212
153.4 11.9355 86.9902 5.01012 99.1855
153.5 11.8908 87.0257 4.9935 99.15
153.6 11.8461 87.061 4.97686 99.1146
153.7 11.8013 87.0963 4.9602 99.0794
153.8 11.7566 87.1314 4.94351 99.0443
153.9 11.7119 87.1664 4.9268 99.0093
154 11.6671 87.2013 4.91006 98.9744
154.1 11.6224 87.2361 4.89331 98.9396
154.2 11.5776 87.2707 4.87652 98.905
154.3 11.5329 87.3052 4.85972 98.8705
154.4 11.4882 87.3396 4.84289 98.8361
154.5 11.4434 87.3738 4.82604 98.8019
154.6 11.3987 87.408 4.80917 98.7677
154.7 11.3539 87.442 4.79227 98.7337
154.8 11.3092 87.4759 4.77535 98.6998
154.9 11.2644 87.5096 4.75841 98.6661
155 11.2197 87.5432 4.74144 98.6325
155.1 11.1749 87.5767 4.72445 98.5989
155.2 11.1301 87.6101 4.70744 98.5656
155.3 11.0854 87.6434 4.69041 98.5323
155.4 11.0406 87.6765 4.67335 98.4992
155.5 10.9959 87.7095 4.65627 98.4662
155.6 10.9511 87.7424 4.63917 98.4333
155.7 10.9063 87.7751 4.62205 98.4006
155.8 10.8616 87.8077 4.6049 98.3679
155.9 10.8168 87.8402 4.58774 98.3355
156 10.772 87.8726 4.57055 98.3031
156.1 10.7273 87.9048 4.55333 98.2708
156.2 10.6825 87.937 4.5361 98.2387
156.3 10.6377 87.9689 4.51884 98.2067
156.4 10.5929 88.0008 4.50157 98.1749
156.5 10.5482 88.0325 4.48427 98.1431
156.6 10.5034 88.0641 4.46694 98.1115
156.7 10.4586 88.0956 4.4496 98.0801
156.8 10.4138 88.127 4.43224 98.0487
156.9 10.3691 88.1582 4.41485 98.0175
157 10.3243 88.1893 4.39744 97.9864
157.1 10.2795 88.2203 4.38002 97.9554
157.2 10.2347 88.2511 4.36257 97.9246
157.3 10.1899 88.2818 4.34509 97.8939
157.4 10.1451 88.3124 4.3276 97.8633
157.5 10.1003 88.3429 4.31009 97.8328
157.6 10.0555 88.3732 4.29256 97.8025
157.7 10.0107 88.4034 4.275 97.7723
157.8 9.96595 88.4335 4.25742 97.7422
157.9 9.92115 88.4634 4.23983 97.7123
158 9.87635 88.4932 4.22221 97.6824
158.1 9.83155 88.5229 4.20457 97.6528
158.2 9.78675 88.5525 4.18691 97.6232
158.3 9.74195 88.5819 4.16924 97.5938
158.4 9.69715 88.6112 4.15154 97.5645
158.5 9.65234 88.6404 4.13382 97.5353
158.6 9.60754 88.6694 4.11608 97.5062
158.7 9.56273 88.6984 4.09832 97.4773
158.8 9.51792 88.7271 4.08054 97.4485
158.9 9.47311 88.7558 4.06274 97.4199
159.001 9.4283 88.7843 4.04492 97.3914
159.101 9.38349 88.8127 4.02708 97.363
159.201 9.33867 88.841 4.00922 97.3347
159.301 9.29386 88.8691 3.99134 97.3066
159.401 9.24904 88.8971 3.97345 97.2785
159.501 9.20423 88.925 3.95553 97.2507
159.601 9.15941 88.9528 3.93759 97.2229
159.701 9.11459 88.9804 3.91963 97.1953
159.801 9.06977 89.0079 3.90166 97.1678
159.901 9.02494 89.0352 3.88366 97.1404
160.001 8.98012 89.0625 3.86565 97.1132
160.101 8.93529 89.0896 3.84762 97.0861
160.201 8.89047 89.1165 3.82957 97.0591
160.301 8.84564 89.1434 3.8115 97.0323
160.401 8.80081 89.1701 3.79341 97.0056
160.501 8.75598 89.1967 3.7753 96.979
160.601 8.71115 89.2231 3.75717 96.9526
160.701 8.66632 89.2494 3.73903 96.9263
160.801 8.62148 89.2756 3.72086 96.9001
160.901 8.57665 89.3017 3.70268 96.874
161.001 8.53181 89.3276 3.68448 96.8481
161.101 8.48698 89.3534 3.66626 96.8223
161.201 8.44214 89.379 3.64803 96.7966
161.301 8.3973 89.4046 3.62977 96.7711
161.401 8.35246 89.43 3.6115 96.7457
161.501 8.30762 89.4552 3.59321 96.7204
161.601 8.26278 89.4804 3.5749 96.6953
161.701 8.21793 89.5054 3.55658 96.6703
161.801 8.17309 89.5302 3.53823 96.6454
161.901 8.12824 89.555 3.51987 96.6207
162.001 8.08339 89.5796 3.50149 96.5961
162.101 8.03855 89.6041 3.4831 96.5716
162.201 7.9937 89.6284 3.46468 96.5473
162.301 7.94885 89.6526 3.44625 96.5231
162.401 7.904 89.6767 3.42781 96.499
162.501 7.85914 89.7007 3.40934 96.475
162.601 7.81429 89.7245 3.39086 96.4512
162.701 7.76943 89.7482 3.37236 96.4275
162.801 7.72458 89.7717 3.35385 96.404
162.901 7.67972 89.7951 3.33532 96.3805
163.001 7.63486 89.8184 3.31677 96.3573
163.101 7.59001 89.8416 3.29821 96.3341
163.201 7.54515 89.8646 3.27962 96.3111
163.301 7.50029 89.8875 3.26103 96.2882
163.401 7.45542 89.9102 3.24241 96.2654
163.501 7.41056 89.9329 3.22378 96.2428
163.601 7.3657 89.9554 3.20514 96.2203
163.701 7.32083 89.9777 3.18648 96.198
163.801 7.27597 89.9999 3.1678 96.1757
163.901 7.2311 90.022 3.14911 96.1537
164.001 7.18623 90.044 3.1304 96.1317
164.101 7.14136 90.0658 3.11167 96.1099
164.201 7.09649 90.0875 3.09293 96.0882
164.301 7.05162 90.1091 3.07418 96.0666
164.401 7.00675 90.1305 3.05541 96.0452
164.501 6.96188 90.1518 3.03662 96.0239
164.601 6.91701 90.1729 3.01782 96.0027
164.701 6.87213 90.194 2.999 95.9817
164.801 6.82726 90.2149 2.98017 95.9608
164.901 6.78238 90.2356 2.96132 95.9401
165.001 6.7375 90.2562 2.94246 95.9195
165.101 6.69262 90.2767 2.92359 95.899
165.201 6.64775 90.2971 2.90469 95.8786
165.301 6.60287 90.3173 2.88579 95.8584
165.401 6.55799 90.3374 2.86687 95.8383
165.501 6.5131 90.3573 2.84794 95.8183
165.601 6.46822 90.3772 2.82899 95.7985
165.701 6.42334 90.3968 2.81002 95.7788
165.801 6.37845 90.4164 2.79105 95.7593
165.901 6.33357 90.4358 2.77206 95.7399
166.001 6.28868 90.4551 2.75305 95.7206
166.101 6.2438 90.4742 2.73403 95.7015
166.201 6.19891 90.4932 2.715 95.6824
166.301 6.15402 90.5121 2.69596 95.6636
166.401 6.10913 90.5309 2.6769 95.6448
166.501 6.06424 90.5495 2.65782 95.6262
166.601 6.01935 90.5679 2.63874 95.6077
166.701 5.97446 90.5863 2.61964 95.5894
166.801 5.92957 90.6045 2.60052 95.5712
166.901 5.88467 90.6226 2.5814 95.5531
167.001 5.83978 90.6405 2.56226 95.5352
167.101 5.79489 90.6583 2.54311 95.5174
167.201 5.74999 90.6759 2.52394 95.4997
167.301 5.70509 90.6935 2.50477 95.4822
167.401 5.6602 90.7109 2.48558 95.4648
167.501 5.6153 90.7281 2.46637 95.4476
167.601 5.5704 90.7452 2.44716 95.4304
167.701 5.5255 90.7622 2.42793 95.4135
167.801 5.4806 90.7791 2.40869 95.3966
167.901 5.4357 90.7958 2.38944 95.3799
168.001 5.3908 90.8124 2.37018 95.3633
168.101 5.3459 90.8288 2.3509 95.3469
168.201 5.301 90.8451 2.33161 95.3306
168.301 5.25609 90.8613 2.31231 95.3144
168.401 5.21119 90.8773 2.293 95.2983
168.501 5.16628 90.8932 2.27368 95.2824
168.601 5.12138 90.909 2.25434 95.2667
168.701 5.07647 90.9246 2.235 95.251
168.801 5.03156 90.9401 2.21564 95.2356
168.901 4.98666 90.9555 2.19627 95.2202
169.001 4.94175 90.9707 2.17689 95.205
169.101 4.89684 90.9858 2.1575 95.1899
169.201 4.85193 91.0007 2.1381 95.1749
169.301 4.80702 91.0156 2.11869 95.1601
169.401 4.76211 91.0302 2.09927 95.1454
169.501 4.7172 91.0448 2.07983 95.1309
169.601 4.67229 91.0592 2.06039 95.1165
169.701 4.62737 91.0734 2.04093 95.1022
169.801 4.58246 91.0876 2.02147 95.0881
169.901 4.53755 91.1016 2.00199 95.0741
170.001 4.49263 91.1154 1.98251 95.0603
170.101 4.44772 91.1292 1.96301 95.0465
170.201 4.4028 91.1427 1.94351 95.0329
170.301 4.35788 91.1562 1.92399 95.0195
170.401 4.31297 91.1695 1.90447 95.0062
170.501 4.26805 91.1827 1.88493 94.993
170.601 4.22313 91.1957 1.86539 94.98
170.701 4.17821 91.2086 1.84583 94.9671
170.801 4.13329 91.2214 1.82627 94.9543
170.901 4.08838 91.234 1.8067 94.9417
171.001 4.04346 91.2465 1.78712 94.9292
171.101 3.99853 91.2589 1.76753 94.9168
171.201 3.95361 91.2711 1.74793 94.9046
171.301 3.90869 91.2832 1.72832 94.8925
171.401 3.86377 91.2951 1.7087 94.8806
171.501 3.81885 91.3069 1.68907 94.8688
171.601 3.77392 91.3186 1.66944 94.8571
171.701 3.729 91.3301 1.6498 94.8456
171.801 3.68408 91.3415 1.63014 94.8342
171.901 3.63915 91.3528 1.61048 94.8229
172.001 3.59423 91.3639 1.59082 94.8118
172.101 3.5493 91.3749 1.57114 94.8008
172.201 3.50437 91.3857 1.55146 94.79
172.301 3.45945 91.3964 1.53176 94.7793
172.401 3.41452 91.407 1.51206 94.7687
172.501 3.36959 91.4174 1.49236 94.7583
172.601 3.32467 91.4277 1.47264 94.748
172.701 3.27974 91.4379 1.45292 94.7378
172.801 3.23481 91.4479 1.43319 94.7278
172.901 3.18988 91.4578 1.41345 94.7179
173.001 3.14495 91.4675 1.3937 94.7081
173.101 3.10002 91.4771 1.37395 94.6985
173.201 3.05509 91.4866 1.35419 94.6891
173.301 3.01016 91.496 1.33443 94.6797
173.401 2.96523 91.5051 1.31465 94.6705
173.501 2.9203 91.5142 1.29488 94.6615
173.601 2.87536 91.5231 1.27509 94.6526
173.701 2.83043 91.5319 1.2553 94.6438
173.801 2.7855 91.5406 1.2355 94.6351
173.901 2.74057 91.5491 1.21569 94.6266
174.001 2.69563 91.5574 1.19588 94.6183
174.101 2.6507 91.5657 1.17606 94.61
174.201 2.60577 91.5738 1.15624 94.6019
174.301 2.56083 91.5817 1.13641 94.594
174.401 2.5159 91.5895 1.11657 94.5862
174.501 2.47096 91.5972 1.09673 94.5785
174.601 2.42603 91.6048 1.07689 94.5709
174.701 2.38109 91.6122 1.05703 94.5635
174.801 2.33615 91.6194 1.03718 94.5563
174.901 2.29122 91.6265 1.01731 94.5491
175.001 2.24628 91.6335 0.997446 94.5421
175.101 2.20134 91.6404 0.977572 94.5353
175.201 2.15641 91.6471 0.957694 94.5286
175.301 2.11147 91.6537 0.937811 94.522
175.402 2.06653 91.6601 0.917923 94.5156
175.502 2.02159 91.6664 0.89803 94.5093
175.602 1.97665 91.6726 0.878133 94.5031
175.702 1.93172 91.6786 0.858231 94.4971
175.802 1.88678 91.6845 0.838325 94.4912
175.902 1.84184 91.6902 0.818414 94.4855
176.002 1.7969 91.6958 0.798499 94.4799
176.102 1.75196 91.7013 0.778581 94.4744
176.202 1.70702 91.7066 0.758658 94.4691
176.302 1.66208 91.7118 0.738731 94.4639
176.402 1.61714 91.7169 0.718801 94.4588
176.502 1.5722 91.7218 0.698867 94.4539
176.602 1.52726 91.7266 0.678929 94.4491
176.702 1.48232 91.7312 0.658988 94.4445
176.802 1.43738 91.7357 0.639043 94.44
176.902 1.39244 91.7401 0.619095 94.4356
177.002 1.34749 91.7443 0.599144 94.4314
177.102 1.30255 91.7484 0.57919 94.4273
177.202 1.25761 91.7523 0.559233 94.4234
177.302 1.21267 91.7561 0.539273 94.4195
177.402 1.16773 91.7598 0.51931 94.4159
177.502 1.12278 91.7633 0.499345 94.4123
177.602 1.07784 91.7667 0.479377 94.409
177.702 1.0329 91.77 0.459406 94.4057
177.802 0.987957 91.7731 0.439433 94.4026
177.902 0.943015 91.7761 0.419458 94.3996
178.002 0.898072 91.7789 0.399481 94.3968
178.102 0.853129 91.7816 0.379502 94.3941
178.202 0.808186 91.7842 0.359521 94.3915
178.302 0.763242 91.7866 0.339538 94.3891
178.402 0.718299 91.7889 0.319553 94.3868
178.502 0.673356 91.791 0.299567 94.3847
178.602 0.628412 91.793 0.279579 94.3826
178.702 0.583469 91.7949 0.259589 94.3808
178.802 0.538525 91.7966 0.239598 94.379
178.902 0.493581 91.7982 0.219606 94.3775
179.002 0.448638 91.7997 0.199613 94.376
179.102 0.403694 91.801 0.179619 94.3747
179.202 0.35875 91.8022 0.159624 94.3735
179.302 0.313806 91.8032 0.139628 94.3725
179.402 0.268862 91.8041 0.119632 94.3716
179.502 0.223918 91.8049 0.0996346 94.3708
179.602 0.178974 91.8055 0.0796369 94.3702
179.702 0.13403 91.806 0.0596388 94.3697
179.802 0.0890859 91.8063 0.0396404 94.3694
179.902 0.0441418 91.8065 0.0196417 94.3692
