0 3.10647e-14 0.929715 0 184.506
0.1 0.442713 0.929784 0.0140417 184.506
0.2 0.885354 0.929988 0.0280834 184.506
0.3 1.32785 0.930329 0.0421251 184.505
0.4 1.77013 0.930806 0.0561666 184.505
0.5 2.21212 0.931419 0.0702081 184.504
0.6 2.65375 0.932169 0.0842494 184.504
0.7 3.09495 0.933055 0.0982906 184.503
0.8 3.53565 0.934077 0.112332 184.502
0.9 3.97577 0.935236 0.126372 184.5
1 4.41525 0.936531 0.140413 184.499
1.1 4.85402 0.937962 0.154453 184.498
1.2 5.29201 0.93953 0.168493 184.496
1.3 5.72915 0.941234 0.182533 184.494
1.4 6.16537 0.943074 0.196572 184.493
1.5 6.6006 0.94505 0.210611 184.491
1.6 7.03479 0.947163 0.22465 184.489
1.7 7.46787 0.949412 0.238688 184.486
1.8 7.89976 0.951797 0.252726 184.484
1.9 8.33042 0.954319 0.266763 184.481
2 8.75976 0.956976 0.2808 184.479
2.1 9.18775 0.95977 0.294836 184.476
2.2 9.61431 0.9627 0.308871 184.473
2.3 10.0394 0.965767 0.322906 184.47
2.4 10.4629 0.968969 0.336941 184.467
2.5 10.8849 0.972308 0.350975 184.463
2.6 11.3052 0.975783 0.365008 184.46
2.7 11.7237 0.979394 0.37904 184.456
2.8 12.1406 0.983142 0.393072 184.453
2.9 12.5556 0.987025 0.407103 184.449
3 12.9687 0.991045 0.421134 184.445
3.1 13.38 0.9952 0.435163 184.44
3.2 13.7893 0.999492 0.449192 184.436
3.3 14.1966 1.00392 0.46322 184.432
3.4 14.6018 1.00848 0.477246 184.427
3.5 15.005 1.01318 0.491273 184.423
3.6 15.406 1.01802 0.505298 184.418
3.7 15.8049 1.02299 0.519322 184.413
3.8 16.2015 1.0281 0.533345 184.408
3.9 16.5959 1.03335 0.547367 184.402
4 16.988 1.03873 0.561389 184.397
4.1 17.3779 1.04424 0.575409 184.391
4.2 17.7653 1.04989 0.589428 184.386
4.3 18.1504 1.05568 0.603446 184.38
4.4 18.5331 1.06161 0.617463 184.374
4.5 18.9133 1.06767 0.631478 184.368
4.6 19.2911 1.07386 0.645493 184.362
4.7 19.6664 1.08019 0.659506 184.355
4.8 20.0391 1.08666 0.673518 184.349
4.9 20.4094 1.09327 0.687529 184.342
5 20.777 1.10001 0.701539 184.336
5.1 21.1421 1.10688 0.715547 184.329
5.2 21.5046 1.11389 0.729554 184.322
5.3 21.8645 1.12104 0.743559 184.315
5.4 22.2218 1.12832 0.757563 184.307
5.5 22.5764 1.13574 0.771566 184.3
5.6 22.9283 1.14329 0.785567 184.292
5.7 23.2776 1.15098 0.799567 184.285
5.8 23.6242 1.15881 0.813565 184.277
5.9 23.9681 1.16677 0.827562 184.269
6 24.3092 1.17486 0.841557 184.261
6.1 24.6477 1.1831 0.855551 184.253
6.2 24.9835 1.19146 0.869543 184.244
6.3 25.3165 1.19997 0.883533 184.236
6.4 25.6468 1.20861 0.897522 184.227
6.5 25.9744 1.21738 0.911509 184.218
6.6 26.2992 1.22629 0.925494 184.209
6.7 26.6213 1.23533 0.939478 184.2
6.8 26.9407 1.24451 0.95346 184.191
6.9 27.2573 1.25383 0.96744 184.182
7 27.5712 1.26328 0.981418 184.172
7.1 27.8823 1.27287 0.995395 184.163
7.2 28.1908 1.28259 1.00937 184.153
7.3 28.4965 1.29244 1.02334 184.143
7.4 28.7994 1.30244 1.03731 184.133
7.5 29.0997 1.31256 1.05128 184.123
7.6 29.3972 1.32283 1.06525 184.113
7.7 29.6921 1.33322 1.07921 184.102
7.79999 29.9842 1.34376 1.09318 184.092
7.89999 30.2736 1.35442 1.10714 184.081
7.99999 30.5604 1.36523 1.12109 184.07
8.09999 30.8445 1.37616 1.13505 184.06
8.2 31.1259 1.38724 1.14901 184.048
8.3 31.4047 1.39844 1.16296 184.037
8.4 31.6808 1.40979 1.17691 184.026
8.5 31.9543 1.42126 1.19086 184.014
8.6 32.2252 1.43287 1.2048 184.003
8.7 32.4934 1.44462 1.21875 183.991
8.8 32.7591 1.4565 1.23269 183.979
8.9 33.0222 1.46852 1.24663 183.967
9 33.2827 1.48067 1.26056 183.955
9.1 33.5407 1.49296 1.2745 183.943
9.2 33.7961 1.50538 1.28843 183.93
9.3 34.049 1.51793 1.30236 183.918
9.4 34.2994 1.53062 1.31628 183.905
9.5 34.5473 1.54344 1.33021 183.892
9.6 34.7927 1.5564 1.34413 183.879
9.7 35.0356 1.5695 1.35805 183.866
9.8 35.2761 1.58272 1.37197 183.853
9.9 35.5142 1.59608 1.38588 183.84
10 35.7498 1.60958 1.39979 183.826
10.1 35.9831 1.62321 1.4137 183.812
10.2 36.214 1.63697 1.42761 183.799
10.3 36.4425 1.65087 1.44151 183.785
10.4 36.6686 1.6649 1.45541 183.771
10.5 36.8924 1.67907 1.46931 183.757
10.6 37.1139 1.69337 1.48321 183.742
10.7 37.3331 1.70781 1.4971 183.728
10.8 37.5501 1.72237 1.51099 183.713
10.9 37.7647 1.73708 1.52487 183.699
11 37.9771 1.75191 1.53876 183.684
11.1 38.1873 1.76688 1.55264 183.669
11.2 38.3953 1.78199 1.56652 183.654
11.3 38.6011 1.79722 1.58039 183.638
11.4 38.8047 1.8126 1.59427 183.623
11.5 39.0062 1.8281 1.60814 183.608
11.6 39.2055 1.84374 1.622 183.592
11.7 39.4028 1.85951 1.63586 183.576
11.8 39.5979 1.87542 1.64973 183.56
11.9 39.7909 1.89145 1.66358 183.544
12 39.9819 1.90763 1.67744 183.528
12.1 40.1708 1.92393 1.69129 183.512
12.2 40.3577 1.94037 1.70513 183.495
12.3 40.5426 1.95694 1.71898 183.479
12.4 40.7255 1.97365 1.73282 183.462
12.5 40.9064 1.99049 1.74666 183.445
12.6 41.0854 2.00746 1.76049 183.428
12.7 41.2624 2.02456 1.77432 183.411
12.8 41.4375 2.0418 1.78815 183.394
12.9 41.6107 2.05917 1.80198 183.377
13 41.782 2.07668 1.8158 183.359
13.1 41.9515 2.09431 1.82961 183.341
13.2 42.1191 2.11208 1.84343 183.324
13.3 42.2848 2.12998 1.85724 183.306
13.4 42.4488 2.14802 1.87105 183.288
13.5 42.6109 2.16618 1.88485 183.27
13.6 42.7713 2.18448 1.89865 183.251
13.7 42.9299 2.20292 1.91245 183.233
13.8 43.0868 2.22148 1.92624 183.214
13.9 43.2419 2.24018 1.94003 183.196
14 43.3953 2.25901 1.95381 183.177
14.1 43.5471 2.27797 1.9676 183.158
14.2 43.6971 2.29706 1.98137 183.139
14.3 43.8455 2.31629 1.99515 183.119
14.4 43.9922 2.33564 2.00892 183.1
14.5 44.1373 2.35513 2.02269 183.081
14.6 44.2808 2.37476 2.03645 183.061
14.7 44.4226 2.39451 2.05021 183.041
14.8 44.5629 2.4144 2.06396 183.021
14.9 44.7017 2.43441 2.07772 183.001
15 44.8388 2.45456 2.09146 182.981
15.1 44.9745 2.47484 2.10521 182.961
15.2 45.1086 2.49526 2.11895 182.94
15.3 45.2412 2.5158 2.13268 182.92
15.4 45.3723 2.53648 2.14641 182.899
15.5 45.5019 2.55728 2.16014 182.878
15.6 45.6301 2.57822 2.17386 182.857
15.7 45.7568 2.59929 2.18758 182.836
15.8 45.8821 2.62049 2.2013 182.815
15.9 46.0059 2.64182 2.21501 182.794
16 46.1284 2.66329 2.22872 182.772
16.1 46.2495 2.68488 2.24242 182.751
16.2 46.3691 2.70661 2.25612 182.729
16.3 46.4875 2.72846 2.26981 182.707
16.4 46.6045 2.75045 2.2835 182.685
16.5 46.7201 2.77257 2.29719 182.663
16.6 46.8344 2.79482 2.31087 182.641
16.7 46.9474 2.81719 2.32454 182.618
16.8 47.0591 2.8397 2.33821 182.596
16.9 47.1696 2.86234 2.35188 182.573
17 47.2787 2.88512 2.36555 182.551
17.1 47.3866 2.90802 2.3792 182.528
17.2 47.4933 2.93105 2.39286 182.505
17.3 47.5987 2.95421 2.40651 182.481
17.4 47.7029 2.9775 2.42015 182.458
17.5 47.8059 3.00092 2.43379 182.435
17.6 47.9077 3.02447 2.44743 182.411
17.7 48.0083 3.04816 2.46106 182.388
17.8 48.1078 3.07197 2.47469 182.364
17.9 48.206 3.09591 2.48831 182.34
18 48.3032 3.11998 2.50193 182.316
18.1 48.3992 3.14418 2.51554 182.292
18.2 48.4941 3.16851 2.52915 182.267
18.3 48.5878 3.19297 2.54275 182.243
18.4 48.6805 3.21756 2.55635 182.218
18.5 48.7721 3.24228 2.56994 182.193
18.6 48.8625 3.26712 2.58353 182.169
18.7 48.952 3.2921 2.59711 182.144
18.8 49.0403 3.31721 2.61069 182.118
18.9 49.1276 3.34244 2.62426 182.093
19 49.2139 3.36781 2.63783 182.068
19.1 49.2991 3.3933 2.65139 182.042
19.2 49.3834 3.41892 2.66495 182.017
19.3 49.4666 3.44467 2.6785 181.991
19.4 49.5488 3.47055 2.69205 181.965
19.5 49.63 3.49656 2.70559 181.939
19.6 49.7103 3.5227 2.71913 181.913
19.7 49.7896 3.54896 2.73266 181.887
19.8 49.8679 3.57535 2.74619 181.86
19.9 49.9453 3.60187 2.75971 181.834
20 50.0218 3.62852 2.77323 181.807
20.1 50.0973 3.6553 2.78674 181.78
20.2 50.1719 3.68221 2.80025 181.753
20.3 50.2455 3.70924 2.81375 181.726
20.4 50.3183 3.7364 2.82724 181.699
20.5 50.3902 3.76369 2.84073 181.672
20.6 50.4612 3.79111 2.85422 181.645
20.7 50.5313 3.81865 2.8677 181.617
20.8 50.6006 3.84632 2.88117 181.589
20.9 50.669 3.87412 2.89464 181.562
21 50.7365 3.90205 2.9081 181.534
21.1 50.8032 3.9301 2.92156 181.506
21.2 50.8691 3.95829 2.93501 181.477
21.3 50.9341 3.98659 2.94845 181.449
21.4 50.9984 4.01503 2.96189 181.421
21.5 51.0618 4.04359 2.97533 181.392
21.6 51.1244 4.07228 2.98876 181.363
21.7 51.1862 4.1011 3.00218 181.335
21.8 51.2472 4.13004 3.0156 181.306
21.9 51.3075 4.15911 3.02901 181.277
22 51.367 4.1883 3.04241 181.247
22.1 51.4257 4.21763 3.05581 181.218
22.2 51.4836 4.24707 3.06921 181.189
22.3 51.5409 4.27665 3.08259 181.159
22.4 51.5973 4.30635 3.09598 181.129
22.5 51.653 4.33618 3.10935 181.1
22.6 51.708 4.36613 3.12272 181.07
22.7001 51.7623 4.39621 3.13609 181.039
22.8001 51.8159 4.42641 3.14944 181.009
22.9001 51.8687 4.45674 3.16279 180.979
23.0001 51.9209 4.4872 3.17614 180.948
23.1001 51.9724 4.51778 3.18948 180.918
23.2001 52.0231 4.54848 3.20281 180.887
23.3001 52.0732 4.57931 3.21614 180.856
23.4001 52.1226 4.61027 3.22946 180.825
23.5001 52.1714 4.64135 3.24278 180.794
23.6001 52.2195 4.67256 3.25609 180.763
23.7001 52.2669 4.70389 3.26939 180.732
23.8001 52.3137 4.73535 3.28268 180.7
23.9001 52.3598 4.76693 3.29597 180.669
24.0001 52.4053 4.79863 3.30926 180.637
24.1001 52.4502 4.83047 3.32253 180.605
24.2001 52.4944 4.86242 3.3358 180.573
24.3001 52.538 4.8945 3.34907 180.541
24.4001 52.581 4.9267 3.36233 180.509
24.5001 52.6234 4.95903 3.37558 180.477
24.6001 52.6652 4.99148 3.38882 180.444
24.7001 52.7064 5.02406 3.40206 180.412
24.8001 52.747 5.05676 3.41529 180.379
24.9001 52.787 5.08958 3.42852 180.346
25.0001 52.8264 5.12253 3.44174 180.313
25.1001 52.8653 5.1556 3.45495 180.28
25.2001 52.9036 5.18879 3.46815 180.247
25.3001 52.9413 5.22211 3.48135 180.214
25.4001 52.9784 5.25555 3.49454 180.18
25.5001 53.015 5.28911 3.50773 180.147
25.6001 53.0511 5.3228 3.5209 180.113
25.7001 53.0866 5.35661 3.53407 180.079
25.8001 53.1216 5.39054 3.54724 180.045
25.9001 53.156 5.4246 3.5604 180.011
26.0001 53.1899 5.45878 3.57355 179.977
26.1001 53.2232 5.49308 3.58669 179.943
26.2001 53.2561 5.5275 3.59983 179.908
26.3001 53.2884 5.56204 3.61296 179.874
26.4001 53.3202 5.59671 3.62608 179.839
26.5001 53.3515 5.6315 3.63919 179.804
26.6001 53.3824 5.66641 3.6523 179.769
26.7001 53.4127 5.70144 3.6654 179.734
26.8001 53.4425 5.7366 3.6785 179.699
26.9001 53.4718 5.77188 3.69158 179.664
27.0001 53.5006 5.80727 3.70466 179.628
27.1001 53.529 5.84279 3.71774 179.593
27.2001 53.5569 5.87844 3.7308 179.557
27.3001 53.5843 5.9142 3.74386 179.521
27.4001 53.6112 5.95008 3.75691 179.486
27.5001 53.6377 5.98609 3.76995 179.45
27.6001 53.6637 6.02221 3.78299 179.413
27.7001 53.6892 6.05846 3.79602 179.377
27.8001 53.7143 6.09482 3.80904 179.341
27.9001 53.739 6.13131 3.82205 179.304
28.0001 53.7632 6.16792 3.83506 179.268
28.1001 53.7869 6.20465 3.84806 179.231
28.2001 53.8102 6.2415 3.86105 179.194
28.3001 53.8331 6.27847 3.87404 179.157
28.4001 53.8556 6.31555 3.88701 179.12
28.5001 53.8776 6.35276 3.89998 179.083
28.6001 53.8992 6.39009 3.91294 179.046
28.7001 53.9204 6.42754 3.9259 179.008
28.8001 53.9412 6.46511 3.93884 178.971
28.9001 53.9616 6.50279 3.95178 178.933
29.0001 53.9815 6.5406 3.96471 178.895
29.1001 54.0011 6.57853 3.97763 178.857
29.2001 54.0202 6.61657 3.99055 178.819
29.3001 54.0389 6.65473 4.00345 178.781
29.4001 54.0573 6.69302 4.01635 178.743
29.5001 54.0753 6.73142 4.02924 178.704
29.6001 54.0928 6.76994 4.04213 178.666
29.7001 54.11 6.80858 4.055 178.627
29.8001 54.1268 6.84734 4.06787 178.588
29.9001 54.1432 6.88621 4.08073 178.549
30.0001 54.1593 6.9252 4.09358 178.51
30.1001 54.1749 6.96432 4.10642 178.471
30.2001 54.1903 7.00355 4.11926 178.432
30.3001 54.2052 7.04289 4.13209 178.393
30.4001 54.2198 7.08236 4.14491 178.353
30.5001 54.234 7.12194 4.15772 178.314
30.6001 54.2478 7.16164 4.17052 178.274
30.7001 54.2613 7.20146 4.18331 178.234
30.8001 54.2745 7.24139 4.1961 178.194
30.9001 54.2873 7.28144 4.20888 178.154
31.0001 54.2997 7.32161 4.22165 178.114
31.1001 54.3118 7.3619 4.23441 178.074
31.2001 54.3236 7.4023 4.24716 178.033
31.3001 54.335 7.44282 4.25991 177.993
31.4001 54.3461 7.48345 4.27264 177.952
31.5001 54.3569 7.52421 4.28537 177.911
31.6001 54.3673 7.56507 4.29809 177.871
31.7001 54.3774 7.60606 4.3108 177.83
31.8001 54.3872 7.64716 4.3235 177.789
31.9001 54.3966 7.68837 4.3362 177.747
32.0001 54.4058 7.72971 4.34888 177.706
32.1001 54.4146 7.77115 4.36156 177.665
32.2001 54.4231 7.81271 4.37423 177.623
32.3001 54.4313 7.85439 4.38689 177.581
32.4001 54.4392 7.89618 4.39954 177.54
32.5001 54.4467 7.93809 4.41218 177.498
32.6001 54.454 7.98011 4.42481 177.456
32.7001 54.461 8.02225 4.43743 177.413
32.8001 54.4676 8.0645 4.45005 177.371
32.9001 54.474 8.10687 4.46266 177.329
33.0001 54.4801 8.14935 4.47525 177.286
33.1001 54.4859 8.19195 4.48784 177.244
33.2001 54.4913 8.23466 4.50042 177.201
33.3001 54.4965 8.27748 4.51299 177.158
33.4001 54.5015 8.32042 4.52556 177.115
33.5001 54.5061 8.36347 4.53811 177.072
33.6001 54.5104 8.40663 4.55065 177.029
33.7001 54.5145 8.44991 4.56319 176.986
33.8001 54.5183 8.4933 4.57571 176.942
33.9001 54.5218 8.53681 4.58823 176.899
34.0001 54.525 8.58043 4.60074 176.855
34.1001 54.528 8.62416 4.61324 176.812
34.2001 54.5307 8.668 4.62573 176.768
34.3 54.5331 8.71196 4.63821 176.724
34.4 54.5353 8.75603 4.65068 176.68
34.5 54.5372 8.80021 4.66314 176.635
34.6 54.5388 8.84451 4.67559 176.591
34.7 54.5402 8.88891 4.68803 176.547
34.8 54.5414 8.93343 4.70047 176.502
34.9 54.5422 8.97806 4.71289 176.458
35 54.5428 9.02281 4.7253 176.413
35.1 54.5432 9.06766 4.73771 176.368
35.2 54.5433 9.11263 4.75011 176.323
35.3 54.5432 9.1577 4.76249 176.278
35.4 54.5428 9.20289 4.77487 176.233
35.5 54.5422 9.24819 4.78724 176.187
35.6 54.5413 9.2936 4.79959 176.142
35.7 54.5402 9.33912 4.81194 176.097
35.8 54.5388 9.38476 4.82428 176.051
35.9 54.5372 9.4305 4.83661 176.005
36 54.5354 9.47635 4.84893 175.959
36.1 54.5334 9.52231 4.86124 175.913
36.2 54.5311 9.56839 4.87354 175.867
36.3 54.5286 9.61457 4.88582 175.821
36.4 54.5258 9.66086 4.8981 175.775
36.5 54.5228 9.70727 4.91037 175.728
36.6 54.5196 9.75378 4.92263 175.682
36.7 54.5162 9.8004 4.93488 175.635
36.8 54.5126 9.84713 4.94712 175.589
36.9 54.5087 9.89397 4.95936 175.542
37 54.5046 9.94092 4.97158 175.495
37.1 54.5003 9.98798 4.98379 175.448
37.2 54.4958 10.0351 4.99599 175.401
37.3 54.491 10.0824 5.00818 175.353
37.4 54.4861 10.1298 5.02036 175.306
37.5 54.4809 10.1773 5.03253 175.258
37.6 54.4755 10.2249 5.04469 175.211
37.7 54.47 10.2726 5.05683 175.163
37.8 54.4642 10.3204 5.06897 175.115
37.9 54.4582 10.3683 5.0811 175.067
38 54.452 10.4164 5.09322 175.019
38.1 54.4456 10.4645 5.10533 174.971
38.2 54.439 10.5128 5.11743 174.923
38.3 54.4322 10.5611 5.12952 174.875
38.4 54.4252 10.6096 5.14159 174.826
38.5 54.418 10.6581 5.15366 174.778
38.6 54.4106 10.7068 5.16572 174.729
38.7 54.403 10.7556 5.17776 174.68
38.8 54.3952 10.8045 5.1898 174.631
38.9 54.3873 10.8535 5.20182 174.582
39 54.3791 10.9026 5.21384 174.533
39.1 54.3708 10.9518 5.22584 174.484
39.2 54.3622 11.0011 5.23784 174.435
39.3 54.3535 11.0505 5.24982 174.385
39.4 54.3446 11.1 5.26179 174.336
39.5 54.3355 11.1497 5.27375 174.286
39.6 54.3262 11.1994 5.2857 174.236
39.7 54.3168 11.2492 5.29764 174.186
39.8 54.3071 11.2992 5.30957 174.137
39.9 54.2973 11.3492 5.32149 174.086
40 54.2873 11.3994 5.33339 174.036
40.1 54.2771 11.4496 5.34529 173.986
40.2 54.2668 11.5 5.35718 173.936
40.3 54.2563 11.5505 5.36905 173.885
40.4 54.2456 11.601 5.38091 173.835
40.5 54.2347 11.6517 5.39277 173.784
40.6 54.2237 11.7025 5.40461 173.733
40.7 54.2124 11.7534 5.41644 173.682
40.7999 54.2011 11.8043 5.42826 173.631
40.8999 54.1895 11.8554 5.44007 173.58
40.9999 54.1778 11.9066 5.45186 173.529
41.0999 54.1659 11.9579 5.46365 173.478
41.1999 54.1539 12.0093 5.47542 173.426
41.2999 54.1417 12.0608 5.48719 173.375
41.3999 54.1293 12.1124 5.49894 173.323
41.4999 54.1168 12.1641 5.51068 173.272
41.5999 54.1041 12.2159 5.52241 173.22
41.6999 54.0913 12.2678 5.53413 173.168
41.7999 54.0783 12.3198 5.54583 173.116
41.8999 54.0651 12.3719 5.55753 173.064
41.9999 54.0518 12.4241 5.56921 173.012
42.0999 54.0383 12.4764 5.58089 172.959
42.1999 54.0247 12.5289 5.59255 172.907
42.2999 54.0109 12.5814 5.6042 172.854
42.3999 53.997 12.634 5.61583 172.802
42.4999 53.9829 12.6867 5.62746 172.749
42.5999 53.9687 12.7395 5.63908 172.696
42.6999 53.9543 12.7924 5.65068 172.643
42.7999 53.9398 12.8454 5.66227 172.59
42.8999 53.9251 12.8986 5.67385 172.537
42.9999 53.9103 12.9518 5.68542 172.484
43.0999 53.8953 13.0051 5.69697 172.431
43.1999 53.8802 13.0585 5.70852 172.377
43.2999 53.865 13.112 5.72005 172.324
43.3999 53.8496 13.1656 5.73157 172.27
43.4999 53.8341 13.2194 5.74308 172.216
43.5999 53.8184 13.2732 5.75458 172.163
43.6999 53.8026 13.3271 5.76606 172.109
43.7999 53.7866 13.3811 5.77754 172.055
43.8999 53.7705 13.4352 5.789 172
43.9999 53.7543 13.4894 5.80045 171.946
44.0999 53.7379 13.5437 5.81188 171.892
44.1999 53.7214 13.5981 5.82331 171.838
44.2999 53.7048 13.6526 5.83472 171.783
44.3999 53.688 13.7072 5.84612 171.728
44.4999 53.6711 13.7619 5.85751 171.674
44.5999 53.6541 13.8167 5.86889 171.619
44.6999 53.6369 13.8716 5.88025 171.564
44.7999 53.6196 13.9266 5.8916 171.509
44.8999 53.6022 13.9817 5.90294 171.454
44.9999 53.5846 14.0368 5.91427 171.399
45.0999 53.567 14.0921 5.92559 171.344
45.1999 53.5492 14.1475 5.93689 171.288
45.2999 53.5312 14.2029 5.94818 171.233
45.3999 53.5132 14.2585 5.95946 171.177
45.4999 53.495 14.3142 5.97072 171.122
45.5999 53.4767 14.3699 5.98197 171.066
45.6999 53.4582 14.4258 5.99321 171.01
45.7999 53.4397 14.4817 6.00444 170.954
45.8999 53.421 14.5378 6.01566 170.898
45.9999 53.4022 14.5939 6.02686 170.842
46.0999 53.3833 14.6501 6.03805 170.786
46.1999 53.3642 14.7065 6.04923 170.729
46.2999 53.3451 14.7629 6.06039 170.673
46.3999 53.3258 14.8194 6.07154 170.616
46.4999 53.3064 14.876 6.08268 170.56
46.5999 53.2869 14.9327 6.09381 170.503
46.6999 53.2673 14.9895 6.10492 170.446
46.7999 53.2475 15.0464 6.11602 170.389
46.8999 53.2277 15.1034 6.12711 170.332
46.9999 53.2077 15.1604 6.13818 170.275
47.0999 53.1876 15.2176 6.14925 170.218
47.1999 53.1674 15.2749 6.16029 170.161
47.2999 53.1471 15.3322 6.17133 170.103
47.3998 53.1267 15.3897 6.18235 170.046
47.4998 53.1062 15.4472 6.19336 169.988
47.5998 53.0855 15.5048 6.20436 169.931
47.6998 53.0648 15.5625 6.21534 169.873
47.7998 53.0439 15.6204 6.22631 169.815
47.8998 53.0229 15.6783 6.23727 169.757
47.9998 53.0019 15.7363 6.24821 169.699
48.0998 52.9807 15.7943 6.25915 169.641
48.1998 52.9594 15.8525 6.27006 169.583
48.2998 52.938 15.9108 6.28097 169.525
48.3998 52.9165 15.9692 6.29186 169.467
48.4998 52.8949 16.0276 6.30274 169.408
48.5998 52.8732 16.0862 6.3136 169.35
48.6998 52.8514 16.1448 6.32445 169.291
48.7998 52.8295 16.2035 6.33529 169.232
48.8998 52.8074 16.2623 6.34611 169.173
48.9998 52.7853 16.3212 6.35692 169.114
49.0998 52.7631 16.3802 6.36772 169.055
49.1998 52.7408 16.4393 6.3785 168.996
49.2998 52.7184 16.4985 6.38927 168.937
49.3998 52.6958 16.5577 6.40003 168.878
49.4998 52.6732 16.6171 6.41077 168.819
49.5998 52.6505 16.6765 6.4215 168.759
49.6998 52.6277 16.736 6.43221 168.7
49.7998 52.6048 16.7956 6.44291 168.64
49.8998 52.5818 16.8553 6.4536 168.58
49.9998 52.5587 16.9151 6.46427 168.521
50.0998 52.5355 16.975 6.47493 168.461
50.1998 52.5122 17.0349 6.48558 168.401
50.2998 52.4888 17.095 6.49621 168.341
50.3998 52.4653 17.1551 6.50683 168.281
50.4998 52.4418 17.2154 6.51743 168.22
50.5998 52.4181 17.2757 6.52802 168.16
50.6998 52.3943 17.3361 6.5386 168.1
50.7998 52.3705 17.3965 6.54916 168.039
50.8998 52.3465 17.4571 6.55971 167.979
50.9998 52.3225 17.5178 6.57024 167.918
51.0998 52.2984 17.5785 6.58076 167.857
51.1998 52.2742 17.6393 6.59127 167.796
51.2998 52.2499 17.7002 6.60176 167.735
51.3998 52.2255 17.7612 6.61224 167.674
51.4998 52.201 17.8223 6.6227 167.613
51.5998 52.1764 17.8835 6.63315 167.552
51.6998 52.1518 17.9447 6.64358 167.491
51.7998 52.1271 18.0061 6.654 167.43
51.8998 52.1022 18.0675 6.66441 167.368
51.9998 52.0773 18.129 6.6748 167.307
52.0998 52.0523 18.1906 6.68517 167.245
52.1998 52.0272 18.2523 6.69554 167.183
52.2998 52.0021 18.314 6.70588 167.122
52.3998 51.9768 18.3759 6.71622 167.06
52.4998 51.9515 18.4378 6.72653 166.998
52.5998 51.9261 18.4998 6.73684 166.936
52.6998 51.9006 18.5619 6.74713 166.874
52.7998 51.875 18.624 6.7574 166.812
52.8998 51.8493 18.6863 6.76766 166.749
52.9998 51.8236 18.7486 6.77791 166.687
53.0998 51.7978 18.811 6.78814 166.625
53.1998 51.7719 18.8735 6.79835 166.562
53.2998 51.7459 18.9361 6.80855 166.5
53.3998 51.7198 18.9988 6.81874 166.437
53.4998 51.6937 19.0615 6.82891 166.374
53.5998 51.6674 19.1244 6.83907 166.311
53.6998 51.6411 19.1873 6.84921 166.248
53.7998 51.6148 19.2502 6.85933 166.185
53.8997 51.5883 19.3133 6.86945 166.122
53.9997 51.5618 19.3765 6.87954 166.059
54.0997 51.5352 19.4397 6.88962 165.996
54.1997 51.5085 19.503 6.89969 165.933
54.2997 51.4817 19.5664 6.90974 165.869
54.3997 51.4549 19.6298 6.91978 165.806
54.4997 51.428 19.6934 6.9298 165.742
54.5997 51.401 19.757 6.9398 165.679
54.6997 51.3739 19.8207 6.94979 165.615
54.7997 51.3468 19.8845 6.95977 165.551
54.8997 51.3196 19.9484 6.96973 165.487
54.9997 51.2923 20.0123 6.97967 165.423
55.0997 51.265 20.0763 6.9896 165.359
55.1997 51.2375 20.1404 6.99951 165.295
55.2997 51.21 20.2046 7.00941 165.231
55.3997 51.1825 20.2688 7.01929 165.167
55.4997 51.1548 20.3332 7.02916 165.103
55.5997 51.1271 20.3976 7.03901 165.038
55.6997 51.0993 20.4621 7.04885 164.974
55.7997 51.0715 20.5266 7.05867 164.909
55.8997 51.0436 20.5912 7.06847 164.844
55.9997 51.0156 20.656 7.07826 164.78
56.0997 50.9875 20.7208 7.08804 164.715
56.1997 50.9594 20.7856 7.09779 164.65
56.2997 50.9312 20.8506 7.10754 164.585
56.3997 50.9029 20.9156 7.11726 164.52
56.4997 50.8746 20.9807 7.12697 164.455
56.5997 50.8462 21.0458 7.13667 164.39
56.6997 50.8177 21.1111 7.14635 164.325
56.7997 50.7892 21.1764 7.15601 164.259
56.8997 50.7606 21.2418 7.16566 164.194
56.9997 50.7319 21.3072 7.17529 164.128
57.0997 50.7032 21.3728 7.1849 164.063
57.1997 50.6744 21.4384 7.1945 163.997
57.2997 50.6456 21.5041 7.20409 163.932
57.3997 50.6166 21.5698 7.21365 163.866
57.4997 50.5876 21.6357 7.2232 163.8
57.5997 50.5586 21.7016 7.23274 163.734
57.6997 50.5295 21.7676 7.24226 163.668
57.7997 50.5003 21.8336 7.25176 163.602
57.8997 50.471 21.8998 7.26125 163.536
57.9997 50.4417 21.966 7.27072 163.47
58.0997 50.4124 22.0322 7.28017 163.403
58.1997 50.3829 22.0986 7.28961 163.337
58.2997 50.3535 22.165 7.29903 163.271
58.3997 50.3239 22.2315 7.30843 163.204
58.4997 50.2943 22.298 7.31782 163.138
58.5997 50.2646 22.3647 7.32719 163.071
58.6997 50.2349 22.4314 7.33655 163.004
58.7997 50.2051 22.4981 7.34589 162.938
58.8997 50.1752 22.565 7.35521 162.871
58.9997 50.1453 22.6319 7.36452 162.804
59.0997 50.1153 22.6989 7.3738 162.737
59.1997 50.0853 22.7659 7.38308 162.67
59.2997 50.0552 22.833 7.39233 162.603
59.3997 50.0251 22.9002 7.40157 162.535
59.4997 49.9949 22.9675 7.41079 162.468
59.5997 49.9646 23.0348 7.42 162.401
59.6997 49.9343 23.1022 7.42919 162.333
59.7997 49.9039 23.1697 7.43836 162.266
59.8997 49.8734 23.2372 7.44752 162.198
59.9997 49.8429 23.3048 7.45665 162.131
60.0997 49.8124 23.3725 7.46578 162.063
60.1997 49.7818 23.4403 7.47488 161.995
60.2997 49.7511 23.5081 7.48397 161.928
60.3997 49.7204 23.5759 7.49304 161.86
60.4996 49.6896 23.6439 7.50209 161.792
60.5996 49.6588 23.7119 7.51113 161.724
60.6996 49.6279 23.78 7.52015 161.656
60.7996 49.597 23.8481 7.52915 161.588
60.8996 49.566 23.9163 7.53813 161.519
60.9996 49.5349 23.9846 7.5471 161.451
61.0996 49.5038 24.0529 7.55605 161.383
61.1996 49.4727 24.1214 7.56498 161.314
61.2996 49.4415 24.1898 7.5739 161.246
61.3996 49.4102 24.2584 7.5828 161.177
61.4996 49.3789 24.327 7.59168 161.109
61.5996 49.3475 24.3957 7.60054 161.04
61.6996 49.3161 24.4644 7.60939 160.971
61.7996 49.2846 24.5332 7.61822 160.902
61.8996 49.2531 24.6021 7.62703 160.834
61.9996 49.2215 24.671 7.63583 160.765
62.0996 49.1899 24.74 7.6446 160.696
62.1996 49.1582 24.809 7.65336 160.627
62.2996 49.1265 24.8782 7.6621 160.558
62.3996 49.0947 24.9473 7.67083 160.488
62.4996 49.0629 25.0166 7.67953 160.419
62.5996 49.031 25.0859 7.68822 160.35
62.6996 48.9991 25.1553 7.69689 160.28
62.7996 48.9671 25.2247 7.70554 160.211
62.8996 48.9351 25.2942 7.71418 160.141
62.9996 48.903 25.3638 7.7228 160.072
63.0996 48.8709 25.4334 7.7314 160.002
63.1996 48.8387 25.5031 7.73998 159.933
63.2996 48.8065 25.5728 7.74854 159.863
63.3996 48.7742 25.6426 7.75709 159.793
63.4996 48.7419 25.7125 7.76561 159.723
63.5996 48.7095 25.7824 7.77412 159.653
63.6996 48.6771 25.8524 7.78261 159.583
63.7996 48.6446 25.9224 7.79109 159.513
63.8996 48.6121 25.9926 7.79954 159.443
63.9996 48.5796 26.0627 7.80798 159.373
64.0996 48.5469 26.1329 7.8164 159.303
64.1996 48.5143 26.2032 7.8248 159.232
64.2996 48.4816 26.2736 7.83318 159.162
64.3996 48.4489 26.344 7.84155 159.092
64.4996 48.4161 26.4145 7.84989 159.021
64.5996 48.3832 26.485 7.85822 158.951
64.6996 48.3504 26.5556 7.86653 158.88
64.7996 48.3174 26.6262 7.87482 158.809
64.8996 48.2845 26.6969 7.88309 158.739
64.9996 48.2514 26.7677 7.89135 158.668
65.0996 48.2184 26.8385 7.89958 158.597
65.1996 48.1853 26.9093 7.9078 158.526
65.2996 48.1521 26.9803 7.916 158.455
65.3996 48.1189 27.0513 7.92418 158.384
65.4996 48.0857 27.1223 7.93234 158.313
65.5996 48.0524 27.1934 7.94048 158.242
65.6996 48.0191 27.2646 7.94861 158.171
65.7996 47.9857 27.3358 7.95671 158.1
65.8996 47.9523 27.407 7.9648 158.029
65.9996 47.9189 27.4784 7.97287 157.957
66.0996 47.8854 27.5497 7.98092 157.886
66.1996 47.8518 27.6212 7.98895 157.815
66.2996 47.8182 27.6927 7.99696 157.743
66.3996 47.7846 27.7642 8.00495 157.671
66.4996 47.751 27.8358 8.01292 157.6
66.5996 47.7173 27.9075 8.02088 157.528
66.6996 47.6835 27.9792 8.02881 157.457
66.7996 47.6497 28.0509 8.03673 157.385
66.8996 47.6159 28.1227 8.04463 157.313
66.9995 47.582 28.1946 8.05251 157.241
67.0995 47.5481 28.2665 8.06037 157.169
67.1995 47.5141 28.3385 8.06821 157.097
67.2995 47.4802 28.4105 8.07603 157.025
67.3995 47.4461 28.4826 8.08383 156.953
67.4995 47.412 28.5547 8.09161 156.881
67.5995 47.3779 28.6269 8.09937 156.809
67.6995 47.3438 28.6992 8.10712 156.737
67.7995 47.3096 28.7714 8.11484 156.664
67.8995 47.2754 28.8438 8.12255 156.592
67.9995 47.2411 28.9162 8.13023 156.52
68.0995 47.2068 28.9886 8.1379 156.447
68.1995 47.1724 29.0611 8.14555 156.375
68.2995 47.138 29.1337 8.15317 156.302
68.3995 47.1036 29.2062 8.16078 156.229
68.4995 47.0691 29.2789 8.16837 156.157
68.5995 47.0346 29.3516 8.17594 156.084
68.6995 47.0001 29.4243 8.18349 156.011
68.7995 46.9655 29.4971 8.19102 155.939
68.8995 46.9309 29.57 8.19853 155.866
68.9995 46.8962 29.6429 8.20602 155.793
69.0995 46.8615 29.7158 8.21349 155.72
69.1995 46.8268 29.7888 8.22094 155.647
69.2995 46.7921 29.8618 8.22837 155.574
69.3995 46.7572 29.9349 8.23578 155.501
69.4995 46.7224 30.008 8.24317 155.428
69.5995 46.6875 30.0812 8.25054 155.354
69.6995 46.6526 30.1544 8.25789 155.281
69.7995 46.6177 30.2277 8.26522 155.208
69.8995 46.5827 30.301 8.27253 155.135
69.9995 46.5477 30.3744 8.27982 155.061
70.0995 46.5126 30.4478 8.28709 154.988
70.1995 46.4775 30.5213 8.29434 154.914
70.2995 46.4424 30.5948 8.30157 154.841
70.3995 46.4072 30.6684 8.30878 154.767
70.4995 46.372 30.742 8.31598 154.694
70.5995 46.3368 30.8156 8.32315 154.62
70.6995 46.3015 30.8893 8.33029 154.546
70.7995 46.2662 30.963 8.33742 154.473
70.8995 46.2309 31.0368 8.34453 154.399
70.9995 46.1955 31.1106 8.35162 154.325
71.0995 46.1601 31.1845 8.35869 154.251
71.1995 46.1246 31.2584 8.36574 154.177
71.2995 46.0892 31.3324 8.37277 154.103
71.3995 46.0537 31.4064 8.37977 154.029
71.4995 46.0181 31.4804 8.38676 153.955
71.5995 45.9825 31.5545 8.39372 153.881
71.6995 45.9469 31.6287 8.40067 153.807
71.7995 45.9113 31.7028 8.40759 153.733
71.8995 45.8756 31.777 8.4145 153.659
71.9995 45.8399 31.8513 8.42138 153.584
72.0995 45.8042 31.9256 8.42824 153.51
72.1995 45.7684 31.9999 8.43509 153.436
72.2995 45.7326 32.0743 8.44191 153.361
72.3995 45.6967 32.1488 8.44871 153.287
72.4995 45.6609 32.2232 8.45549 153.212
72.5995 45.625 32.2977 8.46225 153.138
72.6995 45.589 32.3723 8.46898 153.063
72.7995 45.553 32.4469 8.4757 152.989
72.8995 45.517 32.5215 8.4824 152.914
72.9995 45.481 32.5962 8.48907 152.84
73.0995 45.445 32.6709 8.49572 152.765
73.1995 45.4089 32.7456 8.50236 152.69
73.2995 45.3727 32.8204 8.50897 152.615
73.3995 45.3366 32.8953 8.51556 152.54
73.4995 45.3004 32.9701 8.52213 152.466
73.5994 45.2642 33.045 8.52868 152.391
73.6994 45.2279 33.12 8.5352 152.316
73.7994 45.1916 33.195 8.54171 152.241
73.8994 45.1553 33.27 8.54819 152.166
73.9994 45.119 33.345 8.55466 152.091
74.0994 45.0826 33.4201 8.5611 152.016
74.1994 45.0462 33.4953 8.56752 151.94
74.2994 45.0098 33.5704 8.57392 151.865
74.3994 44.9733 33.6456 8.58029 151.79
74.4994 44.9368 33.7209 8.58665 151.715
74.5994 44.9003 33.7962 8.59298 151.64
74.6994 44.8637 33.8715 8.5993 151.564
74.7994 44.8271 33.9468 8.60559 151.489
74.8994 44.7905 34.0222 8.61186 151.413
74.9994 44.7539 34.0977 8.61811 151.338
75.0994 44.7172 34.1731 8.62433 151.263
75.1994 44.6805 34.2486 8.63054 151.187
75.2994 44.6438 34.3241 8.63672 151.112
75.3994 44.607 34.3997 8.64288 151.036
75.4994 44.5703 34.4753 8.64902 150.96
75.5994 44.5334 34.5509 8.65514 150.885
75.6994 44.4966 34.6266 8.66123 150.809
75.7994 44.4597 34.7023 8.66731 150.733
75.8994 44.4228 34.778 8.67336 150.658
75.9994 44.3859 34.8538 8.67939 150.582
76.0994 44.349 34.9296 8.6854 150.506
76.1994 44.312 35.0054 8.69138 150.43
76.2994 44.275 35.0813 8.69735 150.354
76.3994 44.2379 35.1572 8.70329 150.278
76.4994 44.2009 35.2331 8.70921 150.203
76.5994 44.1638 35.3091 8.7151 150.127
76.6994 44.1267 35.3851 8.72098 150.051
76.7994 44.0895 35.4611 8.72683 149.975
76.8994 44.0523 35.5372 8.73266 149.899
76.9994 44.0151 35.6132 8.73847 149.822
77.0994 43.9779 35.6894 8.74426 149.746
77.1994 43.9407 35.7655 8.75002 149.67
77.2994 43.9034 35.8417 8.75576 149.594
77.3994 43.8661 35.9179 8.76148 149.518
77.4994 43.8287 35.9941 8.76718 149.442
77.5994 43.7914 36.0704 8.77285 149.365
77.6994 43.754 36.1467 8.77851 149.289
77.7994 43.7166 36.223 8.78413 149.213
77.8994 43.6791 36.2994 8.78974 149.136
77.9994 43.6417 36.3758 8.79533 149.06
78.0994 43.6042 36.4522 8.80089 148.984
78.1994 43.5667 36.5286 8.80643 148.907
78.2994 43.5291 36.6051 8.81194 148.831
78.3994 43.4916 36.6816 8.81743 148.754
78.4994 43.454 36.7581 8.82291 148.678
78.5994 43.4164 36.8346 8.82835 148.601
78.6994 43.3787 36.9112 8.83378 148.524
78.7994 43.3411 36.9878 8.83918 148.448
78.8994 43.3034 37.0644 8.84456 148.371
78.9994 43.2656 37.1411 8.84992 148.295
79.0994 43.2279 37.2178 8.85525 148.218
79.1994 43.1901 37.2945 8.86056 148.141
79.2994 43.1523 37.3712 8.86585 148.064
79.3994 43.1145 37.448 8.87111 147.988
79.4994 43.0767 37.5248 8.87635 147.911
79.5994 43.0388 37.6016 8.88157 147.834
79.6994 43.0009 37.6784 8.88677 147.757
79.7994 42.963 37.7553 8.89194 147.68
79.8994 42.9251 37.8321 8.89709 147.604
79.9994 42.8871 37.909 8.90221 147.527
80.0993 42.8491 37.986 8.90731 147.45
80.1993 42.8111 38.0629 8.91239 147.373
80.2993 42.7731 38.1399 8.91745 147.296
80.3993 42.735 38.2169 8.92248 147.219
80.4993 42.697 38.2939 8.92749 147.142
80.5993 42.6589 38.371 8.93248 147.065
80.6993 42.6207 38.448 8.93744 146.988
80.7993 42.5826 38.5251 8.94238 146.911
80.8993 42.5444 38.6022 8.94729 146.833
80.9993 42.5062 38.6794 8.95218 146.756
81.0993 42.468 38.7565 8.95705 146.679
81.1993 42.4298 38.8337 8.9619 146.602
81.2993 42.3915 38.9109 8.96672 146.525
81.3993 42.3532 38.9881 8.97151 146.448
81.4993 42.3149 39.0653 8.97629 146.37
81.5993 42.2766 39.1426 8.98104 146.293
81.6993 42.2382 39.2199 8.98576 146.216
81.7993 42.1998 39.2972 8.99046 146.139
81.8993 42.1614 39.3745 8.99514 146.061
81.9993 42.123 39.4518 8.9998 145.984
82.0993 42.0846 39.5292 9.00443 145.907
82.1993 42.0461 39.6065 9.00903 145.829
82.2993 42.0076 39.6839 9.01362 145.752
82.3993 41.9691 39.7613 9.01817 145.674
82.4993 41.9306 39.8388 9.02271 145.597
82.5993 41.892 39.9162 9.02722 145.519
82.6993 41.8535 39.9937 9.03171 145.442
82.7993 41.8149 40.0711 9.03617 145.365
82.8993 41.7762 40.1486 9.04061 145.287
82.9993 41.7376 40.2261 9.04502 145.21
83.0993 41.6989 40.3037 9.04941 145.132
83.1993 41.6603 40.3812 9.05378 145.054
83.2993 41.6216 40.4588 9.05812 144.977
83.3993 41.5828 40.5364 9.06243 144.899
83.4993 41.5441 40.614 9.06673 144.822
83.5993 41.5053 40.6916 9.071 144.744
83.6993 41.4665 40.7692 9.07524 144.666
83.7993 41.4277 40.8468 9.07946 144.589
83.8993 41.3889 40.9245 9.08365 144.511
83.9993 41.3501 41.0021 9.08783 144.434
84.0993 41.3112 41.0798 9.09197 144.356
84.1993 41.2723 41.1575 9.09609 144.278
84.2993 41.2334 41.2352 9.10019 144.2
84.3993 41.1945 41.313 9.10426 144.123
84.4993 41.1555 41.3907 9.10831 144.045
84.5993 41.1166 41.4685 9.11233 143.967
84.6993 41.0776 41.5462 9.11633 143.889
84.7993 41.0386 41.624 9.12031 143.812
84.8993 40.9995 41.7018 9.12425 143.734
84.9993 40.9605 41.7796 9.12818 143.656
85.0993 40.9214 41.8574 9.13208 143.578
85.1993 40.8823 41.9352 9.13595 143.5
85.2993 40.8432 42.013 9.1398 143.423
85.3993 40.8041 42.0909 9.14363 143.345
85.4993 40.7649 42.1688 9.14743 143.267
85.5993 40.7258 42.2466 9.1512 143.189
85.6993 40.6866 42.3245 9.15495 143.111
85.7993 40.6474 42.4024 9.15868 143.033
85.8993 40.6082 42.4803 9.16238 142.955
85.9993 40.5689 42.5582 9.16605 142.877
86.0993 40.5296 42.6361 9.1697 142.8
86.1993 40.4904 42.714 9.17332 142.722
86.2993 40.4511 42.792 9.17692 142.644
86.3993 40.4117 42.8699 9.1805 142.566
86.4993 40.3724 42.9479 9.18405 142.488
86.5993 40.3331 43.0258 9.18757 142.41
86.6992 40.2937 43.1038 9.19107 142.332
86.7992 40.2543 43.1818 9.19454 142.254
86.8992 40.2149 43.2598 9.19799 142.176
86.9992 40.1754 43.3378 9.20141 142.098
87.0992 40.136 43.4158 9.20481 142.02
87.1992 40.0965 43.4938 9.20818 141.942
87.2992 40.057 43.5718 9.21152 141.864
87.3992 40.0175 43.6498 9.21484 141.786
87.4992 39.978 43.7278 9.21814 141.708
87.5992 39.9385 43.8059 9.22141 141.63
87.6992 39.8989 43.8839 9.22465 141.552
87.7992 39.8593 43.9619 9.22787 141.474
87.8992 39.8197 44.04 9.23106 141.396
87.9992 39.7801 44.118 9.23423 141.318
88.0992 39.7405 44.1961 9.23737 141.24
88.1992 39.7009 44.2742 9.24048 141.162
88.2992 39.6612 44.3522 9.24357 141.083
88.3992 39.6215 44.4303 9.24663 141.005
88.4992 39.5818 44.5084 9.24967 140.927
88.5992 39.5421 44.5865 9.25268 140.849
88.6992 39.5024 44.6645 9.25567 140.771
88.7992 39.4626 44.7426 9.25863 140.693
88.8992 39.4228 44.8207 9.26156 140.615
88.9992 39.3831 44.8988 9.26447 140.537
89.0992 39.3433 44.9769 9.26735 140.459
89.1992 39.3034 45.055 9.27021 140.381
89.2992 39.2636 45.1331 9.27303 140.303
89.3992 39.2238 45.2112 9.27584 140.225
89.4992 39.1839 45.2893 9.27862 140.146
89.5992 39.144 45.3674 9.28137 140.068
89.6992 39.1041 45.4455 9.28409 139.99
89.7992 39.0642 45.5236 9.28679 139.912
89.8992 39.0242 45.6017 9.28946 139.834
89.9992 38.9843 45.6798 9.29211 139.756
90.0992 38.9443 45.7579 9.29473 139.678
90.1992 38.9043 45.836 9.29732 139.6
90.2992 38.8643 45.9141 9.29989 139.522
90.3992 38.8243 45.9922 9.30243 139.443
90.4992 38.7843 46.0703 9.30494 139.365
90.5992 38.7442 46.1484 9.30743 139.287
90.6992 38.7042 46.2265 9.30989 139.209
90.7992 38.6641 46.3046 9.31232 139.131
90.8992 38.624 46.3827 9.31473 139.053
90.9992 38.5839 46.4608 9.31711 138.975
91.0992 38.5437 46.5389 9.31947 138.897
91.1992 38.5036 46.617 9.3218 138.819
91.2992 38.4634 46.6951 9.3241 138.741
91.3992 38.4232 46.7731 9.32637 138.663
91.4992 38.383 46.8512 9.32862 138.584
91.5992 38.3428 46.9293 9.33084 138.506
91.6992 38.3026 47.0074 9.33303 138.428
91.7992 38.2624 47.0854 9.3352 138.35
91.8992 38.2221 47.1635 9.33734 138.272
91.9992 38.1818 47.2416 9.33946 138.194
92.0992 38.1416 47.3196 9.34154 138.116
92.1992 38.1012 47.3977 9.3436 138.038
92.2992 38.0609 47.4757 9.34564 137.96
92.3992 38.0206 47.5537 9.34764 137.882
92.4992 37.9803 47.6318 9.34962 137.804
92.5992 37.9399 47.7098 9.35157 137.726
92.6992 37.8995 47.7878 9.3535 137.648
92.7992 37.8591 47.8658 9.35539 137.57
92.8992 37.8187 47.9438 9.35726 137.492
92.9992 37.7783 48.0218 9.35911 137.414
93.0992 37.7378 48.0998 9.36092 137.336
93.1992 37.6974 48.1778 9.36271 137.258
93.2991 37.6569 48.2558 9.36447 137.18
93.3991 37.6164 48.3338 9.36621 137.102
93.4991 37.576 48.4117 9.36792 137.024
93.5991 37.5354 48.4897 9.3696 136.946
93.6991 37.4949 48.5676 9.37125 136.868
93.7991 37.4544 48.6456 9.37287 136.79
93.8991 37.4138 48.7235 9.37447 136.712
93.9991 37.3733 48.8014 9.37604 136.634
94.0991 37.3327 48.8793 9.37758 136.556
94.1991 37.2921 48.9572 9.3791 136.478
94.2991 37.2515 49.0351 9.38058 136.401
94.3991 37.2108 49.113 9.38204 136.323
94.4991 37.1702 49.1908 9.38348 136.245
94.5991 37.1295 49.2687 9.38488 136.167
94.6991 37.0889 49.3466 9.38626 136.089
94.7991 37.0482 49.4244 9.38761 136.011
94.8991 37.0075 49.5022 9.38893 135.933
94.9991 36.9668 49.58 9.39022 135.856
95.0991 36.9261 49.6578 9.39149 135.778
95.1991 36.8853 49.7356 9.39273 135.7
95.2991 36.8446 49.8134 9.39394 135.622
95.3991 36.8038 49.8912 9.39512 135.545
95.4991 36.763 49.9689 9.39627 135.467
95.5991 36.7222 50.0466 9.3974 135.389
95.6991 36.6814 50.1244 9.3985 135.311
95.7991 36.6406 50.2021 9.39957 135.234
95.8991 36.5998 50.2798 9.40061 135.156
95.9991 36.5589 50.3575 9.40163 135.078
96.0991 36.5181 50.4351 9.40261 135.001
96.1991 36.4772 50.5128 9.40357 134.923
96.2991 36.4363 50.5904 9.4045 134.845
96.3991 36.3954 50.668 9.40541 134.768
96.4991 36.3545 50.7456 9.40628 134.69
96.5991 36.3136 50.8232 9.40713 134.612
96.6991 36.2726 50.9008 9.40794 134.535
96.7991 36.2317 50.9784 9.40873 134.457
96.8991 36.1907 51.0559 9.4095 134.38
96.9991 36.1498 51.1335 9.41023 134.302
97.0991 36.1088 51.211 9.41093 134.225
97.1991 36.0678 51.2885 9.41161 134.147
97.2991 36.0267 51.3659 9.41226 134.07
97.3991 35.9857 51.4434 9.41288 133.992
97.4991 35.9447 51.5209 9.41347 133.915
97.5991 35.9036 51.5983 9.41403 133.837
97.6991 35.8626 51.6757 9.41457 133.76
97.7991 35.8215 51.7531 9.41507 133.683
97.8991 35.7804 51.8305 9.41555 133.605
97.9991 35.7393 51.9078 9.416 133.528
98.0991 35.6982 51.9851 9.41642 133.451
98.1991 35.657 52.0625 9.41681 133.373
98.2991 35.6159 52.1397 9.41717 133.296
98.3991 35.5747 52.217 9.41751 133.219
98.4991 35.5336 52.2943 9.41781 133.141
98.5991 35.4924 52.3715 9.41809 133.064
98.6991 35.4512 52.4487 9.41834 132.987
98.7991 35.41 52.5259 9.41856 132.91
98.8991 35.3688 52.6031 9.41875 132.833
98.9991 35.3276 52.6803 9.41891 132.755
99.0991 35.2863 52.7574 9.41904 132.678
99.1991 35.2451 52.8345 9.41915 132.601
99.2991 35.2038 52.9116 9.41922 132.524
99.3991 35.1625 52.9886 9.41927 132.447
99.4991 35.1212 53.0657 9.41929 132.37
99.5991 35.0799 53.1427 9.41928 132.293
99.6991 35.0386 53.2197 9.41924 132.216
99.799 34.9973 53.2967 9.41917 132.139
99.899 34.956 53.3736 9.41907 132.062
99.999 34.9146 53.4506 9.41894 131.985
100.099 34.8733 53.5275 9.41878 131.908
100.199 34.8319 53.6044 9.4186 131.831
100.299 34.7905 53.6812 9.41838 131.754
100.399 34.7491 53.758 9.41814 131.678
100.499 34.7077 53.8349 9.41786 131.601
100.599 34.6663 53.9116 9.41756 131.524
100.699 34.6249 53.9884 9.41723 131.447
100.799 34.5834 54.0651 9.41687 131.371
100.899 34.542 54.1418 9.41648 131.294
100.999 34.5005 54.2185 9.41606 131.217
101.099 34.4591 54.2952 9.41561 131.141
101.199 34.4176 54.3718 9.41513 131.064
101.299 34.3761 54.4484 9.41462 130.987
101.399 34.3346 54.525 9.41409 130.911
101.499 34.2931 54.6015 9.41352 130.834
101.599 34.2515 54.6781 9.41292 130.758
101.699 34.21 54.7545 9.4123 130.681
101.799 34.1684 54.831 9.41164 130.605
101.899 34.1269 54.9075 9.41096 130.528
101.999 34.0853 54.9839 9.41024 130.452
102.099 34.0437 55.0602 9.4095 130.375
102.199 34.0021 55.1366 9.40873 130.299
102.299 33.9605 55.2129 9.40792 130.223
102.399 33.9189 55.2892 9.40709 130.146
102.499 33.8773 55.3655 9.40623 130.07
102.599 33.8356 55.4417 9.40534 129.994
102.699 33.794 55.5179 9.40442 129.918
102.799 33.7523 55.5941 9.40346 129.842
102.899 33.7107 55.6703 9.40248 129.765
102.999 33.669 55.7464 9.40147 129.689
103.099 33.6273 55.8225 9.40043 129.613
103.199 33.5856 55.8985 9.39936 129.537
103.299 33.5439 55.9745 9.39826 129.461
103.399 33.5022 56.0505 9.39713 129.385
103.499 33.4604 56.1265 9.39597 129.309
103.599 33.4187 56.2024 9.39478 129.233
103.699 33.3769 56.2783 9.39356 129.157
103.799 33.3352 56.3542 9.39231 129.081
103.899 33.2934 56.43 9.39103 129.006
103.999 33.2516 56.5058 9.38972 128.93
104.099 33.2098 56.5816 9.38838 128.854
104.199 33.168 56.6573 9.38701 128.778
104.299 33.1262 56.733 9.38561 128.703
104.399 33.0844 56.8087 9.38418 128.627
104.499 33.0425 56.8843 9.38271 128.551
104.599 33.0007 56.9599 9.38122 128.476
104.699 32.9588 57.0355 9.3797 128.4
104.799 32.917 57.111 9.37815 128.325
104.899 32.8751 57.1865 9.37657 128.249
104.999 32.8332 57.262 9.37496 128.174
105.099 32.7913 57.3374 9.37332 128.098
105.199 32.7494 57.4128 9.37164 128.023
105.299 32.7075 57.4882 9.36994 127.948
105.399 32.6656 57.5635 9.36821 127.872
105.499 32.6236 57.6387 9.36645 127.797
105.599 32.5817 57.714 9.36465 127.722
105.699 32.5398 57.7892 9.36283 127.646
105.799 32.4978 57.8644 9.36097 127.571
105.899 32.4558 57.9395 9.35909 127.496
105.999 32.4138 58.0146 9.35717 127.421
106.099 32.3718 58.0897 9.35523 127.346
106.199 32.3298 58.1647 9.35325 127.271
106.299 32.2878 58.2397 9.35124 127.196
106.399 32.2458 58.3146 9.34921 127.121
106.499 32.2038 58.3895 9.34714 127.046
106.599 32.1617 58.4644 9.34504 126.971
106.699 32.1197 58.5392 9.34291 126.896
106.799 32.0776 58.614 9.34075 126.822
106.899 32.0356 58.6888 9.33856 126.747
106.999 31.9935 58.7635 9.33634 126.672
107.099 31.9514 58.8381 9.33409 126.598
107.199 31.9093 58.9128 9.33181 126.523
107.299 31.8672 58.9874 9.32949 126.448
107.399 31.8251 59.0619 9.32715 126.374
107.499 31.783 59.1364 9.32477 126.299
107.599 31.7408 59.2109 9.32237 126.225
107.699 31.6987 59.2853 9.31993 126.15
107.799 31.6566 59.3597 9.31747 126.076
107.899 31.6144 59.4341 9.31497 126.002
107.999 31.5722 59.5084 9.31244 125.927
108.099 31.5301 59.5826 9.30988 125.853
108.199 31.4879 59.6568 9.30729 125.779
108.299 31.4457 59.731 9.30467 125.705
108.399 31.4035 59.8051 9.30202 125.631
108.499 31.3613 59.8792 9.29933 125.556
108.599 31.319 59.9533 9.29662 125.482
108.699 31.2768 60.0273 9.29387 125.408
108.799 31.2346 60.1012 9.2911 125.334
108.899 31.1923 60.1752 9.28829 125.261
108.999 31.1501 60.249 9.28545 125.187
109.099 31.1078 60.3229 9.28258 125.113
109.199 31.0655 60.3966 9.27968 125.039
109.299 31.0232 60.4704 9.27675 124.965
109.399 30.981 60.5441 9.27379 124.892
109.499 30.9387 60.6177 9.27079 124.818
109.599 30.8964 60.6913 9.26777 124.744
109.699 30.854 60.7649 9.26471 124.671
109.799 30.8117 60.8384 9.26163 124.597
109.899 30.7694 60.9118 9.25851 124.524
109.999 30.727 60.9853 9.25536 124.45
110.099 30.6847 61.0586 9.25218 124.377
110.199 30.6423 61.1319 9.24896 124.304
110.299 30.6 61.2052 9.24572 124.23
110.399 30.5576 61.2785 9.24245 124.157
110.499 30.5152 61.3516 9.23914 124.084
110.599 30.4728 61.4248 9.2358 124.011
110.699 30.4304 61.4979 9.23243 123.938
110.799 30.388 61.5709 9.22903 123.865
110.899 30.3456 61.6439 9.2256 123.792
110.999 30.3032 61.7168 9.22214 123.719
111.099 30.2607 61.7897 9.21864 123.646
111.199 30.2183 61.8626 9.21512 123.573
111.299 30.1758 61.9354 9.21156 123.5
111.399 30.1334 62.0081 9.20797 123.428
111.499 30.0909 62.0808 9.20435 123.355
111.599 30.0485 62.1534 9.2007 123.282
111.699 30.006 62.226 9.19702 123.21
111.799 29.9635 62.2986 9.1933 123.137
111.899 29.921 62.3711 9.18956 123.065
111.999 29.8785 62.4435 9.18578 122.992
112.099 29.836 62.5159 9.18197 122.92
112.199 29.7935 62.5882 9.17813 122.847
112.299 29.7509 62.6605 9.17426 122.775
112.399 29.7084 62.7328 9.17035 122.703
112.499 29.6658 62.805 9.16642 122.631
112.599 29.6233 62.8771 9.16245 122.559
112.699 29.5807 62.9492 9.15845 122.487
112.799 29.5382 63.0212 9.15442 122.414
112.899 29.4956 63.0932 9.15036 122.343
112.999 29.453 63.1651 9.14627 122.271
113.099 29.4104 63.237 9.14214 122.199
113.199 29.3678 63.3088 9.13798 122.127
113.299 29.3252 63.3805 9.13379 122.055
113.399 29.2826 63.4522 9.12957 121.983
113.499 29.24 63.5239 9.12532 121.912
113.599 29.1974 63.5955 9.12104 121.84
113.699 29.1547 63.667 9.11672 121.769
113.799 29.1121 63.7385 9.11237 121.697
113.899 29.0694 63.81 9.10799 121.626
113.999 29.0268 63.8813 9.10358 121.554
114.099 28.9841 63.9527 9.09914 121.483
114.199 28.9414 64.0239 9.09466 121.412
114.299 28.8988 64.0951 9.09015 121.341
114.399 28.8561 64.1663 9.08562 121.269
114.499 28.8134 64.2374 9.08104 121.198
114.599 28.7707 64.3084 9.07644 121.127
114.699 28.728 64.3794 9.07181 121.056
114.799 28.6853 64.4504 9.06714 120.985
114.899 28.6425 64.5212 9.06244 120.914
114.999 28.5998 64.5921 9.05771 120.844
115.099 28.5571 64.6628 9.05295 120.773
115.199 28.5143 64.7335 9.04815 120.702
115.299 28.4716 64.8042 9.04333 120.632
115.399 28.4288 64.8747 9.03847 120.561
115.499 28.386 64.9453 9.03358 120.49
115.599 28.3433 65.0157 9.02866 120.42
115.699 28.3005 65.0861 9.0237 120.35
115.799 28.2577 65.1565 9.01871 120.279
115.899 28.2149 65.2268 9.0137 120.209
115.999 28.1721 65.297 9.00865 120.139
116.099 28.1293 65.3672 9.00356 120.069
116.199 28.0865 65.4373 8.99845 119.998
116.299 28.0437 65.5073 8.9933 119.928
116.399 28.0008 65.5773 8.98812 119.858
116.499 27.958 65.6472 8.98291 119.788
116.599 27.9152 65.7171 8.97767 119.719
116.699 27.8723 65.7869 8.97239 119.649
116.799 27.8295 65.8567 8.96708 119.579
116.899 27.7866 65.9264 8.96175 119.509
116.999 27.7437 65.996 8.95637 119.44
117.099 27.7009 66.0655 8.95097 119.37
117.199 27.658 66.135 8.94553 119.301
117.299 27.6151 66.2045 8.94006 119.231
117.399 27.5722 66.2738 8.93456 119.162
117.499 27.5293 66.3432 8.92903 119.093
117.599 27.4864 66.4124 8.92347 119.023
117.699 27.4435 66.4816 8.91787 118.954
117.799 27.4005 66.5507 8.91224 118.885
117.899 27.3576 66.6198 8.90658 118.816
117.999 27.3147 66.6888 8.90088 118.747
118.099 27.2717 66.7577 8.89516 118.678
118.199 27.2288 66.8266 8.8894 118.609
118.299 27.1858 66.8954 8.88361 118.54
118.399 27.1429 66.9641 8.87779 118.472
118.499 27.0999 67.0328 8.87193 118.403
118.599 27.0569 67.1014 8.86604 118.334
118.699 27.0139 67.1699 8.86012 118.266
118.799 26.971 67.2384 8.85417 118.197
118.899 26.928 67.3068 8.84819 118.129
118.999 26.885 67.3751 8.84217 118.061
119.099 26.842 67.4434 8.83612 117.992
119.199 26.799 67.5116 8.83004 117.924
119.299 26.7559 67.5798 8.82393 117.856
119.399 26.7129 67.6479 8.81778 117.788
119.499 26.6699 67.7159 8.8116 117.72
119.599 26.6268 67.7838 8.80539 117.652
119.699 26.5838 67.8517 8.79915 117.584
119.799 26.5407 67.9195 8.79287 117.516
119.899 26.4977 67.9873 8.78656 117.448
119.999 26.4546 68.0549 8.78022 117.381
120.099 26.4116 68.1225 8.77385 117.313
120.199 26.3685 68.1901 8.76745 117.246
120.299 26.3254 68.2575 8.76101 117.178
120.399 26.2823 68.3249 8.75454 117.111
120.499 26.2392 68.3923 8.74804 117.043
120.599 26.1961 68.4595 8.7415 116.976
120.699 26.153 68.5267 8.73494 116.909
120.799 26.1099 68.5939 8.72834 116.842
120.899 26.0668 68.6609 8.7217 116.775
120.999 26.0237 68.7279 8.71504 116.708
121.099 25.9806 68.7948 8.70834 116.641
121.199 25.9374 68.8616 8.70161 116.574
121.299 25.8943 68.9284 8.69485 116.507
121.399 25.8511 68.9951 8.68806 116.441
121.499 25.808 69.0618 8.68123 116.374
121.599 25.7648 69.1283 8.67437 116.307
121.699 25.7217 69.1948 8.66748 116.241
121.799 25.6785 69.2612 8.66056 116.174
121.899 25.6353 69.3276 8.6536 116.108
121.999 25.5921 69.3938 8.64661 116.042
122.099 25.549 69.46 8.63959 115.976
122.199 25.5058 69.5262 8.63254 115.91
122.299 25.4626 69.5922 8.62545 115.843
122.399 25.4194 69.6582 8.61834 115.777
122.499 25.3762 69.7241 8.61119 115.712
122.599 25.333 69.7899 8.604 115.646
122.699 25.2897 69.8557 8.59679 115.58
122.799 25.2465 69.9214 8.58954 115.514
122.899 25.2033 69.987 8.58226 115.449
122.999 25.16 70.0526 8.57495 115.383
123.099 25.1168 70.118 8.5676 115.318
123.199 25.0736 70.1834 8.56022 115.252
123.299 25.0303 70.2487 8.55281 115.187
123.399 24.987 70.314 8.54537 115.122
123.499 24.9438 70.3791 8.53789 115.057
123.599 24.9005 70.4442 8.53039 114.991
123.699 24.8572 70.5093 8.52285 114.926
123.799 24.814 70.5742 8.51527 114.861
123.899 24.7707 70.6391 8.50767 114.797
123.999 24.7274 70.7038 8.50003 114.732
124.099 24.6841 70.7686 8.49236 114.667
124.199 24.6408 70.8332 8.48466 114.602
124.299 24.5975 70.8978 8.47692 114.538
124.399 24.5542 70.9622 8.46916 114.473
124.499 24.5108 71.0266 8.46136 114.409
124.599 24.4675 71.091 8.45352 114.345
124.699 24.4242 71.1552 8.44566 114.28
124.799 24.3809 71.2194 8.43776 114.216
124.899 24.3375 71.2835 8.42983 114.152
124.999 24.2942 71.3475 8.42187 114.088
125.099 24.2508 71.4115 8.41388 114.024
125.199 24.2075 71.4753 8.40585 113.96
125.299 24.1641 71.5391 8.39779 113.897
125.399 24.1207 71.6028 8.3897 113.833
125.499 24.0774 71.6664 8.38157 113.769
125.599 24.034 71.73 8.37342 113.706
125.699 23.9906 71.7935 8.36523 113.642
125.799 23.9472 71.8568 8.35701 113.579
125.899 23.9038 71.9201 8.34875 113.516
125.999 23.8605 71.9834 8.34047 113.452
126.099 23.8171 72.0465 8.33215 113.389
126.199 23.7736 72.1096 8.3238 113.326
126.299 23.7302 72.1726 8.31542 113.263
126.399 23.6868 72.2355 8.307 113.2
126.499 23.6434 72.2983 8.29855 113.137
126.599 23.6 72.3611 8.29007 113.075
126.699 23.5565 72.4237 8.28156 113.012
126.799 23.5131 72.4863 8.27302 112.949
126.899 23.4697 72.5488 8.26444 112.887
126.999 23.4262 72.6112 8.25583 112.824
127.099 23.3828 72.6736 8.24719 112.762
127.199 23.3393 72.7358 8.23851 112.7
127.299 23.2959 72.798 8.22981 112.638
127.399 23.2524 72.8601 8.22107 112.576
127.499 23.2089 72.9221 8.2123 112.514
127.599 23.1655 72.984 8.20349 112.452
127.699 23.122 73.0458 8.19466 112.39
127.799 23.0785 73.1076 8.18579 112.328
127.899 23.035 73.1693 8.17689 112.266
127.999 22.9915 73.2309 8.16796 112.205
128.099 22.948 73.2924 8.15899 112.143
128.199 22.9045 73.3538 8.14999 112.082
128.299 22.861 73.4151 8.14096 112.021
128.399 22.8175 73.4764 8.1319 111.959
128.499 22.774 73.5376 8.12281 111.898
128.599 22.7304 73.5987 8.11368 111.837
128.699 22.6869 73.6597 8.10452 111.776
128.799 22.6434 73.7206 8.09533 111.715
128.899 22.5998 73.7814 8.08611 111.654
128.999 22.5563 73.8422 8.07685 111.594
129.099 22.5127 73.9028 8.06756 111.533
129.199 22.4692 73.9634 8.05824 111.472
129.299 22.4256 74.0239 8.04889 111.412
129.399 22.3821 74.0843 8.03951 111.351
129.499 22.3385 74.1446 8.03009 111.291
129.599 22.2949 74.2048 8.02064 111.231
129.699 22.2514 74.265 8.01116 111.171
129.799 22.2078 74.325 8.00165 111.111
129.899 22.1642 74.385 7.99211 111.051
129.999 22.1206 74.4449 7.98253 110.991
130.099 22.077 74.5047 7.97292 110.931
130.199 22.0334 74.5644 7.96328 110.871
130.299 21.9898 74.624 7.95361 110.812
130.399 21.9462 74.6835 7.9439 110.752
130.499 21.9026 74.7429 7.93417 110.693
130.599 21.859 74.8023 7.9244 110.633
130.699 21.8154 74.8616 7.9146 110.574
130.799 21.7718 74.9207 7.90477 110.515
130.899 21.7281 74.9798 7.8949 110.456
130.999 21.6845 75.0388 7.885 110.397
131.099 21.6409 75.0977 7.87508 110.338
131.199 21.5972 75.1565 7.86512 110.279
131.299 21.5536 75.2153 7.85512 110.22
131.399 21.5099 75.2739 7.8451 110.162
131.499 21.4663 75.3325 7.83504 110.103
131.599 21.4226 75.3909 7.82496 110.045
131.699 21.379 75.4493 7.81484 109.986
131.799 21.3353 75.5076 7.80469 109.928
131.899 21.2916 75.5657 7.7945 109.87
131.999 21.248 75.6238 7.78429 109.812
132.099 21.2043 75.6818 7.77404 109.754
132.199 21.1606 75.7397 7.76376 109.696
132.299 21.1169 75.7976 7.75345 109.638
132.399 21.0732 75.8553 7.74311 109.58
132.499 21.0295 75.9129 7.73274 109.523
132.599 20.9858 75.9705 7.72233 109.465
132.699 20.9421 76.0279 7.71189 109.408
132.799 20.8984 76.0853 7.70143 109.35
132.899 20.8547 76.1425 7.69093 109.293
132.999 20.811 76.1997 7.68039 109.236
133.099 20.7673 76.2568 7.66983 109.179
133.199 20.7235 76.3138 7.65923 109.122
133.299 20.6798 76.3707 7.64861 109.065
133.399 20.6361 76.4275 7.63795 109.008
133.499 20.5924 76.4842 7.62726 108.952
133.599 20.5486 76.5408 7.61654 108.895
133.699 20.5049 76.5973 7.60579 108.838
133.799 20.4611 76.6537 7.595 108.782
133.899 20.4174 76.7101 7.58419 108.726
133.999 20.3736 76.7663 7.57334 108.669
134.099 20.3299 76.8224 7.56246 108.613
134.199 20.2861 76.8785 7.55155 108.557
134.299 20.2423 76.9344 7.54061 108.501
134.399 20.1986 76.9903 7.52964 108.445
134.499 20.1548 77.0461 7.51864 108.39
134.599 20.111 77.1017 7.5076 108.334
134.699 20.0672 77.1573 7.49653 108.278
134.799 20.0235 77.2128 7.48544 108.223
134.899 19.9797 77.2681 7.47431 108.168
134.999 19.9359 77.3234 7.46315 108.112
135.099 19.8921 77.3786 7.45196 108.057
135.199 19.8483 77.4337 7.44073 108.002
135.299 19.8045 77.4887 7.42948 107.947
135.399 19.7607 77.5436 7.4182 107.892
135.499 19.7169 77.5984 7.40688 107.837
135.599 19.673 77.6531 7.39553 107.783
135.699 19.6292 77.7077 7.38416 107.728
135.799 19.5854 77.7622 7.37275 107.674
135.899 19.5416 77.8166 7.36131 107.619
135.999 19.4977 77.8709 7.34984 107.565
136.099 19.4539 77.9251 7.33834 107.511
136.199 19.4101 77.9792 7.3268 107.456
136.299 19.3662 78.0332 7.31524 107.402
136.399 19.3224 78.0872 7.30364 107.349
136.499 19.2785 78.141 7.29202 107.295
136.599 19.2347 78.1947 7.28036 107.241
136.699 19.1908 78.2483 7.26868 107.187
136.799 19.147 78.3018 7.25696 107.134
136.899 19.1031 78.3553 7.24521 107.08
136.999 19.0593 78.4086 7.23343 107.027
137.099 19.0154 78.4618 7.22162 106.974
137.199 18.9715 78.5149 7.20978 106.921
137.299 18.9276 78.5679 7.19791 106.868
137.399 18.8838 78.6209 7.18601 106.815
137.499 18.8399 78.6737 7.17408 106.762
137.599 18.796 78.7264 7.16211 106.709
137.699 18.7521 78.779 7.15012 106.657
137.799 18.7082 78.8315 7.1381 106.604
137.899 18.6643 78.884 7.12604 106.552
137.999 18.6204 78.9363 7.11396 106.499
138.099 18.5765 78.9885 7.10184 106.447
138.199 18.5326 79.0406 7.0897 106.395
138.299 18.4887 79.0926 7.07752 106.343
138.399 18.4448 79.1445 7.06531 106.291
138.499 18.4009 79.1963 7.05308 106.239
138.599 18.3569 79.248 7.04081 106.188
138.699 18.313 79.2996 7.02851 106.136
138.799 18.2691 79.3511 7.01619 106.085
138.899 18.2252 79.4025 7.00383 106.033
138.999 18.1812 79.4538 6.99144 105.982
139.099 18.1373 79.505 6.97902 105.931
139.199 18.0934 79.5561 6.96657 105.88
139.299 18.0494 79.6071 6.9541 105.829
139.399 18.0055 79.658 6.94159 105.778
139.499 17.9615 79.7088 6.92905 105.727
139.599 17.9176 79.7595 6.91648 105.676
139.699 17.8736 79.81 6.90389 105.626
139.799 17.8297 79.8605 6.89126 105.575
139.899 17.7857 79.9109 6.8786 105.525
139.999 17.7417 79.9611 6.86591 105.475
140.099 17.6978 80.0113 6.8532 105.424
140.199 17.6538 80.0613 6.84045 105.374
140.299 17.6098 80.1113 6.82767 105.324
140.399 17.5658 80.1611 6.81487 105.275
140.499 17.5218 80.2109 6.80203 105.225
140.599 17.4779 80.2605 6.78917 105.175
140.699 17.4339 80.31 6.77627 105.126
140.799 17.3899 80.3594 6.76335 105.076
140.899 17.3459 80.4088 6.75039 105.027
140.999 17.3019 80.458 6.73741 104.978
141.099 17.2579 80.5071 6.72439 104.929
141.199 17.2139 80.5561 6.71135 104.88
141.299 17.1699 80.605 6.69828 104.831
141.399 17.1259 80.6537 6.68518 104.782
141.499 17.0819 80.7024 6.67205 104.733
141.599 17.0379 80.751 6.65889 104.685
141.699 16.9938 80.7995 6.6457 104.636
141.799 16.9498 80.8478 6.63248 104.588
141.899 16.9058 80.8961 6.61923 104.54
141.999 16.8618 80.9442 6.60596 104.491
142.099 16.8177 80.9922 6.59265 104.443
142.199 16.7737 81.0402 6.57932 104.396
142.299 16.7297 81.088 6.56595 104.348
142.399 16.6856 81.1357 6.55256 104.3
142.499 16.6416 81.1833 6.53914 104.252
142.6 16.5975 81.2308 6.52569 104.205
142.7 16.5535 81.2782 6.51221 104.157
142.8 16.5095 81.3255 6.4987 104.11
142.9 16.4654 81.3726 6.48517 104.063
143 16.4213 81.4197 6.4716 104.016
143.1 16.3773 81.4667 6.45801 103.969
143.2 16.3332 81.5135 6.44438 103.922
143.3 16.2892 81.5602 6.43073 103.875
143.4 16.2451 81.6069 6.41705 103.829
143.5 16.201 81.6534 6.40334 103.782
143.6 16.157 81.6998 6.38961 103.736
143.7 16.1129 81.7461 6.37584 103.69
143.8 16.0688 81.7923 6.36205 103.643
143.9 16.0247 81.8384 6.34823 103.597
144 15.9806 81.8843 6.33438 103.551
144.1 15.9366 81.9302 6.3205 103.506
144.2 15.8925 81.9759 6.30659 103.46
144.3 15.8484 82.0216 6.29266 103.414
144.4 15.8043 82.0671 6.27869 103.369
144.5 15.7602 82.1125 6.2647 103.323
144.6 15.7161 82.1578 6.25068 103.278
144.7 15.672 82.203 6.23663 103.233
144.8 15.6279 82.2481 6.22256 103.188
144.9 15.5838 82.293 6.20846 103.143
145 15.5397 82.3379 6.19433 103.098
145.1 15.4955 82.3826 6.18017 103.053
145.2 15.4514 82.4273 6.16598 103.008
145.3 15.4073 82.4718 6.15177 102.964
145.4 15.3632 82.5162 6.13752 102.919
145.5 15.3191 82.5605 6.12325 102.875
145.6 15.2749 82.6047 6.10896 102.831
145.7 15.2308 82.6488 6.09463 102.787
145.8 15.1867 82.6927 6.08028 102.743
145.9 15.1425 82.7366 6.0659 102.699
146 15.0984 82.7803 6.05149 102.655
146.1 15.0543 82.8239 6.03706 102.612
146.2 15.0101 82.8674 6.0226 102.568
146.3 14.966 82.9108 6.00811 102.525
146.4 14.9218 82.9541 5.99359 102.482
146.5 14.8777 82.9973 5.97905 102.438
146.6 14.8335 83.0403 5.96448 102.395
146.7 14.7894 83.0833 5.94988 102.352
146.8 14.7452 83.1261 5.93525 102.31
146.9 14.7011 83.1688 5.9206 102.267
147 14.6569 83.2114 5.90592 102.224
147.1 14.6127 83.2539 5.89122 102.182
147.2 14.5686 83.2963 5.87649 102.139
147.3 14.5244 83.3385 5.86173 102.097
147.4 14.4802 83.3807 5.84694 102.055
147.5 14.4361 83.4227 5.83213 102.013
147.6 14.3919 83.4646 5.81729 101.971
147.7 14.3477 83.5064 5.80242 101.929
147.8 14.3035 83.5481 5.78753 101.888
147.9 14.2593 83.5897 5.77261 101.846
148 14.2152 83.6311 5.75767 101.805
148.1 14.171 83.6724 5.7427 101.763
148.2 14.1268 83.7137 5.7277 101.722
148.3 14.0826 83.7548 5.71267 101.681
148.4 14.0384 83.7957 5.69762 101.64
148.5 13.9942 83.8366 5.68255 101.599
148.6 13.95 83.8774 5.66744 101.558
148.7 13.9058 83.918 5.65232 101.518
148.8 13.8616 83.9585 5.63716 101.477
148.9 13.8174 83.9989 5.62198 101.437
149 13.7732 84.0392 5.60677 101.396
149.1 13.729 84.0794 5.59154 101.356
149.2 13.6848 84.1194 5.57628 101.316
149.3 13.6405 84.1594 5.561 101.276
149.4 13.5963 84.1992 5.54569 101.236
149.5 13.5521 84.2389 5.53036 101.197
149.6 13.5079 84.2785 5.51499 101.157
149.7 13.4637 84.318 5.49961 101.118
149.8 13.4194 84.3573 5.4842 101.078
149.9 13.3752 84.3965 5.46876 101.039
150 13.331 84.4357 5.4533 101
150.1 13.2867 84.4747 5.43781 100.961
150.2 13.2425 84.5135 5.4223 100.922
150.3 13.1983 84.5523 5.40676 100.883
150.4 13.154 84.5909 5.3912 100.845
150.5 13.1098 84.6295 5.37561 100.806
150.6 13.0655 84.6679 5.36 100.768
150.7 13.0213 84.7061 5.34436 100.73
150.8 12.9771 84.7443 5.32869 100.691
150.9 12.9328 84.7824 5.31301 100.653
151 12.8886 84.8203 5.29729 100.615
151.1 12.8443 84.8581 5.28156 100.578
151.2 12.8 84.8958 5.2658 100.54
151.3 12.7558 84.9333 5.25001 100.502
151.4 12.7115 84.9708 5.2342 100.465
151.5 12.6673 85.0081 5.21836 100.428
151.6 12.623 85.0453 5.2025 100.39
151.7 12.5787 85.0824 5.18662 100.353
151.8 12.5345 85.1194 5.17071 100.316
151.9 12.4902 85.1563 5.15478 100.279
152 12.4459 85.193 5.13882 100.243
152.1 12.4016 85.2296 5.12284 100.206
152.2 12.3574 85.2661 5.10684 100.17
152.3 12.3131 85.3024 5.09081 100.133
152.4 12.2688 85.3387 5.07475 100.097
152.5 12.2245 85.3748 5.05868 100.061
152.6 12.1802 85.4108 5.04258 100.025
152.7 12.136 85.4467 5.02645 99.989
152.8 12.0917 85.4825 5.01031 99.9532
152.9 12.0474 85.5181 4.99413 99.9176
153 12.0031 85.5536 4.97794 99.882
153.1 11.9588 85.589 4.96172 99.8466
153.2 11.9145 85.6243 4.94548 99.8114
153.3 11.8702 85.6595 4.92921 99.7762
153.4 11.8259 85.6945 4.91293 99.7412
153.5 11.7816 85.7294 4.89661 99.7063
153.6 11.7373 85.7642 4.88028 99.6715
153.7 11.693 85.7989 4.86392 99.6368
153.8 11.6487 85.8334 4.84754 99.6023
153.9 11.6044 85.8679 4.83114 99.5678
154 11.5601 85.9022 4.81471 99.5335
154.1 11.5158 85.9363 4.79826 99.4993
154.2 11.4714 85.9704 4.78179 99.4653
154.3 11.4271 86.0043 4.76529 99.4314
154.4 11.3828 86.0381 4.74878 99.3975
154.5 11.3385 86.0718 4.73224 99.3639
154.6 11.2942 86.1054 4.71567 99.3303
154.7 11.2498 86.1388 4.69909 99.2968
154.8 11.2055 86.1722 4.68248 99.2635
154.9 11.1612 86.2054 4.66585 99.2303
155 11.1169 86.2384 4.6492 99.1973
155.1 11.0725 86.2714 4.63253 99.1643
155.2 11.0282 86.3042 4.61583 99.1315
155.3 10.9839 86.3369 4.59911 99.0988
155.4 10.9395 86.3695 4.58237 99.0662
155.5 10.8952 86.4019 4.56561 99.0338
155.6 10.8509 86.4343 4.54883 99.0014
155.7 10.8065 86.4665 4.53202 98.9692
155.8 10.7622 86.4985 4.51519 98.9371
155.9 10.7178 86.5305 4.49835 98.9052
156 10.6735 86.5623 4.48148 98.8734
156.1 10.6291 86.594 4.46458 98.8416
156.2 10.5848 86.6256 4.44767 98.8101
156.3 10.5404 86.6571 4.43074 98.7786
156.4 10.4961 86.6884 4.41378 98.7473
156.5 10.4517 86.7196 4.3968 98.7161
156.6 10.4074 86.7507 4.37981 98.685
156.7 10.363 86.7817 4.36279 98.654
156.8 10.3187 86.8125 4.34575 98.6232
156.9 10.2743 86.8432 4.32869 98.5925
157 10.2299 86.8738 4.31161 98.5619
157.1 10.1856 86.9042 4.2945 98.5314
157.2 10.1412 86.9346 4.27738 98.5011
157.3 10.0968 86.9648 4.26024 98.4709
157.4 10.0525 86.9949 4.24307 98.4408
157.5 10.0081 87.0248 4.22589 98.4109
157.6 9.96373 87.0546 4.20868 98.381
157.7 9.91935 87.0843 4.19146 98.3513
157.8 9.87498 87.1139 4.17421 98.3218
157.9 9.8306 87.1434 4.15695 98.2923
158 9.78622 87.1727 4.13966 98.263
158.1 9.74184 87.2019 4.12235 98.2338
158.2 9.69746 87.231 4.10503 98.2047
158.3 9.65308 87.2599 4.08768 98.1758
158.4 9.6087 87.2887 4.07032 98.147
158.5 9.56431 87.3174 4.05293 98.1183
158.6 9.51993 87.346 4.03553 98.0897
158.7 9.47554 87.3744 4.0181 98.0613
158.8 9.43115 87.4027 4.00066 98.033
158.9 9.38676 87.4309 3.9832 98.0048
159.001 9.34237 87.4589 3.96571 97.9767
159.101 9.29797 87.4869 3.94821 97.9488
159.201 9.25358 87.5147 3.93069 97.921
159.301 9.20918 87.5424 3.91315 97.8933
159.401 9.16478 87.5699 3.89559 97.8658
159.501 9.12038 87.5973 3.87801 97.8384
159.601 9.07598 87.6246 3.86042 97.8111
159.701 9.03158 87.6518 3.8428 97.7839
159.801 8.98718 87.6788 3.82517 97.7569
159.901 8.94277 87.7057 3.80751 97.73
160.001 8.89837 87.7325 3.78984 97.7032
160.101 8.85396 87.7591 3.77215 97.6766
160.201 8.80955 87.7857 3.75444 97.65
160.301 8.76514 87.8121 3.73672 97.6236
160.401 8.72073 87.8383 3.71897 97.5974
160.501 8.67631 87.8645 3.70121 97.5712
160.601 8.6319 87.8905 3.68343 97.5452
160.701 8.58748 87.9163 3.66563 97.5193
160.801 8.54307 87.9421 3.64781 97.4936
160.901 8.49865 87.9677 3.62998 97.468
161.001 8.45423 87.9932 3.61212 97.4425
161.101 8.40981 88.0186 3.59425 97.4171
161.201 8.36539 88.0438 3.57637 97.3919
161.301 8.32096 88.0689 3.55846 97.3668
161.401 8.27654 88.0939 3.54054 97.3418
161.501 8.23211 88.1187 3.5226 97.3169
161.601 8.18768 88.1435 3.50464 97.2922
161.701 8.14326 88.1681 3.48666 97.2676
161.801 8.09883 88.1925 3.46867 97.2432
161.901 8.0544 88.2168 3.45066 97.2188
162.001 8.00996 88.241 3.43264 97.1946
162.101 7.96553 88.2651 3.41459 97.1706
162.201 7.9211 88.2891 3.39653 97.1466
162.301 7.87666 88.3129 3.37846 97.1228
162.401 7.83222 88.3365 3.36037 97.0991
162.501 7.78778 88.3601 3.34226 97.0756
162.601 7.74335 88.3835 3.32413 97.0522
162.701 7.6989 88.4068 3.30599 97.0289
162.801 7.65446 88.43 3.28783 97.0057
162.901 7.61002 88.453 3.26965 96.9827
163.001 7.56558 88.4759 3.25146 96.9598
163.101 7.52113 88.4987 3.23326 96.937
163.201 7.47669 88.5213 3.21503 96.9144
163.301 7.43224 88.5438 3.19679 96.8919
163.401 7.38779 88.5662 3.17854 96.8695
163.501 7.34334 88.5885 3.16027 96.8472
163.601 7.29889 88.6106 3.14198 96.8251
163.701 7.25444 88.6326 3.12368 96.8031
163.801 7.20999 88.6544 3.10537 96.7813
163.901 7.16553 88.6761 3.08703 96.7595
164.001 7.12108 88.6977 3.06869 96.7379
164.101 7.07662 88.7192 3.05032 96.7165
164.201 7.03216 88.7405 3.03194 96.6952
164.301 6.9877 88.7617 3.01355 96.6739
164.401 6.94325 88.7828 2.99514 96.6529
164.501 6.89879 88.8037 2.97672 96.6319
164.601 6.85432 88.8246 2.95828 96.6111
164.701 6.80986 88.8452 2.93983 96.5905
164.801 6.7654 88.8658 2.92137 96.5699
164.901 6.72093 88.8862 2.90288 96.5495
165.001 6.67647 88.9065 2.88439 96.5292
165.101 6.632 88.9266 2.86588 96.5091
165.201 6.58754 88.9466 2.84735 96.4891
165.301 6.54307 88.9665 2.82882 96.4692
165.401 6.4986 88.9863 2.81026 96.4494
165.501 6.45413 89.0059 2.7917 96.4298
165.601 6.40966 89.0254 2.77312 96.4103
165.701 6.36518 89.0447 2.75452 96.3909
165.801 6.32071 89.064 2.73592 96.3717
165.901 6.27624 89.0831 2.71729 96.3526
166.001 6.23176 89.102 2.69866 96.3337
166.101 6.18729 89.1208 2.68001 96.3148
166.201 6.14281 89.1395 2.66135 96.2961
166.301 6.09833 89.1581 2.64267 96.2776
166.401 6.05385 89.1765 2.62399 96.2591
166.501 6.00937 89.1948 2.60528 96.2408
166.601 5.96489 89.213 2.58657 96.2227
166.701 5.92041 89.231 2.56784 96.2046
166.801 5.87593 89.2489 2.5491 96.1867
166.901 5.83145 89.2667 2.53035 96.169
167.001 5.78696 89.2843 2.51159 96.1513
167.101 5.74248 89.3019 2.49281 96.1338
167.201 5.69799 89.3192 2.47402 96.1165
167.301 5.65351 89.3365 2.45521 96.0992
167.401 5.60902 89.3536 2.4364 96.0821
167.501 5.56453 89.3705 2.41757 96.0652
167.601 5.52004 89.3874 2.39873 96.0483
167.701 5.47555 89.4041 2.37988 96.0316
167.801 5.43106 89.4206 2.36102 96.015
167.901 5.38657 89.4371 2.34214 95.9986
168.001 5.34208 89.4534 2.32326 95.9823
168.101 5.29758 89.4696 2.30436 95.9661
168.201 5.25309 89.4856 2.28545 95.9501
168.301 5.2086 89.5015 2.26653 95.9342
168.401 5.1641 89.5173 2.24759 95.9184
168.501 5.1196 89.5329 2.22865 95.9028
168.601 5.07511 89.5484 2.20969 95.8873
168.701 5.03061 89.5638 2.19073 95.8719
168.801 4.98611 89.579 2.17175 95.8567
168.901 4.94161 89.5941 2.15276 95.8416
169.001 4.89711 89.6091 2.13376 95.8266
169.101 4.85261 89.6239 2.11475 95.8117
169.201 4.80811 89.6386 2.09573 95.797
169.301 4.76361 89.6532 2.0767 95.7825
169.401 4.71911 89.6676 2.05766 95.768
169.501 4.6746 89.6819 2.03861 95.7537
169.601 4.6301 89.6961 2.01955 95.7396
169.701 4.58559 89.7101 2.00048 95.7255
169.801 4.54109 89.724 1.98139 95.7117
169.901 4.49658 89.7378 1.9623 95.6979
170.001 4.45208 89.7514 1.9432 95.6843
170.101 4.40757 89.7649 1.92409 95.6708
170.201 4.36306 89.7783 1.90497 95.6574
170.301 4.31855 89.7915 1.88583 95.6442
170.401 4.27404 89.8046 1.86669 95.6311
170.501 4.22953 89.8176 1.84754 95.6181
170.601 4.18502 89.8304 1.82839 95.6053
170.701 4.14051 89.8431 1.80922 95.5926
170.801 4.096 89.8556 1.79004 95.5801
170.901 4.05149 89.868 1.77085 95.5676
171.001 4.00697 89.8803 1.75166 95.5554
171.101 3.96246 89.8925 1.73245 95.5432
171.201 3.91795 89.9045 1.71324 95.5312
171.301 3.87343 89.9164 1.69402 95.5193
171.401 3.82892 89.9281 1.67479 95.5076
171.501 3.7844 89.9397 1.65555 95.496
171.601 3.73988 89.9512 1.6363 95.4845
171.701 3.69537 89.9625 1.61705 95.4731
171.801 3.65085 89.9738 1.59778 95.4619
171.901 3.60633 89.9848 1.57851 95.4509
172.001 3.56181 89.9958 1.55923 95.4399
172.101 3.5173 90.0066 1.53994 95.4291
172.201 3.47278 90.0172 1.52065 95.4185
172.301 3.42826 90.0278 1.50135 95.4079
172.401 3.38373 90.0382 1.48203 95.3975
172.501 3.33921 90.0484 1.46272 95.3873
172.601 3.29469 90.0585 1.44339 95.3771
172.701 3.25017 90.0685 1.42406 95.3672
172.801 3.20565 90.0784 1.40472 95.3573
172.901 3.16112 90.0881 1.38537 95.3476
173.001 3.1166 90.0977 1.36602 95.338
173.101 3.07208 90.1071 1.34666 95.3285
173.201 3.02755 90.1165 1.32729 95.3192
173.301 2.98303 90.1256 1.30791 95.31
173.401 2.9385 90.1347 1.28853 95.301
173.501 2.89398 90.1436 1.26914 95.2921
173.601 2.84945 90.1524 1.24975 95.2833
173.701 2.80493 90.161 1.23035 95.2747
173.801 2.7604 90.1695 1.21094 95.2662
173.901 2.71587 90.1779 1.19153 95.2578
174.001 2.67134 90.1861 1.17211 95.2496
174.101 2.62682 90.1942 1.15269 95.2415
174.201 2.58229 90.2022 1.13326 95.2335
174.301 2.53776 90.21 1.11382 95.2257
174.401 2.49323 90.2177 1.09438 95.218
174.501 2.4487 90.2252 1.07493 95.2105
174.601 2.40417 90.2326 1.05548 95.2031
174.701 2.35964 90.2399 1.03602 95.1958
174.801 2.31511 90.2471 1.01655 95.1886
174.901 2.27058 90.2541 0.997086 95.1816
175.001 2.22605 90.2609 0.977612 95.1747
175.101 2.18151 90.2677 0.958133 95.168
175.201 2.13698 90.2743 0.938649 95.1614
175.301 2.09245 90.2807 0.919161 95.1549
175.402 2.04792 90.2871 0.899668 95.1486
175.502 2.00339 90.2933 0.88017 95.1424
175.602 1.95885 90.2993 0.860668 95.1364
175.702 1.91432 90.3053 0.841161 95.1304
175.802 1.86978 90.311 0.82165 95.1246
175.902 1.82525 90.3167 0.802135 95.119
176.002 1.78072 90.3222 0.782616 95.1135
176.102 1.73618 90.3276 0.763093 95.1081
176.202 1.69165 90.3328 0.743566 95.1029
176.302 1.64711 90.3379 0.724036 95.0978
176.402 1.60258 90.3429 0.704501 95.0928
176.502 1.55804 90.3477 0.684963 95.0879
176.602 1.51351 90.3524 0.665422 95.0832
176.702 1.46897 90.357 0.645877 95.0787
176.802 1.42443 90.3614 0.626329 95.0743
176.902 1.3799 90.3657 0.606778 95.07
177.002 1.33536 90.3699 0.587223 95.0658
177.102 1.29082 90.3739 0.567666 95.0618
177.202 1.24629 90.3778 0.548106 95.0579
177.302 1.20175 90.3815 0.528543 95.0542
177.402 1.15721 90.3851 0.508977 95.0506
177.502 1.11268 90.3886 0.489408 95.0471
177.602 1.06814 90.3919 0.469838 95.0438
177.702 1.0236 90.3951 0.450264 95.0406
177.802 0.979063 90.3982 0.430689 95.0375
177.902 0.934525 90.4011 0.411111 95.0346
178.002 0.889987 90.4039 0.391531 95.0318
178.102 0.845448 90.4066 0.37195 95.0291
178.202 0.80091 90.4091 0.352366 95.0266
178.302 0.756371 90.4115 0.332781 95.0242
178.402 0.711833 90.4137 0.313193 95.022
178.502 0.667294 90.4158 0.293605 95.0199
178.602 0.622755 90.4178 0.274014 95.0179
178.702 0.578216 90.4196 0.254423 95.016
178.802 0.533677 90.4213 0.23483 95.0143
178.902 0.489138 90.4229 0.215236 95.0128
179.002 0.444599 90.4243 0.195641 95.0113
179.102 0.40006 90.4256 0.176044 95.0101
179.202 0.355521 90.4268 0.156447 95.0089
179.302 0.310981 90.4278 0.136849 95.0079
179.402 0.266442 90.4287 0.117251 95.007
179.502 0.221902 90.4294 0.0976516 95.0062
179.602 0.177363 90.4301 0.0780519 95.0056
179.702 0.132824 90.4305 0.0584518 95.0052
179.802 0.088284 90.4309 0.0388514 95.0048
179.902 0.0437445 90.4311 0.0192508 95.0046
