0 2.3547e-14 1.44245 0 181.63
0.1 0.33558 1.44251 0.0133623 181.63
0.2 0.671125 1.4427 0.0267246 181.63
0.3 1.0066 1.44303 0.0400868 181.63
0.4 1.34197 1.44348 0.0534489 181.629
0.5 1.67721 1.44406 0.0668109 181.629
0.6 2.01227 1.44476 0.0801728 181.628
0.7 2.34713 1.4456 0.0935346 181.627
0.8 2.68175 1.44657 0.106896 181.626
0.9 3.01609 1.44766 0.120258 181.625
1 3.35013 1.44888 0.133619 181.624
1.1 3.68382 1.45023 0.14698 181.622
1.2 4.01714 1.45171 0.16034 181.621
1.3 4.35006 1.45332 0.1737 181.619
1.4 4.68253 1.45506 0.18706 181.618
1.5 5.01453 1.45693 0.20042 181.616
1.6 5.34602 1.45892 0.213779 181.614
1.7 5.67697 1.46104 0.227138 181.612
1.8 6.00735 1.4633 0.240496 181.609
1.9 6.33713 1.46568 0.253854 181.607
2 6.66628 1.46819 0.267212 181.604
2.1 6.99476 1.47082 0.280569 181.602
2.2 7.32254 1.47359 0.293925 181.599
2.3 7.6496 1.47649 0.307281 181.596
2.4 7.97591 1.47951 0.320636 181.593
2.5 8.30143 1.48266 0.33399 181.59
2.6 8.62613 1.48594 0.347344 181.587
2.7 8.94999 1.48935 0.360698 181.583
2.8 9.27298 1.49289 0.37405 181.58
2.9 9.59507 1.49656 0.387402 181.576
3 9.91623 1.50035 0.400753 181.572
3.1 10.2364 1.50428 0.414103 181.568
3.2 10.5557 1.50833 0.427453 181.564
3.3 10.8739 1.51251 0.440802 181.56
3.4 11.1911 1.51682 0.45415 181.556
3.5 11.5072 1.52126 0.467497 181.551
3.6 11.8222 1.52582 0.480843 181.547
3.7 12.1362 1.53052 0.494188 181.542
3.8 12.449 1.53534 0.507532 181.537
3.9 12.7606 1.54029 0.520875 181.532
4 13.0711 1.54537 0.534218 181.527
4.1 13.3804 1.55058 0.547559 181.522
4.2 13.6885 1.55592 0.560899 181.517
4.3 13.9953 1.56138 0.574238 181.511
4.4 14.3008 1.56698 0.587576 181.506
4.5 14.6051 1.5727 0.600913 181.5
4.6 14.908 1.57855 0.614249 181.494
4.7 15.2097 1.58453 0.627583 181.488
4.8 15.51 1.59064 0.640916 181.482
4.9 15.8089 1.59687 0.654248 181.476
5 16.1065 1.60323 0.667579 181.469
5.1 16.4027 1.60973 0.680909 181.463
5.2 16.6975 1.61635 0.694237 181.456
5.3 16.9908 1.62309 0.707564 181.45
5.4 17.2827 1.62997 0.720889 181.443
5.5 17.5732 1.63697 0.734213 181.436
5.6 17.8622 1.64411 0.747536 181.429
5.7 18.1497 1.65137 0.760857 181.421
5.8 18.4357 1.65875 0.774177 181.414
5.9 18.7202 1.66627 0.787496 181.406
6 19.0032 1.67392 0.800812 181.399
6.1 19.2846 1.68169 0.814128 181.391
6.2 19.5645 1.68959 0.827441 181.383
6.3 19.8429 1.69762 0.840753 181.375
6.4 20.1197 1.70577 0.854064 181.367
6.5 20.3949 1.71406 0.867373 181.359
6.6 20.6685 1.72247 0.88068 181.35
6.7 20.9406 1.73101 0.893985 181.342
6.8 21.211 1.73968 0.907289 181.333
6.9 21.4798 1.74847 0.920591 181.324
7 21.7471 1.7574 0.933891 181.315
7.1 22.0127 1.76645 0.94719 181.306
7.2 22.2767 1.77563 0.960486 181.297
7.3 22.539 1.78493 0.973781 181.288
7.4 22.7997 1.79437 0.987074 181.278
7.5 23.0588 1.80393 1.00036 181.269
7.6 23.3162 1.81362 1.01365 181.259
7.7 23.572 1.82344 1.02694 181.249
7.79999 23.8261 1.83338 1.04023 181.239
7.89999 24.0786 1.84346 1.05351 181.229
7.99999 24.3294 1.85365 1.06679 181.219
8.09999 24.5785 1.86398 1.08007 181.209
8.2 24.826 1.87444 1.09335 181.198
8.3 25.0718 1.88502 1.10662 181.188
8.4 25.3159 1.89573 1.11989 181.177
8.5 25.5584 1.90657 1.13316 181.166
8.6 25.7992 1.91753 1.14643 181.155
8.7 26.0383 1.92862 1.1597 181.144
8.8 26.2758 1.93984 1.17296 181.133
8.9 26.5116 1.95118 1.18622 181.122
9 26.7457 1.96266 1.19948 181.11
9.1 26.9782 1.97426 1.21274 181.098
9.2 27.2089 1.98599 1.226 181.087
9.3 27.4381 1.99784 1.23925 181.075
9.4 27.6655 2.00982 1.2525 181.063
9.5 27.8913 2.02193 1.26575 181.051
9.6 28.1155 2.03416 1.27899 181.039
9.7 28.338 2.04653 1.29223 181.026
9.8 28.5588 2.05902 1.30547 181.014
9.9 28.778 2.07163 1.31871 181.001
10 28.9956 2.08437 1.33195 180.988
10.1 29.2115 2.09724 1.34518 180.975
10.2 29.4257 2.11024 1.35841 180.962
10.3 29.6384 2.12336 1.37164 180.949
10.4 29.8494 2.13661 1.38486 180.936
10.5 30.0588 2.14999 1.39808 180.923
10.6 30.2665 2.16349 1.4113 180.909
10.7 30.4727 2.17712 1.42452 180.896
10.8 30.6772 2.19087 1.43773 180.882
10.9 30.8802 2.20476 1.45094 180.868
11 31.0815 2.21876 1.46415 180.854
11.1 31.2813 2.2329 1.47736 180.84
11.2 31.4795 2.24716 1.49056 180.826
11.3 31.6761 2.26155 1.50376 180.811
11.4 31.8711 2.27606 1.51696 180.797
11.5 32.0645 2.2907 1.53015 180.782
11.6 32.2564 2.30547 1.54334 180.767
11.7 32.4468 2.32036 1.55653 180.752
11.8 32.6356 2.33538 1.56971 180.737
11.9 32.8228 2.35052 1.58289 180.722
12 33.0085 2.36579 1.59607 180.707
12.1 33.1927 2.38119 1.60925 180.692
12.2 33.3754 2.39671 1.62242 180.676
12.3 33.5566 2.41235 1.63559 180.66
12.4 33.7362 2.42813 1.64876 180.645
12.5 33.9144 2.44403 1.66192 180.629
12.6 34.0911 2.46005 1.67508 180.613
12.7 34.2663 2.4762 1.68824 180.596
12.8 34.44 2.49248 1.70139 180.58
12.9 34.6123 2.50888 1.71454 180.564
13 34.7831 2.52541 1.72769 180.547
13.1 34.9525 2.54206 1.74083 180.531
13.2 35.1204 2.55883 1.75397 180.514
13.3 35.2869 2.57574 1.76711 180.497
13.4 35.452 2.59277 1.78024 180.48
13.5 35.6156 2.60992 1.79337 180.463
13.6 35.7779 2.6272 1.80649 180.445
13.7 35.9387 2.6446 1.81962 180.428
13.8 36.0982 2.66213 1.83274 180.411
13.9 36.2562 2.67978 1.84585 180.393
14 36.4129 2.69756 1.85896 180.375
14.1 36.5683 2.71546 1.87207 180.357
14.2 36.7223 2.73349 1.88518 180.339
14.3 36.8749 2.75165 1.89828 180.321
14.4 37.0262 2.76992 1.91138 180.303
14.5 37.1761 2.78833 1.92447 180.284
14.6 37.3248 2.80685 1.93756 180.266
14.7 37.4721 2.8255 1.95065 180.247
14.8 37.6181 2.84428 1.96373 180.228
14.9 37.7629 2.86318 1.97681 180.21
15 37.9063 2.88221 1.98988 180.19
15.1 38.0485 2.90136 2.00295 180.171
15.2 38.1894 2.92063 2.01602 180.152
15.3 38.329 2.94003 2.02908 180.133
15.4 38.4674 2.95955 2.04214 180.113
15.5 38.6045 2.97919 2.0552 180.093
15.6 38.7404 2.99896 2.06825 180.074
15.7 38.8751 3.01886 2.08129 180.054
15.8 39.0085 3.03888 2.09434 180.034
15.9 39.1407 3.05902 2.10738 180.014
16 39.2718 3.07928 2.12041 179.993
16.1 39.4016 3.09967 2.13344 179.973
16.2 39.5303 3.12019 2.14647 179.953
16.3 39.6578 3.14082 2.15949 179.932
16.4 39.7841 3.16158 2.17251 179.911
16.5 39.9092 3.18247 2.18552 179.89
16.6 40.0332 3.20347 2.19853 179.869
16.7 40.1561 3.2246 2.21154 179.848
16.8 40.2778 3.24586 2.22454 179.827
16.9 40.3984 3.26723 2.23753 179.805
17 40.5179 3.28873 2.25053 179.784
17.1 40.6363 3.31036 2.26351 179.762
17.2 40.7535 3.3321 2.2765 179.741
17.3 40.8697 3.35397 2.28948 179.719
17.4 40.9848 3.37596 2.30245 179.697
17.5 41.0988 3.39808 2.31542 179.675
17.6 41.2118 3.42032 2.32839 179.652
17.7 41.3237 3.44268 2.34135 179.63
17.8 41.4345 3.46516 2.35431 179.608
17.9 41.5443 3.48776 2.36726 179.585
18 41.653 3.51049 2.3802 179.562
18.1 41.7607 3.53334 2.39315 179.539
18.2 41.8674 3.55631 2.40608 179.516
18.3 41.9731 3.57941 2.41902 179.493
18.4 42.0778 3.60263 2.43195 179.47
18.5 42.1815 3.62597 2.44487 179.447
18.6 42.2842 3.64943 2.45779 179.423
18.7 42.3859 3.67301 2.4707 179.4
18.8 42.4866 3.69671 2.48361 179.376
18.9 42.5864 3.72054 2.49652 179.352
19 42.6852 3.74449 2.50942 179.328
19.1 42.783 3.76856 2.52231 179.304
19.2 42.8799 3.79275 2.5352 179.28
19.3 42.9759 3.81707 2.54809 179.256
19.4 43.0709 3.8415 2.56097 179.231
19.5 43.1651 3.86606 2.57384 179.207
19.6 43.2582 3.89074 2.58671 179.182
19.7 43.3505 3.91554 2.59957 179.157
19.8 43.4419 3.94046 2.61243 179.132
19.9 43.5324 3.9655 2.62529 179.107
20 43.622 3.99066 2.63814 179.082
20.1 43.7107 4.01594 2.65098 179.057
20.2 43.7986 4.04135 2.66382 179.031
20.3 43.8855 4.06687 2.67665 179.006
20.4 43.9716 4.09252 2.68948 178.98
20.5 44.0569 4.11828 2.7023 178.954
20.6 44.1413 4.14417 2.71512 178.929
20.7 44.2249 4.17018 2.72793 178.903
20.8 44.3076 4.19631 2.74074 178.876
20.9 44.3895 4.22255 2.75354 178.85
21 44.4706 4.24892 2.76634 178.824
21.1 44.5509 4.27541 2.77913 178.797
21.2 44.6303 4.30202 2.79192 178.771
21.3 44.709 4.32875 2.8047 178.744
21.4 44.7869 4.3556 2.81747 178.717
21.5 44.864 4.38257 2.83024 178.69
21.6 44.9402 4.40965 2.843 178.663
21.7 45.0158 4.43686 2.85576 178.636
21.8 45.0905 4.46419 2.86851 178.608
21.9 45.1645 4.49164 2.88126 178.581
22 45.2377 4.5192 2.894 178.553
22.1 45.3102 4.54689 2.90673 178.526
22.2 45.3819 4.57469 2.91946 178.498
22.3 45.4529 4.60262 2.93219 178.47
22.4 45.5231 4.63066 2.9449 178.442
22.5 45.5926 4.65882 2.95762 178.414
22.6 45.6614 4.6871 2.97032 178.386
22.7001 45.7295 4.7155 2.98302 178.357
22.8001 45.7969 4.74402 2.99572 178.329
22.9001 45.8635 4.77266 3.0084 178.3
23.0001 45.9295 4.80142 3.02109 178.271
23.1001 45.9948 4.83029 3.03376 178.242
23.2001 46.0593 4.85928 3.04643 178.213
23.3001 46.1232 4.88839 3.0591 178.184
23.4001 46.1864 4.91762 3.07176 178.155
23.5001 46.2489 4.94697 3.08441 178.126
23.6001 46.3108 4.97644 3.09705 178.096
23.7001 46.372 5.00602 3.10969 178.067
23.8001 46.4325 5.03572 3.12233 178.037
23.9001 46.4924 5.06554 3.13496 178.007
24.0001 46.5517 5.09548 3.14758 177.977
24.1001 46.6103 5.12553 3.16019 177.947
24.2001 46.6682 5.1557 3.1728 177.917
24.3001 46.7256 5.18599 3.1854 177.887
24.4001 46.7823 5.2164 3.198 177.856
24.5001 46.8383 5.24692 3.21059 177.826
24.6001 46.8938 5.27756 3.22317 177.795
24.7001 46.9486 5.30832 3.23575 177.764
24.8001 47.0029 5.3392 3.24832 177.733
24.9001 47.0565 5.37019 3.26089 177.702
25.0001 47.1095 5.4013 3.27344 177.671
25.1001 47.162 5.43252 3.286 177.64
25.2001 47.2138 5.46386 3.29854 177.609
25.3001 47.2651 5.49532 3.31108 177.577
25.4001 47.3158 5.5269 3.32361 177.546
25.5001 47.3659 5.55859 3.33614 177.514
25.6001 47.4154 5.59039 3.34865 177.482
25.7001 47.4644 5.62232 3.36117 177.45
25.8001 47.5128 5.65436 3.37367 177.418
25.9001 47.5606 5.68651 3.38617 177.386
26.0001 47.6079 5.71878 3.39866 177.354
26.1001 47.6546 5.75117 3.41115 177.322
26.2001 47.7008 5.78367 3.42362 177.289
26.3001 47.7465 5.81629 3.4361 177.256
26.4001 47.7916 5.84902 3.44856 177.224
26.5001 47.8362 5.88187 3.46102 177.191
26.6001 47.8802 5.91483 3.47347 177.158
26.7001 47.9238 5.94791 3.48591 177.125
26.8001 47.9668 5.9811 3.49835 177.092
26.9001 48.0093 6.01441 3.51078 177.058
27.0001 48.0512 6.04783 3.5232 177.025
27.1001 48.0927 6.08137 3.53562 176.991
27.2001 48.1337 6.11502 3.54803 176.958
27.3001 48.1741 6.14879 3.56043 176.924
27.4001 48.2141 6.18267 3.57282 176.89
27.5001 48.2535 6.21667 3.58521 176.856
27.6001 48.2925 6.25078 3.59759 176.822
27.7001 48.331 6.285 3.60996 176.788
27.8001 48.369 6.31934 3.62233 176.753
27.9001 48.4066 6.35379 3.63469 176.719
28.0001 48.4436 6.38835 3.64704 176.684
28.1001 48.4802 6.42303 3.65938 176.65
28.2001 48.5163 6.45783 3.67172 176.615
28.3001 48.552 6.49273 3.68405 176.58
28.4001 48.5871 6.52775 3.69637 176.545
28.5001 48.6219 6.56288 3.70869 176.51
28.6001 48.6561 6.59813 3.72099 176.475
28.7001 48.69 6.63349 3.73329 176.439
28.8001 48.7233 6.66896 3.74558 176.404
28.9001 48.7563 6.70454 3.75787 176.368
29.0001 48.7888 6.74024 3.77015 176.332
29.1001 48.8208 6.77605 3.78242 176.297
29.2001 48.8524 6.81197 3.79468 176.261
29.3001 48.8836 6.84801 3.80693 176.225
29.4001 48.9144 6.88415 3.81918 176.189
29.5001 48.9447 6.92041 3.83142 176.152
29.6001 48.9746 6.95678 3.84365 176.116
29.7001 49.0041 6.99326 3.85587 176.079
29.8001 49.0332 7.02986 3.86809 176.043
29.9001 49.0619 7.06656 3.88029 176.006
30.0001 49.0901 7.10338 3.8925 175.969
30.1001 49.118 7.14031 3.90469 175.932
30.2001 49.1454 7.17735 3.91687 175.895
30.3001 49.1724 7.2145 3.92905 175.858
30.4001 49.1991 7.25177 3.94122 175.821
30.5001 49.2253 7.28914 3.95338 175.784
30.6001 49.2512 7.32662 3.96553 175.746
30.7001 49.2767 7.36422 3.97767 175.708
30.8001 49.3018 7.40193 3.98981 175.671
30.9001 49.3265 7.43974 4.00194 175.633
31.0001 49.3508 7.47767 4.01406 175.595
31.1001 49.3747 7.51571 4.02617 175.557
31.2001 49.3983 7.55386 4.03828 175.519
31.3001 49.4215 7.59211 4.05037 175.481
31.4001 49.4443 7.63048 4.06246 175.442
31.5001 49.4668 7.66896 4.07454 175.404
31.6001 49.4889 7.70755 4.08661 175.365
31.7001 49.5106 7.74624 4.09867 175.326
31.8001 49.532 7.78505 4.11073 175.288
31.9001 49.553 7.82397 4.12278 175.249
32.0001 49.5737 7.86299 4.13481 175.21
32.1001 49.594 7.90212 4.14684 175.171
32.2001 49.6139 7.94137 4.15886 175.131
32.3001 49.6335 7.98072 4.17088 175.092
32.4001 49.6528 8.02018 4.18288 175.053
32.5001 49.6717 8.05975 4.19488 175.013
32.6001 49.6903 8.09943 4.20686 174.973
32.7001 49.7086 8.13921 4.21884 174.933
32.8001 49.7265 8.17911 4.23081 174.894
32.9001 49.7441 8.21911 4.24277 174.854
33.0001 49.7613 8.25922 4.25473 174.813
33.1001 49.7783 8.29944 4.26667 174.773
33.2001 49.7949 8.33977 4.27861 174.733
33.3001 49.8112 8.3802 4.29053 174.692
33.4001 49.8271 8.42074 4.30245 174.652
33.5001 49.8428 8.46139 4.31436 174.611
33.6001 49.8581 8.50215 4.32626 174.571
33.7001 49.8731 8.54301 4.33815 174.53
33.8001 49.8878 8.58398 4.35003 174.489
33.9001 49.9022 8.62506 4.36191 174.448
34.0001 49.9163 8.66624 4.37377 174.406
34.1001 49.9301 8.70753 4.38563 174.365
34.2001 49.9435 8.74893 4.39748 174.324
34.3 49.9567 8.79044 4.40931 174.282
34.4 49.9696 8.83205 4.42114 174.241
34.5 49.9822 8.87376 4.43296 174.199
34.6 49.9944 8.91559 4.44477 174.157
34.7 50.0064 8.95752 4.45658 174.115
34.8 50.0181 8.99955 4.46837 174.073
34.9 50.0295 9.04169 4.48015 174.031
35 50.0407 9.08394 4.49193 173.989
35.1 50.0515 9.12629 4.50369 173.946
35.2 50.0621 9.16874 4.51545 173.904
35.3 50.0723 9.21131 4.5272 173.861
35.4 50.0823 9.25397 4.53893 173.819
35.5 50.0921 9.29674 4.55066 173.776
35.6 50.1015 9.33962 4.56238 173.733
35.7 50.1107 9.3826 4.57409 173.69
35.8 50.1196 9.42569 4.58579 173.647
35.9 50.1282 9.46888 4.59748 173.604
36 50.1365 9.51217 4.60916 173.561
36.1 50.1446 9.55557 4.62083 173.517
36.2 50.1525 9.59907 4.6325 173.474
36.3 50.16 9.64268 4.64415 173.43
36.4 50.1673 9.68639 4.65579 173.386
36.5 50.1744 9.7302 4.66742 173.342
36.6 50.1812 9.77412 4.67905 173.299
36.7 50.1877 9.81814 4.69066 173.255
36.8 50.194 9.86226 4.70227 173.21
36.9 50.2 9.90649 4.71386 173.166
37 50.2058 9.95082 4.72545 173.122
37.1 50.2113 9.99525 4.73702 173.077
37.2 50.2166 10.0398 4.74859 173.033
37.3 50.2216 10.0844 4.76014 172.988
37.4 50.2264 10.1292 4.77169 172.944
37.5 50.2309 10.174 4.78323 172.899
37.6 50.2352 10.219 4.79475 172.854
37.7 50.2393 10.264 4.80627 172.809
37.8 50.2431 10.3091 4.81778 172.764
37.9 50.2467 10.3544 4.82927 172.718
38 50.2501 10.3997 4.84076 172.673
38.1 50.2532 10.4452 4.85223 172.627
38.2 50.2561 10.4908 4.8637 172.582
38.3 50.2588 10.5364 4.87516 172.536
38.4 50.2612 10.5822 4.8866 172.491
38.5 50.2634 10.628 4.89804 172.445
38.6 50.2654 10.674 4.90946 172.399
38.7 50.2671 10.72 4.92088 172.353
38.8 50.2686 10.7662 4.93229 172.306
38.9 50.27 10.8125 4.94368 172.26
39 50.271 10.8588 4.95507 172.214
39.1 50.2719 10.9053 4.96644 172.167
39.2 50.2726 10.9518 4.9778 172.121
39.3 50.273 10.9985 4.98916 172.074
39.4 50.2732 11.0453 5.0005 172.027
39.5 50.2732 11.0921 5.01183 171.981
39.6 50.273 11.1391 5.02316 171.934
39.7 50.2726 11.1861 5.03447 171.887
39.8 50.272 11.2333 5.04577 171.839
39.9 50.2712 11.2805 5.05706 171.792
40 50.2701 11.3279 5.06834 171.745
40.1 50.2689 11.3753 5.07961 171.697
40.2 50.2674 11.4229 5.09087 171.65
40.3 50.2658 11.4705 5.10212 171.602
40.4 50.2639 11.5183 5.11336 171.554
40.5 50.2619 11.5661 5.12458 171.507
40.6 50.2596 11.6141 5.1358 171.459
40.7 50.2572 11.6621 5.14701 171.411
40.7999 50.2546 11.7103 5.1582 171.362
40.8999 50.2517 11.7585 5.16939 171.314
40.9999 50.2487 11.8068 5.18056 171.266
41.0999 50.2455 11.8552 5.19172 171.217
41.1999 50.242 11.9038 5.20287 171.169
41.2999 50.2384 11.9524 5.21401 171.12
41.3999 50.2346 12.0011 5.22514 171.072
41.4999 50.2307 12.0499 5.23626 171.023
41.5999 50.2265 12.0988 5.24737 170.974
41.6999 50.2221 12.1479 5.25847 170.925
41.7999 50.2176 12.197 5.26955 170.876
41.8999 50.2129 12.2462 5.28063 170.827
41.9999 50.208 12.2955 5.29169 170.777
42.0999 50.2029 12.3449 5.30274 170.728
42.1999 50.1976 12.3943 5.31378 170.678
42.2999 50.1922 12.4439 5.32481 170.629
42.3999 50.1865 12.4936 5.33583 170.579
42.4999 50.1807 12.5434 5.34684 170.529
42.5999 50.1747 12.5933 5.35783 170.479
42.6999 50.1686 12.6432 5.36882 170.429
42.7999 50.1623 12.6933 5.37979 170.379
42.8999 50.1558 12.7434 5.39075 170.329
42.9999 50.1491 12.7937 5.40171 170.279
43.0999 50.1422 12.844 5.41264 170.229
43.1999 50.1352 12.8944 5.42357 170.178
43.2999 50.1281 12.945 5.43449 170.128
43.3999 50.1207 12.9956 5.44539 170.077
43.4999 50.1132 13.0463 5.45629 170.026
43.5999 50.1055 13.0971 5.46717 169.976
43.6999 50.0977 13.148 5.47804 169.925
43.7999 50.0897 13.199 5.4889 169.874
43.8999 50.0815 13.2501 5.49974 169.823
43.9999 50.0732 13.3013 5.51058 169.771
44.0999 50.0647 13.3526 5.5214 169.72
44.1999 50.056 13.4039 5.53221 169.669
44.2999 50.0472 13.4554 5.54301 169.617
44.3999 50.0382 13.5069 5.5538 169.566
44.4999 50.0291 13.5586 5.56458 169.514
44.5999 50.0198 13.6103 5.57534 169.462
44.6999 50.0104 13.6621 5.58609 169.411
44.7999 50.0008 13.7141 5.59683 169.359
44.8999 49.991 13.7661 5.60756 169.307
44.9999 49.9811 13.8182 5.61828 169.255
45.0999 49.9711 13.8704 5.62898 169.202
45.1999 49.9609 13.9226 5.63968 169.15
45.2999 49.9505 13.975 5.65036 169.098
45.3999 49.94 14.0275 5.66103 169.045
45.4999 49.9294 14.08 5.67168 168.993
45.5999 49.9186 14.1327 5.68233 168.94
45.6999 49.9077 14.1854 5.69296 168.887
45.7999 49.8966 14.2382 5.70358 168.834
45.8999 49.8853 14.2912 5.71419 168.782
45.9999 49.874 14.3442 5.72478 168.729
46.0999 49.8624 14.3972 5.73537 168.675
46.1999 49.8508 14.4504 5.74594 168.622
46.2999 49.839 14.5037 5.75649 168.569
46.3999 49.827 14.5571 5.76704 168.516
46.4999 49.815 14.6105 5.77757 168.462
46.5999 49.8027 14.664 5.7881 168.409
46.6999 49.7904 14.7177 5.7986 168.355
46.7999 49.7779 14.7714 5.8091 168.301
46.8999 49.7652 14.8252 5.81958 168.247
46.9999 49.7525 14.8791 5.83006 168.194
47.0999 49.7396 14.9331 5.84052 168.14
47.1999 49.7265 14.9871 5.85096 168.086
47.2999 49.7134 15.0413 5.86139 168.031
47.3998 49.7001 15.0955 5.87182 167.977
47.4998 49.6866 15.1498 5.88222 167.923
47.5998 49.673 15.2043 5.89262 167.868
47.6998 49.6593 15.2588 5.903 167.814
47.7998 49.6455 15.3133 5.91337 167.759
47.8998 49.6316 15.368 5.92373 167.705
47.9998 49.6175 15.4228 5.93407 167.65
48.0998 49.6033 15.4776 5.94441 167.595
48.1998 49.5889 15.5326 5.95472 167.54
48.2998 49.5744 15.5876 5.96503 167.485
48.3998 49.5599 15.6427 5.97532 167.43
48.4998 49.5451 15.6979 5.9856 167.375
48.5998 49.5303 15.7531 5.99587 167.32
48.6998 49.5153 15.8085 6.00612 167.264
48.7998 49.5002 15.8639 6.01636 167.209
48.8998 49.485 15.9195 6.02659 167.153
48.9998 49.4697 15.9751 6.03681 167.098
49.0998 49.4542 16.0308 6.04701 167.042
49.1998 49.4387 16.0866 6.0572 166.986
49.2998 49.423 16.1424 6.06737 166.93
49.3998 49.4071 16.1984 6.07753 166.874
49.4998 49.3912 16.2544 6.08768 166.818
49.5998 49.3752 16.3105 6.09782 166.762
49.6998 49.359 16.3667 6.10794 166.706
49.7998 49.3427 16.423 6.11805 166.65
49.8998 49.3263 16.4794 6.12814 166.593
49.9998 49.3098 16.5358 6.13823 166.537
50.0998 49.2932 16.5924 6.14829 166.48
50.1998 49.2764 16.649 6.15835 166.424
50.2998 49.2596 16.7057 6.16839 166.367
50.3998 49.2426 16.7625 6.17842 166.31
50.4998 49.2255 16.8193 6.18843 166.253
50.5998 49.2083 16.8763 6.19843 166.196
50.6998 49.191 16.9333 6.20842 166.139
50.7998 49.1736 16.9904 6.21839 166.082
50.8998 49.1561 17.0476 6.22835 166.025
50.9998 49.1385 17.1049 6.2383 165.968
51.0998 49.1207 17.1622 6.24823 165.91
51.1998 49.1029 17.2197 6.25815 165.853
51.2998 49.0849 17.2772 6.26806 165.796
51.3998 49.0669 17.3348 6.27795 165.738
51.4998 49.0487 17.3924 6.28783 165.68
51.5998 49.0304 17.4502 6.29769 165.623
51.6998 49.012 17.508 6.30754 165.565
51.7998 48.9935 17.5659 6.31738 165.507
51.8998 48.975 17.6239 6.3272 165.449
51.9998 48.9563 17.682 6.33701 165.391
52.0998 48.9375 17.7401 6.3468 165.333
52.1998 48.9186 17.7984 6.35658 165.274
52.2998 48.8996 17.8567 6.36635 165.216
52.3998 48.8805 17.9151 6.3761 165.158
52.4998 48.8613 17.9735 6.38583 165.099
52.5998 48.842 18.0321 6.39556 165.041
52.6998 48.8226 18.0907 6.40527 164.982
52.7998 48.8031 18.1494 6.41496 164.923
52.8998 48.7835 18.2082 6.42464 164.864
52.9998 48.7638 18.267 6.43431 164.806
53.0998 48.744 18.326 6.44396 164.747
53.1998 48.7241 18.385 6.4536 164.688
53.2998 48.7041 18.4441 6.46322 164.629
53.3998 48.684 18.5032 6.47283 164.569
53.4998 48.6638 18.5625 6.48243 164.51
53.5998 48.6435 18.6218 6.49201 164.451
53.6998 48.6232 18.6812 6.50157 164.391
53.7998 48.6027 18.7407 6.51113 164.332
53.8997 48.5822 18.8002 6.52066 164.272
53.9997 48.5615 18.8598 6.53018 164.213
54.0997 48.5408 18.9195 6.53969 164.153
54.1997 48.5199 18.9793 6.54919 164.093
54.2997 48.499 19.0392 6.55866 164.034
54.3997 48.478 19.0991 6.56813 163.974
54.4997 48.4569 19.1591 6.57758 163.914
54.5997 48.4356 19.2192 6.58701 163.854
54.6997 48.4144 19.2793 6.59643 163.793
54.7997 48.393 19.3395 6.60584 163.733
54.8997 48.3715 19.3998 6.61522 163.673
54.9997 48.3499 19.4602 6.6246 163.612
55.0997 48.3283 19.5207 6.63396 163.552
55.1997 48.3066 19.5812 6.64331 163.492
55.2997 48.2847 19.6418 6.65264 163.431
55.3997 48.2628 19.7024 6.66195 163.37
55.4997 48.2408 19.7632 6.67125 163.31
55.5997 48.2187 19.824 6.68054 163.249
55.6997 48.1966 19.8849 6.68981 163.188
55.7997 48.1743 19.9458 6.69906 163.127
55.8997 48.152 20.0069 6.7083 163.066
55.9997 48.1296 20.068 6.71753 163.005
56.0997 48.107 20.1291 6.72674 162.944
56.1997 48.0845 20.1904 6.73593 162.882
56.2997 48.0618 20.2517 6.74511 162.821
56.3997 48.039 20.3131 6.75428 162.76
56.4997 48.0162 20.3745 6.76342 162.698
56.5997 47.9933 20.4361 6.77256 162.637
56.6997 47.9703 20.4977 6.78168 162.575
56.7997 47.9472 20.5593 6.79078 162.513
56.8997 47.924 20.6211 6.79987 162.452
56.9997 47.9008 20.6829 6.80894 162.39
57.0997 47.8774 20.7448 6.818 162.328
57.1997 47.854 20.8067 6.82704 162.266
57.2997 47.8306 20.8688 6.83606 162.204
57.3997 47.807 20.9308 6.84507 162.142
57.4997 47.7833 20.993 6.85407 162.08
57.5997 47.7596 21.0552 6.86304 162.017
57.6997 47.7358 21.1175 6.87201 161.955
57.7997 47.712 21.1799 6.88096 161.893
57.8997 47.688 21.2423 6.88989 161.83
57.9997 47.664 21.3048 6.8988 161.768
58.0997 47.6399 21.3674 6.9077 161.705
58.1997 47.6157 21.4301 6.91659 161.643
58.2997 47.5914 21.4928 6.92546 161.58
58.3997 47.5671 21.5555 6.93431 161.517
58.4997 47.5427 21.6184 6.94315 161.454
58.5997 47.5182 21.6813 6.95197 161.391
58.6997 47.4937 21.7443 6.96077 161.328
58.7997 47.4691 21.8073 6.96956 161.265
58.8997 47.4444 21.8704 6.97833 161.202
58.9997 47.4196 21.9336 6.98709 161.139
59.0997 47.3947 21.9969 6.99583 161.076
59.1997 47.3698 22.0602 7.00456 161.013
59.2997 47.3448 22.1235 7.01327 160.949
59.3997 47.3198 22.187 7.02196 160.886
59.4997 47.2946 22.2505 7.03064 160.822
59.5997 47.2694 22.3141 7.0393 160.759
59.6997 47.2442 22.3777 7.04794 160.695
59.7997 47.2188 22.4414 7.05657 160.631
59.8997 47.1934 22.5052 7.06518 160.568
59.9997 47.1679 22.569 7.07377 160.504
60.0997 47.1424 22.6329 7.08235 160.44
60.1997 47.1167 22.6969 7.09092 160.376
60.2997 47.0911 22.7609 7.09946 160.312
60.3997 47.0653 22.825 7.10799 160.248
60.4996 47.0395 22.8891 7.1165 160.184
60.5996 47.0136 22.9534 7.125 160.119
60.6996 46.9876 23.0176 7.13348 160.055
60.7996 46.9616 23.082 7.14195 159.991
60.8996 46.9355 23.1464 7.15039 159.926
60.9996 46.9093 23.2109 7.15882 159.862
61.0996 46.8831 23.2754 7.16724 159.797
61.1996 46.8568 23.34 7.17563 159.733
61.2996 46.8305 23.4046 7.18401 159.668
61.3996 46.804 23.4693 7.19238 159.603
61.4996 46.7775 23.5341 7.20072 159.539
61.5996 46.751 23.599 7.20905 159.474
61.6996 46.7244 23.6639 7.21737 159.409
61.7996 46.6977 23.7288 7.22566 159.344
61.8996 46.6709 23.7938 7.23394 159.279
61.9996 46.6441 23.8589 7.24221 159.214
62.0996 46.6173 23.9241 7.25045 159.149
62.1996 46.5903 23.9893 7.25868 159.083
62.2996 46.5633 24.0545 7.26689 159.018
62.3996 46.5363 24.1199 7.27509 158.953
62.4996 46.5092 24.1852 7.28326 158.887
62.5996 46.482 24.2507 7.29142 158.822
62.6996 46.4547 24.3162 7.29957 158.756
62.7996 46.4274 24.3817 7.30769 158.691
62.8996 46.4001 24.4474 7.3158 158.625
62.9996 46.3726 24.513 7.3239 158.56
63.0996 46.3451 24.5788 7.33197 158.494
63.1996 46.3176 24.6446 7.34003 158.428
63.2996 46.29 24.7104 7.34807 158.362
63.3996 46.2623 24.7763 7.35609 158.296
63.4996 46.2346 24.8423 7.3641 158.23
63.5996 46.2068 24.9083 7.37208 158.164
63.6996 46.179 24.9744 7.38005 158.098
63.7996 46.1511 25.0406 7.38801 158.032
63.8996 46.1231 25.1068 7.39594 157.966
63.9996 46.0951 25.173 7.40386 157.9
64.0996 46.067 25.2393 7.41176 157.833
64.1996 46.0389 25.3057 7.41964 157.767
64.2996 46.0107 25.3721 7.42751 157.701
64.3996 45.9825 25.4386 7.43536 157.634
64.4996 45.9541 25.5051 7.44319 157.568
64.5996 45.9258 25.5717 7.451 157.501
64.6996 45.8974 25.6384 7.45879 157.434
64.7996 45.8689 25.705 7.46657 157.368
64.8996 45.8404 25.7718 7.47433 157.301
64.9996 45.8118 25.8386 7.48207 157.234
65.0996 45.7832 25.9055 7.4898 157.167
65.1996 45.7545 25.9724 7.4975 157.1
65.2996 45.7257 26.0394 7.50519 157.033
65.3996 45.6969 26.1064 7.51286 156.966
65.4996 45.6681 26.1735 7.52051 156.899
65.5996 45.6391 26.2406 7.52814 156.832
65.6996 45.6102 26.3078 7.53576 156.765
65.7996 45.5812 26.375 7.54336 156.698
65.8996 45.5521 26.4423 7.55094 156.63
65.9996 45.523 26.5097 7.5585 156.563
66.0996 45.4938 26.5771 7.56604 156.496
66.1996 45.4646 26.6445 7.57357 156.428
66.2996 45.4353 26.712 7.58108 156.361
66.3996 45.406 26.7795 7.58857 156.293
66.4996 45.3766 26.8472 7.59604 156.226
66.5996 45.3471 26.9148 7.60349 156.158
66.6996 45.3176 26.9825 7.61092 156.09
66.7996 45.2881 27.0503 7.61834 156.022
66.8996 45.2585 27.1181 7.62574 155.955
66.9995 45.2289 27.1859 7.63312 155.887
67.0995 45.1992 27.2538 7.64048 155.819
67.1995 45.1694 27.3218 7.64782 155.751
67.2995 45.1397 27.3898 7.65514 155.683
67.3995 45.1098 27.4579 7.66245 155.615
67.4995 45.0799 27.526 7.66973 155.547
67.5995 45.05 27.5941 7.677 155.479
67.6995 45.02 27.6623 7.68425 155.41
67.7995 44.99 27.7306 7.69148 155.342
67.8995 44.9599 27.7989 7.69869 155.274
67.9995 44.9297 27.8672 7.70589 155.205
68.0995 44.8995 27.9356 7.71306 155.137
68.1995 44.8693 28.0041 7.72022 155.069
68.2995 44.839 28.0726 7.72735 155
68.3995 44.8087 28.1411 7.73447 154.932
68.4995 44.7783 28.2097 7.74157 154.863
68.5995 44.7479 28.2784 7.74865 154.794
68.6995 44.7174 28.347 7.75571 154.726
68.7995 44.6869 28.4158 7.76276 154.657
68.8995 44.6564 28.4845 7.76978 154.588
68.9995 44.6257 28.5534 7.77679 154.519
69.0995 44.5951 28.6222 7.78377 154.45
69.1995 44.5644 28.6912 7.79074 154.382
69.2995 44.5336 28.7601 7.79769 154.313
69.3995 44.5028 28.8291 7.80461 154.244
69.4995 44.472 28.8982 7.81152 154.175
69.5995 44.4411 28.9673 7.81841 154.105
69.6995 44.4102 29.0364 7.82529 154.036
69.7995 44.3792 29.1056 7.83214 153.967
69.8995 44.3482 29.1748 7.83897 153.898
69.9995 44.3171 29.2441 7.84578 153.829
70.0995 44.286 29.3134 7.85258 153.759
70.1995 44.2548 29.3828 7.85935 153.69
70.2995 44.2236 29.4522 7.86611 153.62
70.3995 44.1924 29.5216 7.87284 153.551
70.4995 44.1611 29.5911 7.87956 153.482
70.5995 44.1298 29.6607 7.88626 153.412
70.6995 44.0984 29.7303 7.89293 153.342
70.7995 44.067 29.7999 7.89959 153.273
70.8995 44.0355 29.8695 7.90623 153.203
70.9995 44.004 29.9393 7.91285 153.133
71.0995 43.9725 30.009 7.91945 153.064
71.1995 43.9409 30.0788 7.92603 152.994
71.2995 43.9093 30.1486 7.93258 152.924
71.3995 43.8776 30.2185 7.93912 152.854
71.4995 43.8459 30.2884 7.94564 152.784
71.5995 43.8141 30.3584 7.95215 152.714
71.6995 43.7823 30.4284 7.95863 152.644
71.7995 43.7505 30.4984 7.96509 152.574
71.8995 43.7186 30.5685 7.97153 152.504
71.9995 43.6867 30.6386 7.97795 152.434
72.0995 43.6547 30.7087 7.98435 152.364
72.1995 43.6227 30.7789 7.99073 152.294
72.2995 43.5907 30.8492 7.99709 152.224
72.3995 43.5586 30.9194 8.00343 152.153
72.4995 43.5264 30.9898 8.00975 152.083
72.5995 43.4943 31.0601 8.01606 152.013
72.6995 43.4621 31.1305 8.02234 151.942
72.7995 43.4298 31.2009 8.0286 151.872
72.8995 43.3975 31.2714 8.03484 151.801
72.9995 43.3652 31.3419 8.04106 151.731
73.0995 43.3329 31.4124 8.04726 151.66
73.1995 43.3005 31.483 8.05344 151.59
73.2995 43.268 31.5536 8.0596 151.519
73.3995 43.2355 31.6243 8.06574 151.448
73.4995 43.203 31.695 8.07186 151.378
73.5994 43.1705 31.7657 8.07796 151.307
73.6994 43.1379 31.8365 8.08403 151.236
73.7994 43.1052 31.9073 8.09009 151.165
73.8994 43.0725 31.9781 8.09613 151.095
73.9994 43.0398 32.049 8.10215 151.024
74.0994 43.0071 32.1199 8.10814 150.953
74.1994 42.9743 32.1908 8.11412 150.882
74.2994 42.9415 32.2618 8.12007 150.811
74.3994 42.9086 32.3328 8.12601 150.74
74.4994 42.8757 32.4038 8.13192 150.669
74.5994 42.8428 32.4749 8.13782 150.598
74.6994 42.8098 32.546 8.14369 150.527
74.7994 42.7768 32.6172 8.14954 150.455
74.8994 42.7438 32.6884 8.15537 150.384
74.9994 42.7107 32.7596 8.16118 150.313
75.0994 42.6776 32.8308 8.16697 150.242
75.1994 42.6444 32.9021 8.17274 150.171
75.2994 42.6112 32.9734 8.17849 150.099
75.3994 42.578 33.0448 8.18422 150.028
75.4994 42.5447 33.1162 8.18992 149.957
75.5994 42.5114 33.1876 8.19561 149.885
75.6994 42.4781 33.259 8.20127 149.814
75.7994 42.4447 33.3305 8.20692 149.742
75.8994 42.4113 33.402 8.21254 149.671
75.9994 42.3779 33.4735 8.21814 149.599
76.0994 42.3444 33.5451 8.22372 149.528
76.1994 42.3109 33.6167 8.22928 149.456
76.2994 42.2773 33.6883 8.23482 149.384
76.3994 42.2438 33.76 8.24033 149.313
76.4994 42.2102 33.8317 8.24583 149.241
76.5994 42.1765 33.9034 8.2513 149.169
76.6994 42.1428 33.9752 8.25675 149.098
76.7994 42.1091 34.047 8.26219 149.026
76.8994 42.0754 34.1188 8.2676 148.954
76.9994 42.0416 34.1906 8.27298 148.882
77.0994 42.0078 34.2625 8.27835 148.81
77.1994 41.9739 34.3344 8.2837 148.738
77.2994 41.94 34.4063 8.28902 148.666
77.3994 41.9061 34.4783 8.29433 148.594
77.4994 41.8722 34.5502 8.29961 148.522
77.5994 41.8382 34.6222 8.30487 148.45
77.6994 41.8042 34.6943 8.31011 148.378
77.7994 41.7701 34.7664 8.31532 148.306
77.8994 41.736 34.8384 8.32052 148.234
77.9994 41.7019 34.9106 8.32569 148.162
78.0994 41.6678 34.9827 8.33084 148.09
78.1994 41.6336 35.0549 8.33597 148.018
78.2994 41.5994 35.1271 8.34108 147.946
78.3994 41.5652 35.1993 8.34617 147.873
78.4994 41.5309 35.2716 8.35123 147.801
78.5994 41.4966 35.3438 8.35627 147.729
78.6994 41.4622 35.4161 8.3613 147.657
78.7994 41.4279 35.4885 8.36629 147.584
78.8994 41.3935 35.5608 8.37127 147.512
78.9994 41.3591 35.6332 8.37623 147.439
79.0994 41.3246 35.7056 8.38116 147.367
79.1994 41.2901 35.778 8.38607 147.295
79.2994 41.2556 35.8505 8.39096 147.222
79.3994 41.221 35.923 8.39583 147.15
79.4994 41.1864 35.9955 8.40067 147.077
79.5994 41.1518 36.068 8.40549 147.005
79.6994 41.1172 36.1405 8.4103 146.932
79.7994 41.0825 36.2131 8.41507 146.86
79.8994 41.0478 36.2857 8.41983 146.787
79.9994 41.0131 36.3583 8.42456 146.714
80.0993 40.9783 36.4309 8.42928 146.642
80.1993 40.9435 36.5036 8.43397 146.569
80.2993 40.9087 36.5763 8.43863 146.496
80.3993 40.8738 36.649 8.44328 146.424
80.4993 40.8389 36.7217 8.4479 146.351
80.5993 40.804 36.7944 8.4525 146.278
80.6993 40.7691 36.8672 8.45708 146.205
80.7993 40.7341 36.94 8.46163 146.133
80.8993 40.6991 37.0128 8.46616 146.06
80.9993 40.6641 37.0856 8.47067 145.987
81.0993 40.629 37.1585 8.47516 145.914
81.1993 40.5939 37.2313 8.47963 145.841
81.2993 40.5588 37.3042 8.48407 145.768
81.3993 40.5237 37.3771 8.48849 145.696
81.4993 40.4885 37.4501 8.49288 145.623
81.5993 40.4533 37.523 8.49726 145.55
81.6993 40.4181 37.596 8.50161 145.477
81.7993 40.3828 37.669 8.50594 145.404
81.8993 40.3475 37.742 8.51024 145.331
81.9993 40.3122 37.815 8.51453 145.258
82.0993 40.2769 37.888 8.51879 145.185
82.1993 40.2415 37.9611 8.52302 145.112
82.2993 40.2061 38.0341 8.52724 145.039
82.3993 40.1707 38.1072 8.53143 144.965
82.4993 40.1352 38.1803 8.5356 144.892
82.5993 40.0997 38.2534 8.53974 144.819
82.6993 40.0642 38.3266 8.54387 144.746
82.7993 40.0287 38.3997 8.54797 144.673
82.8993 39.9931 38.4729 8.55204 144.6
82.9993 39.9576 38.5461 8.5561 144.527
83.0993 39.9219 38.6193 8.56013 144.453
83.1993 39.8863 38.6925 8.56413 144.38
83.2993 39.8506 38.7658 8.56812 144.307
83.3993 39.8149 38.839 8.57208 144.234
83.4993 39.7792 38.9123 8.57601 144.16
83.5993 39.7435 38.9855 8.57993 144.087
83.6993 39.7077 39.0588 8.58382 144.014
83.7993 39.6719 39.1321 8.58768 143.941
83.8993 39.6361 39.2055 8.59153 143.867
83.9993 39.6002 39.2788 8.59535 143.794
84.0993 39.5644 39.3522 8.59915 143.721
84.1993 39.5285 39.4255 8.60292 143.647
84.2993 39.4925 39.4989 8.60667 143.574
84.3993 39.4566 39.5723 8.6104 143.5
84.4993 39.4206 39.6457 8.6141 143.427
84.5993 39.3846 39.7191 8.61778 143.354
84.6993 39.3486 39.7925 8.62143 143.28
84.7993 39.3125 39.8659 8.62507 143.207
84.8993 39.2764 39.9394 8.62868 143.133
84.9993 39.2403 40.0129 8.63226 143.06
85.0993 39.2042 40.0863 8.63582 142.986
85.1993 39.168 40.1598 8.63936 142.913
85.2993 39.1319 40.2333 8.64287 142.839
85.3993 39.0957 40.3068 8.64636 142.766
85.4993 39.0594 40.3803 8.64983 142.692
85.5993 39.0232 40.4538 8.65327 142.619
85.6993 38.9869 40.5274 8.65669 142.545
85.7993 38.9506 40.6009 8.66008 142.472
85.8993 38.9143 40.6745 8.66345 142.398
85.9993 38.8779 40.748 8.6668 142.325
86.0993 38.8415 40.8216 8.67012 142.251
86.1993 38.8052 40.8952 8.67342 142.178
86.2993 38.7687 40.9688 8.6767 142.104
86.3993 38.7323 41.0424 8.67995 142.03
86.4993 38.6958 41.116 8.68317 141.957
86.5993 38.6593 41.1896 8.68638 141.883
86.6992 38.6228 41.2632 8.68955 141.809
86.7992 38.5863 41.3368 8.69271 141.736
86.8992 38.5497 41.4104 8.69584 141.662
86.9992 38.5131 41.4841 8.69894 141.589
87.0992 38.4765 41.5577 8.70202 141.515
87.1992 38.4399 41.6314 8.70508 141.441
87.2992 38.4032 41.7051 8.70811 141.368
87.3992 38.3665 41.7787 8.71112 141.294
87.4992 38.3298 41.8524 8.71411 141.22
87.5992 38.2931 41.9261 8.71707 141.147
87.6992 38.2564 41.9998 8.72 141.073
87.7992 38.2196 42.0734 8.72291 140.999
87.8992 38.1828 42.1471 8.7258 140.926
87.9992 38.146 42.2208 8.72866 140.852
88.0992 38.1092 42.2945 8.7315 140.778
88.1992 38.0723 42.3682 8.73431 140.704
88.2992 38.0354 42.442 8.7371 140.631
88.3992 37.9985 42.5157 8.73986 140.557
88.4992 37.9616 42.5894 8.7426 140.483
88.5992 37.9247 42.6631 8.74531 140.41
88.6992 37.8877 42.7368 8.748 140.336
88.7992 37.8507 42.8106 8.75067 140.262
88.8992 37.8137 42.8843 8.75331 140.188
88.9992 37.7766 42.958 8.75592 140.115
89.0992 37.7396 43.0318 8.75851 140.041
89.1992 37.7025 43.1055 8.76108 139.967
89.2992 37.6654 43.1792 8.76362 139.893
89.3992 37.6283 43.253 8.76613 139.82
89.4992 37.5912 43.3267 8.76862 139.746
89.5992 37.554 43.4005 8.77109 139.672
89.6992 37.5168 43.4742 8.77353 139.598
89.7992 37.4796 43.5479 8.77595 139.525
89.8992 37.4424 43.6217 8.77834 139.451
89.9992 37.4051 43.6954 8.7807 139.377
90.0992 37.3679 43.7692 8.78304 139.304
90.1992 37.3306 43.8429 8.78536 139.23
90.2992 37.2933 43.9167 8.78765 139.156
90.3992 37.2559 43.9904 8.78991 139.082
90.4992 37.2186 44.0642 8.79215 139.009
90.5992 37.1812 44.1379 8.79437 138.935
90.6992 37.1438 44.2116 8.79656 138.861
90.7992 37.1064 44.2854 8.79872 138.787
90.8992 37.069 44.3591 8.80086 138.714
90.9992 37.0315 44.4329 8.80297 138.64
91.0992 36.9941 44.5066 8.80506 138.566
91.1992 36.9566 44.5803 8.80713 138.492
91.2992 36.9191 44.654 8.80916 138.419
91.3992 36.8815 44.7278 8.81118 138.345
91.4992 36.844 44.8015 8.81316 138.271
91.5992 36.8064 44.8752 8.81512 138.197
91.6992 36.7688 44.9489 8.81706 138.124
91.7992 36.7312 45.0226 8.81897 138.05
91.8992 36.6936 45.0963 8.82085 137.976
91.9992 36.6559 45.17 8.82271 137.903
92.0992 36.6182 45.2437 8.82455 137.829
92.1992 36.5806 45.3174 8.82635 137.755
92.2992 36.5428 45.3911 8.82814 137.682
92.3992 36.5051 45.4648 8.82989 137.608
92.4992 36.4674 45.5385 8.83162 137.534
92.5992 36.4296 45.6122 8.83333 137.461
92.6992 36.3918 45.6858 8.83501 137.387
92.7992 36.354 45.7595 8.83666 137.313
92.8992 36.3162 45.8331 8.83829 137.24
92.9992 36.2784 45.9068 8.83989 137.166
93.0992 36.2405 45.9804 8.84147 137.092
93.1992 36.2026 46.0541 8.84302 137.019
93.2991 36.1647 46.1277 8.84454 136.945
93.3991 36.1268 46.2013 8.84604 136.871
93.4991 36.0889 46.2749 8.84751 136.798
93.5991 36.0509 46.3485 8.84896 136.724
93.6991 36.0129 46.4221 8.85038 136.651
93.7991 35.975 46.4957 8.85177 136.577
93.8991 35.9369 46.5693 8.85314 136.503
93.9991 35.8989 46.6429 8.85448 136.43
94.0991 35.8609 46.7164 8.8558 136.356
94.1991 35.8228 46.79 8.85709 136.283
94.2991 35.7847 46.8635 8.85835 136.209
94.3991 35.7466 46.937 8.85959 136.136
94.4991 35.7085 47.0106 8.8608 136.062
94.5991 35.6704 47.0841 8.86199 135.989
94.6991 35.6322 47.1576 8.86315 135.915
94.7991 35.594 47.2311 8.86428 135.842
94.8991 35.5559 47.3046 8.86538 135.768
94.9991 35.5177 47.378 8.86646 135.695
95.0991 35.4794 47.4515 8.86752 135.621
95.1991 35.4412 47.5249 8.86854 135.548
95.2991 35.4029 47.5984 8.86955 135.474
95.3991 35.3647 47.6718 8.87052 135.401
95.4991 35.3264 47.7452 8.87147 135.327
95.5991 35.2881 47.8186 8.87239 135.254
95.6991 35.2497 47.892 8.87328 135.181
95.7991 35.2114 47.9654 8.87415 135.107
95.8991 35.173 48.0387 8.87499 135.034
95.9991 35.1346 48.1121 8.87581 134.961
96.0991 35.0962 48.1854 8.8766 134.887
96.1991 35.0578 48.2587 8.87736 134.814
96.2991 35.0194 48.332 8.87809 134.741
96.3991 34.981 48.4053 8.8788 134.667
96.4991 34.9425 48.4786 8.87948 134.594
96.5991 34.904 48.5519 8.88014 134.521
96.6991 34.8655 48.6251 8.88077 134.448
96.7991 34.827 48.6984 8.88137 134.374
96.8991 34.7885 48.7716 8.88194 134.301
96.9991 34.7499 48.8448 8.88249 134.228
97.0991 34.7114 48.918 8.88301 134.155
97.1991 34.6728 48.9911 8.88351 134.082
97.2991 34.6342 49.0643 8.88397 134.008
97.3991 34.5956 49.1374 8.88441 133.935
97.4991 34.5569 49.2106 8.88483 133.862
97.5991 34.5183 49.2837 8.88521 133.789
97.6991 34.4796 49.3568 8.88557 133.716
97.7991 34.441 49.4298 8.88591 133.643
97.8991 34.4023 49.5029 8.88621 133.57
97.9991 34.3636 49.5759 8.88649 133.497
98.0991 34.3248 49.6489 8.88674 133.424
98.1991 34.2861 49.7219 8.88697 133.351
98.2991 34.2473 49.7949 8.88716 133.278
98.3991 34.2086 49.8679 8.88733 133.205
98.4991 34.1698 49.9408 8.88748 133.132
98.5991 34.131 50.0138 8.88759 133.059
98.6991 34.0922 50.0867 8.88768 132.986
98.7991 34.0533 50.1595 8.88774 132.913
98.8991 34.0145 50.2324 8.88777 132.84
98.9991 33.9756 50.3053 8.88778 132.767
99.0991 33.9367 50.3781 8.88776 132.695
99.1991 33.8978 50.4509 8.88771 132.622
99.2991 33.8589 50.5237 8.88764 132.549
99.3991 33.82 50.5964 8.88753 132.476
99.4991 33.7811 50.6692 8.8874 132.403
99.5991 33.7421 50.7419 8.88724 132.331
99.6991 33.7031 50.8146 8.88706 132.258
99.799 33.6641 50.8873 8.88685 132.185
99.899 33.6251 50.96 8.88661 132.113
99.999 33.5861 51.0326 8.88634 132.04
100.099 33.5471 51.1052 8.88604 131.967
100.199 33.508 51.1778 8.88572 131.895
100.299 33.469 51.2504 8.88537 131.822
100.399 33.4299 51.3229 8.88499 131.75
100.499 33.3908 51.3954 8.88459 131.677
100.599 33.3517 51.4679 8.88415 131.605
100.699 33.3126 51.5404 8.88369 131.532
100.799 33.2735 51.6129 8.88321 131.46
100.899 33.2343 51.6853 8.88269 131.387
100.999 33.1951 51.7577 8.88215 131.315
101.099 33.156 51.8301 8.88157 131.243
101.199 33.1168 51.9024 8.88097 131.17
101.299 33.0776 51.9747 8.88035 131.098
101.399 33.0383 52.0471 8.87969 131.026
101.499 32.9991 52.1193 8.87901 130.953
101.599 32.9599 52.1916 8.8783 130.881
101.699 32.9206 52.2638 8.87756 130.809
101.799 32.8813 52.336 8.87679 130.737
101.899 32.842 52.4082 8.876 130.665
101.999 32.8027 52.4803 8.87518 130.592
102.099 32.7634 52.5525 8.87433 130.52
102.199 32.7241 52.6245 8.87345 130.448
102.299 32.6847 52.6966 8.87254 130.376
102.399 32.6454 52.7687 8.87161 130.304
102.499 32.606 52.8407 8.87064 130.232
102.599 32.5666 52.9126 8.86965 130.16
102.699 32.5272 52.9846 8.86864 130.088
102.799 32.4878 53.0565 8.86759 130.016
102.899 32.4484 53.1284 8.86651 129.944
102.999 32.4089 53.2003 8.86541 129.872
103.099 32.3695 53.2721 8.86428 129.801
103.199 32.33 53.3439 8.86312 129.729
103.299 32.2905 53.4157 8.86193 129.657
103.399 32.251 53.4875 8.86072 129.585
103.499 32.2115 53.5592 8.85947 129.513
103.599 32.172 53.6309 8.8582 129.442
103.699 32.1324 53.7026 8.8569 129.37
103.799 32.0929 53.7742 8.85557 129.298
103.899 32.0533 53.8458 8.85422 129.227
103.999 32.0138 53.9174 8.85283 129.155
104.099 31.9742 53.9889 8.85142 129.084
104.199 31.9346 54.0604 8.84997 129.012
104.299 31.8949 54.1319 8.8485 128.941
104.399 31.8553 54.2033 8.847 128.869
104.499 31.8157 54.2747 8.84548 128.798
104.599 31.776 54.3461 8.84392 128.727
104.699 31.7364 54.4175 8.84234 128.655
104.799 31.6967 54.4888 8.84072 128.584
104.899 31.657 54.5601 8.83908 128.513
104.999 31.6173 54.6313 8.83741 128.441
105.099 31.5776 54.7025 8.83571 128.37
105.199 31.5378 54.7737 8.83399 128.299
105.299 31.4981 54.8449 8.83223 128.228
105.399 31.4583 54.916 8.83045 128.157
105.499 31.4186 54.9871 8.82864 128.086
105.599 31.3788 55.0581 8.82679 128.015
105.699 31.339 55.1291 8.82492 127.944
105.799 31.2992 55.2001 8.82302 127.873
105.899 31.2594 55.271 8.8211 127.802
105.999 31.2195 55.342 8.81914 127.731
106.099 31.1797 55.4128 8.81716 127.66
106.199 31.1399 55.4837 8.81514 127.589
106.299 31.1 55.5545 8.8131 127.518
106.399 31.0601 55.6252 8.81103 127.447
106.499 31.0202 55.6959 8.80893 127.377
106.599 30.9803 55.7666 8.8068 127.306
106.699 30.9404 55.8373 8.80464 127.235
106.799 30.9005 55.9079 8.80246 127.165
106.899 30.8605 55.9785 8.80024 127.094
106.999 30.8206 56.049 8.798 127.024
107.099 30.7806 56.1195 8.79572 126.953
107.199 30.7406 56.19 8.79342 126.883
107.299 30.7007 56.2604 8.79109 126.812
107.399 30.6607 56.3308 8.78873 126.742
107.499 30.6207 56.4012 8.78634 126.672
107.599 30.5806 56.4715 8.78392 126.601
107.699 30.5406 56.5418 8.78148 126.531
107.799 30.5006 56.612 8.779 126.461
107.899 30.4605 56.6822 8.7765 126.39
107.999 30.4204 56.7523 8.77396 126.32
108.099 30.3804 56.8225 8.7714 126.25
108.199 30.3403 56.8925 8.76881 126.18
108.299 30.3002 56.9626 8.76619 126.11
108.399 30.26 57.0326 8.76354 126.04
108.499 30.2199 57.1025 8.76086 125.97
108.599 30.1798 57.1724 8.75815 125.9
108.699 30.1396 57.2423 8.75541 125.83
108.799 30.0995 57.3121 8.75264 125.761
108.899 30.0593 57.3819 8.74985 125.691
108.999 30.0191 57.4517 8.74702 125.621
109.099 29.9789 57.5214 8.74417 125.551
109.199 29.9387 57.5911 8.74128 125.482
109.299 29.8985 57.6607 8.73837 125.412
109.399 29.8583 57.7303 8.73543 125.342
109.499 29.8181 57.7998 8.73246 125.273
109.599 29.7778 57.8693 8.72946 125.203
109.699 29.7376 57.9387 8.72643 125.134
109.799 29.6973 58.0082 8.72337 125.065
109.899 29.657 58.0775 8.72028 124.995
109.999 29.6167 58.1468 8.71716 124.926
110.099 29.5764 58.2161 8.71401 124.857
110.199 29.5361 58.2853 8.71084 124.787
110.299 29.4958 58.3545 8.70763 124.718
110.399 29.4554 58.4237 8.70439 124.649
110.499 29.4151 58.4928 8.70113 124.58
110.599 29.3747 58.5618 8.69783 124.511
110.699 29.3344 58.6308 8.69451 124.442
110.799 29.294 58.6998 8.69116 124.373
110.899 29.2536 58.7687 8.68777 124.304
110.999 29.2132 58.8376 8.68436 124.235
111.099 29.1728 58.9064 8.68092 124.166
111.199 29.1324 58.9752 8.67745 124.097
111.299 29.092 59.0439 8.67395 124.029
111.399 29.0515 59.1126 8.67042 123.96
111.499 29.0111 59.1812 8.66686 123.891
111.599 28.9706 59.2498 8.66327 123.823
111.699 28.9301 59.3184 8.65965 123.754
111.799 28.8897 59.3869 8.656 123.686
111.899 28.8492 59.4553 8.65232 123.617
111.999 28.8087 59.5237 8.64861 123.549
112.099 28.7682 59.5921 8.64487 123.481
112.199 28.7276 59.6604 8.64111 123.412
112.299 28.6871 59.7286 8.63731 123.344
112.399 28.6466 59.7968 8.63348 123.276
112.499 28.606 59.865 8.62963 123.208
112.599 28.5655 59.9331 8.62574 123.14
112.699 28.5249 60.0012 8.62183 123.072
112.799 28.4843 60.0692 8.61788 123.004
112.899 28.4437 60.1371 8.61391 122.936
112.999 28.4031 60.205 8.6099 122.868
113.099 28.3625 60.2729 8.60587 122.8
113.199 28.3219 60.3407 8.6018 122.732
113.299 28.2813 60.4085 8.59771 122.664
113.399 28.2406 60.4762 8.59358 122.597
113.499 28.2 60.5438 8.58943 122.529
113.599 28.1593 60.6114 8.58525 122.461
113.699 28.1186 60.679 8.58103 122.394
113.799 28.078 60.7465 8.57679 122.326
113.899 28.0373 60.8139 8.57252 122.259
113.999 27.9966 60.8813 8.56822 122.191
114.099 27.9559 60.9487 8.56388 122.124
114.199 27.9152 61.016 8.55952 122.057
114.299 27.8744 61.0832 8.55513 121.989
114.399 27.8337 61.1504 8.55071 121.922
114.499 27.7929 61.2175 8.54626 121.855
114.599 27.7522 61.2846 8.54177 121.788
114.699 27.7114 61.3516 8.53726 121.721
114.799 27.6707 61.4186 8.53272 121.654
114.899 27.6299 61.4855 8.52815 121.587
114.999 27.5891 61.5524 8.52355 121.52
115.099 27.5483 61.6192 8.51892 121.454
115.199 27.5075 61.6859 8.51425 121.387
115.299 27.4667 61.7526 8.50956 121.32
115.399 27.4258 61.8193 8.50484 121.253
115.499 27.385 61.8859 8.50009 121.187
115.599 27.3441 61.9524 8.49531 121.12
115.699 27.3033 62.0189 8.4905 121.054
115.799 27.2624 62.0853 8.48566 120.987
115.899 27.2215 62.1517 8.48078 120.921
115.999 27.1807 62.218 8.47588 120.855
116.099 27.1398 62.2842 8.47095 120.788
116.199 27.0989 62.3504 8.46599 120.722
116.299 27.058 62.4166 8.461 120.656
116.399 27.017 62.4827 8.45598 120.59
116.499 26.9761 62.5487 8.45093 120.524
116.599 26.9352 62.6147 8.44585 120.458
116.699 26.8942 62.6806 8.44073 120.392
116.799 26.8533 62.7464 8.43559 120.326
116.899 26.8123 62.8122 8.43042 120.26
116.999 26.7714 62.878 8.42522 120.195
117.099 26.7304 62.9436 8.41999 120.129
117.199 26.6894 63.0093 8.41473 120.063
117.299 26.6484 63.0748 8.40943 119.998
117.399 26.6074 63.1403 8.40411 119.932
117.499 26.5664 63.2058 8.39876 119.867
117.599 26.5253 63.2711 8.39338 119.802
117.699 26.4843 63.3365 8.38796 119.736
117.799 26.4433 63.4017 8.38252 119.671
117.899 26.4022 63.4669 8.37705 119.606
117.999 26.3612 63.5321 8.37155 119.541
118.099 26.3201 63.5972 8.36601 119.476
118.199 26.279 63.6622 8.36045 119.41
118.299 26.238 63.7272 8.35486 119.346
118.399 26.1969 63.7921 8.34923 119.281
118.499 26.1558 63.8569 8.34358 119.216
118.599 26.1147 63.9217 8.3379 119.151
118.699 26.0735 63.9864 8.33218 119.086
118.799 26.0324 64.051 8.32644 119.022
118.899 25.9913 64.1156 8.32066 118.957
118.999 25.9501 64.1802 8.31486 118.893
119.099 25.909 64.2446 8.30902 118.828
119.199 25.8678 64.309 8.30316 118.764
119.299 25.8267 64.3734 8.29726 118.699
119.399 25.7855 64.4377 8.29134 118.635
119.499 25.7443 64.5019 8.28538 118.571
119.599 25.7031 64.566 8.2794 118.507
119.699 25.6619 64.6301 8.27338 118.443
119.799 25.6207 64.6942 8.26733 118.379
119.899 25.5795 64.7581 8.26126 118.315
119.999 25.5383 64.822 8.25515 118.251
120.099 25.4971 64.8858 8.24902 118.187
120.199 25.4558 64.9496 8.24285 118.123
120.299 25.4146 65.0133 8.23665 118.059
120.399 25.3734 65.077 8.23042 117.996
120.499 25.3321 65.1405 8.22417 117.932
120.599 25.2908 65.204 8.21788 117.869
120.699 25.2496 65.2675 8.21156 117.805
120.799 25.2083 65.3309 8.20521 117.742
120.899 25.167 65.3942 8.19883 117.679
120.999 25.1257 65.4574 8.19242 117.615
121.099 25.0844 65.5206 8.18599 117.552
121.199 25.0431 65.5837 8.17952 117.489
121.299 25.0017 65.6468 8.17302 117.426
121.399 24.9604 65.7097 8.16649 117.363
121.499 24.9191 65.7727 8.15993 117.3
121.599 24.8777 65.8355 8.15334 117.237
121.699 24.8364 65.8983 8.14672 117.174
121.799 24.795 65.961 8.14007 117.112
121.899 24.7537 66.0236 8.13338 117.049
121.999 24.7123 66.0862 8.12667 116.986
122.099 24.6709 66.1487 8.11993 116.924
122.199 24.6295 66.2112 8.11316 116.862
122.299 24.5881 66.2735 8.10636 116.799
122.399 24.5467 66.3358 8.09953 116.737
122.499 24.5053 66.3981 8.09266 116.675
122.599 24.4639 66.4602 8.08577 116.612
122.699 24.4225 66.5223 8.07885 116.55
122.799 24.381 66.5843 8.0719 116.488
122.899 24.3396 66.6463 8.06491 116.426
122.999 24.2982 66.7082 8.0579 116.365
123.099 24.2567 66.77 8.05086 116.303
123.199 24.2152 66.8317 8.04378 116.241
123.299 24.1738 66.8934 8.03668 116.179
123.399 24.1323 66.955 8.02954 116.118
123.499 24.0908 67.0165 8.02238 116.056
123.599 24.0493 67.078 8.01518 115.995
123.699 24.0078 67.1394 8.00796 115.933
123.799 23.9663 67.2007 8.0007 115.872
123.899 23.9248 67.2619 7.99342 115.811
123.999 23.8833 67.3231 7.9861 115.75
124.099 23.8418 67.3842 7.97876 115.688
124.199 23.8002 67.4453 7.97138 115.627
124.299 23.7587 67.5062 7.96397 115.566
124.399 23.7172 67.5671 7.95654 115.506
124.499 23.6756 67.6279 7.94907 115.445
124.599 23.6341 67.6887 7.94158 115.384
124.699 23.5925 67.7493 7.93405 115.323
124.799 23.5509 67.8099 7.92649 115.263
124.899 23.5093 67.8704 7.9189 115.202
124.999 23.4677 67.9309 7.91129 115.142
125.099 23.4262 67.9913 7.90364 115.081
125.199 23.3846 68.0515 7.89596 115.021
125.299 23.3429 68.1118 7.88825 114.961
125.399 23.3013 68.1719 7.88052 114.901
125.499 23.2597 68.232 7.87275 114.841
125.599 23.2181 68.292 7.86495 114.781
125.699 23.1765 68.3519 7.85712 114.721
125.799 23.1348 68.4118 7.84926 114.661
125.899 23.0932 68.4716 7.84137 114.601
125.999 23.0515 68.5313 7.83346 114.541
126.099 23.0099 68.5909 7.82551 114.482
126.199 22.9682 68.6504 7.81753 114.422
126.299 22.9265 68.7099 7.80952 114.363
126.399 22.8848 68.7693 7.80148 114.303
126.499 22.8432 68.8286 7.79341 114.244
126.599 22.8015 68.8879 7.78531 114.185
126.699 22.7598 68.947 7.77718 114.126
126.799 22.7181 69.0061 7.76902 114.067
126.899 22.6764 69.0651 7.76084 114.008
126.999 22.6346 69.1241 7.75262 113.949
127.099 22.5929 69.1829 7.74437 113.89
127.199 22.5512 69.2417 7.73609 113.831
127.299 22.5094 69.3004 7.72778 113.772
127.399 22.4677 69.359 7.71944 113.714
127.499 22.426 69.4176 7.71107 113.655
127.599 22.3842 69.476 7.70267 113.597
127.699 22.3424 69.5344 7.69424 113.538
127.799 22.3007 69.5927 7.68578 113.48
127.899 22.2589 69.651 7.67729 113.422
127.999 22.2171 69.7091 7.66877 113.364
128.099 22.1753 69.7672 7.66023 113.305
128.199 22.1335 69.8252 7.65165 113.247
128.299 22.0917 69.8831 7.64304 113.19
128.399 22.0499 69.941 7.6344 113.132
128.499 22.0081 69.9987 7.62573 113.074
128.599 21.9663 70.0564 7.61703 113.016
128.699 21.9245 70.114 7.6083 112.959
128.799 21.8826 70.1715 7.59954 112.901
128.899 21.8408 70.2289 7.59075 112.844
128.999 21.799 70.2863 7.58193 112.786
129.099 21.7571 70.3436 7.57309 112.729
129.199 21.7153 70.4008 7.56421 112.672
129.299 21.6734 70.4579 7.5553 112.615
129.399 21.6315 70.5149 7.54636 112.558
129.499 21.5896 70.5719 7.53739 112.501
129.599 21.5478 70.6287 7.5284 112.444
129.699 21.5059 70.6855 7.51937 112.387
129.799 21.464 70.7422 7.51031 112.33
129.899 21.4221 70.7989 7.50123 112.274
129.999 21.3802 70.8554 7.49211 112.217
130.099 21.3383 70.9118 7.48297 112.161
130.199 21.2964 70.9682 7.47379 112.104
130.299 21.2545 71.0245 7.46459 112.048
130.399 21.2125 71.0807 7.45535 111.992
130.499 21.1706 71.1368 7.44609 111.936
130.599 21.1287 71.1929 7.43679 111.88
130.699 21.0867 71.2488 7.42747 111.824
130.799 21.0448 71.3047 7.41811 111.768
130.899 21.0028 71.3605 7.40873 111.712
130.999 20.9609 71.4162 7.39932 111.656
131.099 20.9189 71.4718 7.38988 111.601
131.199 20.8769 71.5274 7.38041 111.545
131.299 20.8349 71.5828 7.3709 111.49
131.399 20.793 71.6382 7.36137 111.435
131.499 20.751 71.6934 7.35181 111.379
131.599 20.709 71.7486 7.34222 111.324
131.699 20.667 71.8038 7.33261 111.269
131.799 20.625 71.8588 7.32296 111.214
131.899 20.583 71.9137 7.31328 111.159
131.999 20.541 71.9686 7.30357 111.104
132.099 20.4989 72.0233 7.29384 111.049
132.199 20.4569 72.078 7.28407 110.995
132.299 20.4149 72.1326 7.27427 110.94
132.399 20.3728 72.1871 7.26445 110.886
132.499 20.3308 72.2415 7.2546 110.831
132.599 20.2888 72.2959 7.24471 110.777
132.699 20.2467 72.3501 7.2348 110.723
132.799 20.2047 72.4043 7.22486 110.668
132.899 20.1626 72.4583 7.21489 110.614
132.999 20.1205 72.5123 7.20489 110.56
133.099 20.0784 72.5662 7.19486 110.506
133.199 20.0364 72.62 7.1848 110.453
133.299 19.9943 72.6737 7.17471 110.399
133.399 19.9522 72.7274 7.16459 110.345
133.499 19.9101 72.7809 7.15445 110.292
133.599 19.868 72.8344 7.14427 110.238
133.699 19.8259 72.8877 7.13407 110.185
133.799 19.7838 72.941 7.12383 110.132
133.899 19.7417 72.9942 7.11357 110.078
133.999 19.6996 73.0473 7.10328 110.025
134.099 19.6574 73.1003 7.09296 109.972
134.199 19.6153 73.1532 7.08261 109.919
134.299 19.5732 73.206 7.07223 109.867
134.399 19.531 73.2588 7.06182 109.814
134.499 19.4889 73.3114 7.05139 109.761
134.599 19.4467 73.364 7.04092 109.709
134.699 19.4046 73.4165 7.03043 109.656
134.799 19.3624 73.4688 7.0199 109.604
134.899 19.3203 73.5211 7.00935 109.552
134.999 19.2781 73.5733 6.99877 109.499
135.099 19.2359 73.6254 6.98816 109.447
135.199 19.1937 73.6774 6.97752 109.395
135.299 19.1516 73.7294 6.96686 109.343
135.399 19.1094 73.7812 6.95616 109.291
135.499 19.0672 73.8329 6.94544 109.24
135.599 19.025 73.8846 6.93468 109.188
135.699 18.9828 73.9361 6.9239 109.137
135.799 18.9406 73.9876 6.91309 109.085
135.899 18.8983 74.039 6.90225 109.034
135.999 18.8561 74.0902 6.89138 108.982
136.099 18.8139 74.1414 6.88049 108.931
136.199 18.7717 74.1925 6.86956 108.88
136.299 18.7294 74.2435 6.85861 108.829
136.399 18.6872 74.2944 6.84763 108.778
136.499 18.645 74.3452 6.83662 108.727
136.599 18.6027 74.396 6.82558 108.677
136.699 18.5605 74.4466 6.81451 108.626
136.799 18.5182 74.4971 6.80342 108.576
136.899 18.476 74.5476 6.79229 108.525
136.999 18.4337 74.5979 6.78114 108.475
137.099 18.3914 74.6482 6.76996 108.425
137.199 18.3491 74.6983 6.75875 108.374
137.299 18.3069 74.7484 6.74752 108.324
137.399 18.2646 74.7984 6.73625 108.274
137.499 18.2223 74.8482 6.72496 108.224
137.599 18.18 74.898 6.71364 108.175
137.699 18.1377 74.9477 6.70229 108.125
137.799 18.0954 74.9973 6.69091 108.075
137.899 18.0531 75.0468 6.6795 108.026
137.999 18.0108 75.0962 6.66807 107.977
138.099 17.9685 75.1455 6.65661 107.927
138.199 17.9262 75.1947 6.64512 107.878
138.299 17.8838 75.2438 6.6336 107.829
138.399 17.8415 75.2928 6.62206 107.78
138.499 17.7992 75.3417 6.61048 107.731
138.599 17.7568 75.3905 6.59888 107.682
138.699 17.7145 75.4393 6.58725 107.633
138.799 17.6722 75.4879 6.57559 107.585
138.899 17.6298 75.5364 6.56391 107.536
138.999 17.5875 75.5849 6.5522 107.488
139.099 17.5451 75.6332 6.54046 107.439
139.199 17.5027 75.6814 6.52869 107.391
139.299 17.4604 75.7296 6.51689 107.343
139.399 17.418 75.7776 6.50507 107.295
139.499 17.3756 75.8256 6.49322 107.247
139.599 17.3332 75.8734 6.48134 107.199
139.699 17.2909 75.9212 6.46943 107.152
139.799 17.2485 75.9688 6.4575 107.104
139.899 17.2061 76.0164 6.44554 107.056
139.999 17.1637 76.0638 6.43355 107.009
140.099 17.1213 76.1112 6.42153 106.961
140.199 17.0789 76.1585 6.40949 106.914
140.299 17.0365 76.2056 6.39742 106.867
140.399 16.9941 76.2527 6.38532 106.82
140.499 16.9516 76.2996 6.3732 106.773
140.599 16.9092 76.3465 6.36104 106.726
140.699 16.8668 76.3933 6.34886 106.679
140.799 16.8244 76.4399 6.33666 106.633
140.899 16.7819 76.4865 6.32442 106.586
140.999 16.7395 76.533 6.31216 106.54
141.099 16.6971 76.5793 6.29987 106.493
141.199 16.6546 76.6256 6.28756 106.447
141.299 16.6122 76.6717 6.27522 106.401
141.399 16.5697 76.7178 6.26285 106.355
141.499 16.5273 76.7638 6.25045 106.309
141.599 16.4848 76.8096 6.23803 106.263
141.699 16.4423 76.8554 6.22558 106.217
141.799 16.3999 76.901 6.2131 106.172
141.899 16.3574 76.9466 6.2006 106.126
141.999 16.3149 76.9921 6.18807 106.081
142.099 16.2724 77.0374 6.17551 106.035
142.199 16.23 77.0827 6.16293 105.99
142.299 16.1875 77.1278 6.15032 105.945
142.399 16.145 77.1729 6.13768 105.9
142.499 16.1025 77.2178 6.12501 105.855
142.6 16.06 77.2627 6.11232 105.81
142.7 16.0175 77.3074 6.09961 105.765
142.8 15.975 77.3521 6.08687 105.721
142.9 15.9325 77.3966 6.0741 105.676
143 15.89 77.441 6.0613 105.632
143.1 15.8474 77.4854 6.04848 105.587
143.2 15.8049 77.5296 6.03563 105.543
143.3 15.7624 77.5737 6.02275 105.499
143.4 15.7199 77.6177 6.00985 105.455
143.5 15.6773 77.6617 5.99693 105.411
143.6 15.6348 77.7055 5.98397 105.367
143.7 15.5922 77.7492 5.97099 105.323
143.8 15.5497 77.7928 5.95799 105.28
143.9 15.5072 77.8363 5.94496 105.236
144 15.4646 77.8797 5.9319 105.193
144.1 15.4221 77.923 5.91882 105.15
144.2 15.3795 77.9662 5.90571 105.106
144.3 15.3369 78.0093 5.89257 105.063
144.4 15.2944 78.0523 5.87941 105.02
144.5 15.2518 78.0952 5.86622 104.978
144.6 15.2092 78.1379 5.85301 104.935
144.7 15.1667 78.1806 5.83977 104.892
144.8 15.1241 78.2232 5.82651 104.85
144.9 15.0815 78.2656 5.81322 104.807
145 15.0389 78.308 5.79991 104.765
145.1 14.9963 78.3502 5.78657 104.722
145.2 14.9537 78.3924 5.7732 104.68
145.3 14.9111 78.4344 5.75981 104.638
145.4 14.8685 78.4763 5.74639 104.596
145.5 14.8259 78.5182 5.73295 104.555
145.6 14.7833 78.5599 5.71948 104.513
145.7 14.7407 78.6015 5.70599 104.471
145.8 14.6981 78.643 5.69247 104.43
145.9 14.6555 78.6844 5.67893 104.388
146 14.6129 78.7257 5.66536 104.347
146.1 14.5702 78.7669 5.65177 104.306
146.2 14.5276 78.808 5.63815 104.265
146.3 14.485 78.849 5.62451 104.224
146.4 14.4423 78.8898 5.61084 104.183
146.5 14.3997 78.9306 5.59714 104.142
146.6 14.3571 78.9712 5.58343 104.101
146.7 14.3144 79.0118 5.56968 104.061
146.8 14.2718 79.0522 5.55592 104.02
146.9 14.2291 79.0925 5.54212 103.98
147 14.1865 79.1328 5.52831 103.94
147.1 14.1438 79.1729 5.51446 103.9
147.2 14.1011 79.2129 5.5006 103.86
147.3 14.0585 79.2528 5.48671 103.82
147.4 14.0158 79.2926 5.47279 103.78
147.5 13.9732 79.3323 5.45885 103.74
147.6 13.9305 79.3718 5.44489 103.701
147.7 13.8878 79.4113 5.4309 103.661
147.8 13.8451 79.4506 5.41689 103.622
147.9 13.8024 79.4899 5.40285 103.583
148 13.7598 79.529 5.38879 103.544
148.1 13.7171 79.5681 5.37471 103.505
148.2 13.6744 79.607 5.3606 103.466
148.3 13.6317 79.6458 5.34646 103.427
148.4 13.589 79.6845 5.33231 103.388
148.5 13.5463 79.7231 5.31812 103.35
148.6 13.5036 79.7616 5.30392 103.311
148.7 13.4609 79.7999 5.28969 103.273
148.8 13.4182 79.8382 5.27544 103.235
148.9 13.3755 79.8763 5.26116 103.196
149 13.3327 79.9144 5.24686 103.158
149.1 13.29 79.9523 5.23254 103.12
149.2 13.2473 79.9901 5.21819 103.083
149.3 13.2046 80.0278 5.20382 103.045
149.4 13.1618 80.0654 5.18942 103.007
149.5 13.1191 80.1029 5.17501 102.97
149.6 13.0764 80.1403 5.16057 102.932
149.7 13.0336 80.1776 5.1461 102.895
149.8 12.9909 80.2147 5.13161 102.858
149.9 12.9482 80.2518 5.1171 102.821
150 12.9054 80.2887 5.10257 102.784
150.1 12.8627 80.3255 5.08801 102.747
150.2 12.8199 80.3622 5.07343 102.71
150.3 12.7772 80.3988 5.05883 102.674
150.4 12.7344 80.4353 5.0442 102.637
150.5 12.6917 80.4717 5.02955 102.601
150.6 12.6489 80.5079 5.01488 102.565
150.7 12.6061 80.5441 5.00018 102.529
150.8 12.5634 80.5801 4.98547 102.493
150.9 12.5206 80.616 4.97073 102.457
151 12.4778 80.6518 4.95596 102.421
151.1 12.435 80.6875 4.94118 102.385
151.2 12.3923 80.7231 4.92637 102.35
151.3 12.3495 80.7586 4.91154 102.314
151.4 12.3067 80.794 4.89669 102.279
151.5 12.2639 80.8292 4.88181 102.243
151.6 12.2211 80.8643 4.86691 102.208
151.7 12.1783 80.8994 4.85199 102.173
151.8 12.1355 80.9343 4.83705 102.138
151.9 12.0927 80.9691 4.82209 102.104
152 12.0499 81.0038 4.8071 102.069
152.1 12.0071 81.0383 4.79209 102.034
152.2 11.9643 81.0728 4.77706 102
152.3 11.9215 81.1071 4.76201 101.966
152.4 11.8787 81.1413 4.74694 101.931
152.5 11.8359 81.1754 4.73184 101.897
152.6 11.7931 81.2094 4.71672 101.863
152.7 11.7503 81.2433 4.70159 101.829
152.8 11.7074 81.2771 4.68642 101.796
152.9 11.6646 81.3107 4.67124 101.762
153 11.6218 81.3443 4.65604 101.728
153.1 11.579 81.3777 4.64081 101.695
153.2 11.5361 81.411 4.62557 101.662
153.3 11.4933 81.4442 4.6103 101.628
153.4 11.4505 81.4773 4.59501 101.595
153.5 11.4076 81.5103 4.5797 101.562
153.6 11.3648 81.5431 4.56437 101.53
153.7 11.322 81.5758 4.54902 101.497
153.8 11.2791 81.6085 4.53364 101.464
153.9 11.2363 81.641 4.51825 101.432
154 11.1934 81.6734 4.50283 101.399
154.1 11.1506 81.7056 4.4874 101.367
154.2 11.1077 81.7378 4.47194 101.335
154.3 11.0648 81.7698 4.45646 101.303
154.4 11.022 81.8018 4.44097 101.271
154.5 10.9791 81.8336 4.42545 101.239
154.6 10.9363 81.8653 4.40991 101.207
154.7 10.8934 81.8968 4.39435 101.176
154.8 10.8505 81.9283 4.37877 101.144
154.9 10.8076 81.9596 4.36317 101.113
155 10.7648 81.9909 4.34755 101.082
155.1 10.7219 82.022 4.33191 101.051
155.2 10.679 82.053 4.31624 101.02
155.3 10.6361 82.0838 4.30056 100.989
155.4 10.5933 82.1146 4.28486 100.958
155.5 10.5504 82.1452 4.26914 100.927
155.6 10.5075 82.1758 4.2534 100.897
155.7 10.4646 82.2062 4.23764 100.867
155.8 10.4217 82.2365 4.22186 100.836
155.9 10.3788 82.2666 4.20606 100.806
156 10.3359 82.2967 4.19024 100.776
156.1 10.293 82.3266 4.1744 100.746
156.2 10.2501 82.3564 4.15854 100.716
156.3 10.2072 82.3862 4.14266 100.687
156.4 10.1643 82.4157 4.12676 100.657
156.5 10.1214 82.4452 4.11085 100.627
156.6 10.0785 82.4746 4.09491 100.598
156.7 10.0356 82.5038 4.07896 100.569
156.8 9.99265 82.5329 4.06298 100.54
156.9 9.94974 82.5619 4.04699 100.511
157 9.90682 82.5908 4.03097 100.482
157.1 9.8639 82.6195 4.01494 100.453
157.2 9.82098 82.6482 3.99889 100.425
157.3 9.77805 82.6767 3.98282 100.396
157.4 9.73512 82.7051 3.96674 100.368
157.5 9.6922 82.7334 3.95063 100.339
157.6 9.64927 82.7615 3.9345 100.311
157.7 9.60633 82.7896 3.91836 100.283
157.8 9.5634 82.8175 3.9022 100.255
157.9 9.52046 82.8453 3.88602 100.227
158 9.47752 82.873 3.86982 100.2
158.1 9.43458 82.9006 3.8536 100.172
158.2 9.39164 82.928 3.83737 100.145
158.3 9.34869 82.9553 3.82112 100.117
158.4 9.30575 82.9825 3.80485 100.09
158.5 9.2628 83.0096 3.78856 100.063
158.6 9.21985 83.0366 3.77225 100.036
158.7 9.17689 83.0634 3.75592 100.009
158.8 9.13394 83.0902 3.73958 99.9825
158.9 9.09098 83.1168 3.72322 99.9559
159.001 9.04803 83.1433 3.70684 99.9294
159.101 9.00506 83.1696 3.69045 99.903
159.201 8.9621 83.1959 3.67404 99.8768
159.301 8.91914 83.222 3.65761 99.8507
159.401 8.87617 83.248 3.64116 99.8247
159.501 8.8332 83.2739 3.62469 99.7988
159.601 8.79024 83.2997 3.60821 99.773
159.701 8.74726 83.3253 3.59171 99.7474
159.801 8.70429 83.3509 3.5752 99.7218
159.901 8.66132 83.3763 3.55867 99.6964
160.001 8.61834 83.4015 3.54212 99.6711
160.101 8.57536 83.4267 3.52555 99.646
160.201 8.53238 83.4518 3.50897 99.6209
160.301 8.4894 83.4767 3.49237 99.596
160.401 8.44641 83.5015 3.47575 99.5712
160.501 8.40343 83.5262 3.45912 99.5465
160.601 8.36044 83.5507 3.44247 99.522
160.701 8.31745 83.5751 3.4258 99.4975
160.801 8.27446 83.5995 3.40912 99.4732
160.901 8.23147 83.6237 3.39242 99.449
161.001 8.18847 83.6477 3.3757 99.425
161.101 8.14548 83.6717 3.35897 99.401
161.201 8.10248 83.6955 3.34223 99.3772
161.301 8.05948 83.7192 3.32546 99.3535
161.401 8.01648 83.7428 3.30869 99.3299
161.501 7.97347 83.7663 3.29189 99.3064
161.601 7.93047 83.7896 3.27508 99.2831
161.701 7.88746 83.8128 3.25826 99.2599
161.801 7.84446 83.8359 3.24141 99.2368
161.901 7.80145 83.8589 3.22456 99.2138
162.001 7.75843 83.8817 3.20768 99.191
162.101 7.71542 83.9045 3.1908 99.1682
162.201 7.67241 83.9271 3.17389 99.1456
162.301 7.62939 83.9495 3.15698 99.1231
162.401 7.58637 83.9719 3.14004 99.1008
162.501 7.54336 83.9941 3.1231 99.0785
162.601 7.50034 84.0163 3.10613 99.0564
162.701 7.45731 84.0382 3.08915 99.0344
162.801 7.41429 84.0601 3.07216 99.0126
162.901 7.37126 84.0819 3.05515 98.9908
163.001 7.32824 84.1035 3.03813 98.9692
163.101 7.28521 84.125 3.02109 98.9477
163.201 7.24218 84.1464 3.00404 98.9263
163.301 7.19915 84.1676 2.98698 98.9051
163.401 7.15612 84.1887 2.9699 98.8839
163.501 7.11308 84.2098 2.9528 98.8629
163.601 7.07005 84.2306 2.93569 98.842
163.701 7.02701 84.2514 2.91857 98.8213
163.801 6.98397 84.272 2.90143 98.8006
163.901 6.94093 84.2926 2.88428 98.7801
164.001 6.89789 84.3129 2.86712 98.7597
164.101 6.85485 84.3332 2.84994 98.7395
164.201 6.8118 84.3533 2.83275 98.7193
164.301 6.76876 84.3734 2.81554 98.6993
164.401 6.72571 84.3933 2.79832 98.6794
164.501 6.68266 84.413 2.78109 98.6597
164.601 6.63961 84.4327 2.76385 98.64
164.701 6.59656 84.4522 2.74659 98.6205
164.801 6.55351 84.4716 2.72931 98.6011
164.901 6.51045 84.4909 2.71203 98.5818
165.001 6.4674 84.51 2.69473 98.5627
165.101 6.42434 84.529 2.67742 98.5436
165.201 6.38129 84.5479 2.66009 98.5247
165.301 6.33823 84.5667 2.64275 98.506
165.401 6.29517 84.5854 2.6254 98.4873
165.501 6.2521 84.6039 2.60804 98.4688
165.601 6.20904 84.6223 2.59066 98.4504
165.701 6.16598 84.6406 2.57327 98.4321
165.801 6.12291 84.6587 2.55587 98.414
165.901 6.07985 84.6768 2.53846 98.3959
166.001 6.03678 84.6947 2.52103 98.378
166.101 5.99371 84.7124 2.5036 98.3602
166.201 5.95064 84.7301 2.48615 98.3426
166.301 5.90757 84.7476 2.46868 98.3251
166.401 5.86449 84.765 2.45121 98.3077
166.501 5.82142 84.7823 2.43372 98.2904
166.601 5.77834 84.7995 2.41623 98.2732
166.701 5.73527 84.8165 2.39872 98.2562
166.801 5.69219 84.8334 2.3812 98.2393
166.901 5.64911 84.8502 2.36366 98.2225
167.001 5.60603 84.8668 2.34612 98.2059
167.101 5.56295 84.8833 2.32856 98.1893
167.201 5.51987 84.8997 2.311 98.1729
167.301 5.47679 84.916 2.29342 98.1567
167.401 5.4337 84.9322 2.27583 98.1405
167.501 5.39062 84.9482 2.25823 98.1245
167.601 5.34753 84.9641 2.24062 98.1086
167.701 5.30444 84.9799 2.223 98.0928
167.801 5.26135 84.9955 2.20536 98.0772
167.901 5.21826 85.011 2.18772 98.0617
168.001 5.17517 85.0264 2.17007 98.0463
168.101 5.13208 85.0417 2.1524 98.031
168.201 5.08899 85.0568 2.13473 98.0158
168.301 5.0459 85.0719 2.11704 98.0008
168.401 5.0028 85.0867 2.09934 97.9859
168.501 4.9597 85.1015 2.08164 97.9712
168.601 4.91661 85.1162 2.06392 97.9565
168.701 4.87351 85.1307 2.0462 97.942
168.801 4.83041 85.1451 2.02846 97.9276
168.901 4.78731 85.1593 2.01071 97.9134
169.001 4.74421 85.1734 1.99296 97.8992
169.101 4.70111 85.1875 1.97519 97.8852
169.201 4.65801 85.2013 1.95742 97.8713
169.301 4.6149 85.2151 1.93963 97.8576
169.401 4.5718 85.2287 1.92184 97.844
169.501 4.52869 85.2422 1.90403 97.8305
169.601 4.48559 85.2556 1.88622 97.8171
169.701 4.44248 85.2688 1.8684 97.8038
169.801 4.39937 85.282 1.85056 97.7907
169.901 4.35626 85.295 1.83272 97.7777
170.001 4.31315 85.3078 1.81487 97.7649
170.101 4.27004 85.3206 1.79702 97.7521
170.201 4.22693 85.3332 1.77915 97.7395
170.301 4.18382 85.3457 1.76127 97.727
170.401 4.1407 85.358 1.74339 97.7146
170.501 4.09759 85.3703 1.72549 97.7024
170.601 4.05447 85.3824 1.70759 97.6903
170.701 4.01136 85.3944 1.68968 97.6783
170.801 3.96824 85.4062 1.67177 97.6665
170.901 3.92512 85.4179 1.65384 97.6547
171.001 3.88201 85.4295 1.6359 97.6431
171.101 3.83889 85.441 1.61796 97.6317
171.201 3.79577 85.4524 1.60001 97.6203
171.301 3.75265 85.4636 1.58205 97.6091
171.401 3.70952 85.4747 1.56409 97.598
171.501 3.6664 85.4856 1.54611 97.5871
171.601 3.62328 85.4965 1.52813 97.5762
171.701 3.58016 85.5072 1.51014 97.5655
171.801 3.53703 85.5178 1.49215 97.5549
171.901 3.49391 85.5282 1.47414 97.5445
172.001 3.45078 85.5385 1.45613 97.5342
172.101 3.40765 85.5487 1.43812 97.524
172.201 3.36453 85.5588 1.42009 97.5139
172.301 3.3214 85.5687 1.40206 97.5039
172.401 3.27827 85.5786 1.38402 97.4941
172.501 3.23514 85.5883 1.36597 97.4844
172.601 3.19201 85.5978 1.34792 97.4749
172.701 3.14888 85.6072 1.32986 97.4654
172.801 3.10575 85.6165 1.3118 97.4561
172.901 3.06262 85.6257 1.29373 97.447
173.001 3.01949 85.6348 1.27565 97.4379
173.101 2.97636 85.6437 1.25756 97.429
173.201 2.93322 85.6525 1.23947 97.4202
173.301 2.89009 85.6612 1.22138 97.4115
173.401 2.84695 85.6697 1.20327 97.403
173.501 2.80382 85.6781 1.18516 97.3946
173.601 2.76068 85.6864 1.16705 97.3863
173.701 2.71755 85.6945 1.14893 97.3781
173.801 2.67441 85.7026 1.1308 97.3701
173.901 2.63127 85.7105 1.11267 97.3622
174.001 2.58813 85.7182 1.09453 97.3544
174.101 2.545 85.7259 1.07639 97.3468
174.201 2.50186 85.7334 1.05824 97.3393
174.301 2.45872 85.7408 1.04009 97.3319
174.401 2.41558 85.7481 1.02193 97.3246
174.501 2.37244 85.7552 1.00377 97.3175
174.601 2.3293 85.7622 0.985603 97.3105
174.701 2.28616 85.7691 0.96743 97.3036
174.801 2.24301 85.7758 0.949252 97.2969
174.901 2.19987 85.7824 0.93107 97.2903
175.001 2.15673 85.7889 0.912883 97.2838
175.101 2.11359 85.7953 0.894692 97.2774
175.201 2.07044 85.8015 0.876496 97.2712
175.301 2.0273 85.8076 0.858296 97.2651
175.402 1.98415 85.8136 0.840092 97.2591
175.502 1.94101 85.8194 0.821883 97.2532
175.602 1.89786 85.8252 0.803671 97.2475
175.702 1.85472 85.8308 0.785454 97.2419
175.802 1.81157 85.8362 0.767234 97.2365
175.902 1.76843 85.8416 0.74901 97.2311
176.002 1.72528 85.8468 0.730782 97.2259
176.102 1.68213 85.8518 0.712551 97.2208
176.202 1.63899 85.8568 0.694316 97.2159
176.302 1.59584 85.8616 0.676077 97.2111
176.402 1.55269 85.8663 0.657836 97.2064
176.502 1.50954 85.8709 0.639591 97.2018
176.602 1.46639 85.8753 0.621343 97.1974
176.702 1.42325 85.8796 0.603092 97.1931
176.802 1.3801 85.8838 0.584837 97.1889
176.902 1.33695 85.8878 0.56658 97.1848
177.002 1.2938 85.8918 0.548321 97.1809
177.102 1.25065 85.8956 0.530058 97.1771
177.202 1.2075 85.8992 0.511793 97.1735
177.302 1.16435 85.9028 0.493525 97.1699
177.402 1.1212 85.9062 0.475255 97.1665
177.502 1.07805 85.9094 0.456983 97.1632
177.602 1.0349 85.9126 0.438708 97.1601
177.702 0.991744 85.9156 0.420431 97.1571
177.802 0.948593 85.9185 0.402152 97.1542
177.902 0.905441 85.9213 0.383871 97.1514
178.002 0.86229 85.9239 0.365589 97.1488
178.102 0.819138 85.9264 0.347304 97.1463
178.202 0.775986 85.9288 0.329018 97.1439
178.302 0.732833 85.931 0.31073 97.1416
178.402 0.689681 85.9332 0.29244 97.1395
178.502 0.646528 85.9352 0.274149 97.1375
178.602 0.603376 85.937 0.255857 97.1357
178.702 0.560223 85.9388 0.237563 97.1339
178.802 0.51707 85.9404 0.219269 97.1323
178.902 0.473917 85.9418 0.200973 97.1308
179.002 0.430764 85.9432 0.182676 97.1295
179.102 0.387611 85.9444 0.164378 97.1283
179.202 0.344457 85.9455 0.14608 97.1272
179.302 0.301304 85.9465 0.127781 97.1262
179.402 0.258151 85.9473 0.109481 97.1254
179.502 0.214997 85.948 0.0911803 97.1247
179.602 0.171844 85.9486 0.0728795 97.1241
179.702 0.12869 85.949 0.0545782 97.1237
179.802 0.0855368 85.9494 0.0362767 97.1233
179.902 0.0423833 85.9495 0.0179751 97.1231
