0 2.08307e-14 1.73709 0 180.219
0.1 0.296869 1.73716 0.0130229 180.219
0.2 0.593712 1.73734 0.0260459 180.218
0.3 0.890506 1.73766 0.0390687 180.218
0.4 1.18722 1.73809 0.0520915 180.218
0.5 1.48384 1.73865 0.0651142 180.217
0.6 1.78034 1.73934 0.0781368 180.216
0.7 2.07668 1.74015 0.0911592 180.216
0.8 2.37285 1.74109 0.104181 180.215
0.9 2.66883 1.74215 0.117203 180.214
1 2.96457 1.74334 0.130225 180.212
1.1 3.26007 1.74465 0.143247 180.211
1.2 3.5553 1.74609 0.156268 180.21
1.3 3.85023 1.74765 0.169289 180.208
1.4 4.14484 1.74934 0.18231 180.206
1.5 4.43911 1.75115 0.19533 180.205
1.6 4.73301 1.75309 0.20835 180.203
1.7 5.02651 1.75515 0.221369 180.201
1.8 5.3196 1.75733 0.234388 180.198
1.9 5.61225 1.75965 0.247407 180.196
2 5.90444 1.76208 0.260425 180.194
2.1 6.19614 1.76464 0.273443 180.191
2.2 6.48734 1.76733 0.28646 180.188
2.3 6.778 1.77014 0.299476 180.186
2.4 7.06811 1.77308 0.312492 180.183
2.5 7.35764 1.77614 0.325508 180.18
2.6 7.64658 1.77932 0.338522 180.176
2.7 7.9349 1.78263 0.351536 180.173
2.8 8.22258 1.78607 0.36455 180.17
2.9 8.5096 1.78963 0.377562 180.166
3 8.79593 1.79331 0.390574 180.162
3.1 9.08157 1.79712 0.403585 180.159
3.2 9.36648 1.80105 0.416596 180.155
3.3 9.65064 1.80511 0.429605 180.151
3.4 9.93405 1.8093 0.442614 180.146
3.5 10.2167 1.8136 0.455622 180.142
3.6 10.4985 1.81804 0.468629 180.138
3.7 10.7795 1.8226 0.481635 180.133
3.8 11.0596 1.82728 0.49464 180.128
3.9 11.339 1.83209 0.507644 180.124
4 11.6174 1.83702 0.520647 180.119
4.1 11.8949 1.84207 0.533649 180.114
4.2 12.1715 1.84726 0.54665 180.108
4.3 12.4472 1.85256 0.55965 180.103
4.4 12.722 1.85799 0.572649 180.098
4.5 12.9958 1.86355 0.585647 180.092
4.6 13.2686 1.86923 0.598644 180.086
4.7 13.5404 1.87503 0.611639 180.081
4.8 13.8113 1.88096 0.624634 180.075
4.9 14.0811 1.88701 0.637627 180.069
5 14.3498 1.89319 0.650619 180.062
5.1 14.6176 1.89949 0.663609 180.056
5.2 14.8842 1.90592 0.676599 180.05
5.3 15.1498 1.91247 0.689586 180.043
5.4 15.4143 1.91914 0.702573 180.037
5.5 15.6776 1.92594 0.715558 180.03
5.6 15.9399 1.93287 0.728542 180.023
5.7 16.2011 1.93992 0.741525 180.016
5.8 16.4611 1.94709 0.754506 180.009
5.9 16.7199 1.95439 0.767485 180.001
6 16.9776 1.96181 0.780463 179.994
6.1 17.2341 1.96935 0.79344 179.986
6.2 17.4894 1.97702 0.806415 179.979
6.3 17.7436 1.98482 0.819388 179.971
6.4 17.9965 1.99274 0.83236 179.963
6.5 18.2482 2.00078 0.84533 179.955
6.6 18.4987 2.00895 0.858298 179.947
6.7 18.748 2.01724 0.871265 179.938
6.8 18.996 2.02565 0.88423 179.93
6.9 19.2428 2.03419 0.897194 179.921
7 19.4883 2.04286 0.910155 179.913
7.1 19.7326 2.05164 0.923115 179.904
7.2 19.9756 2.06055 0.936073 179.895
7.3 20.2173 2.06959 0.94903 179.886
7.4 20.4578 2.07875 0.961984 179.877
7.5 20.6969 2.08803 0.974936 179.868
7.6 20.9348 2.09744 0.987887 179.858
7.7 21.1714 2.10697 1.00084 179.849
7.79999 21.4066 2.11662 1.01378 179.839
7.89999 21.6406 2.1264 1.02673 179.829
7.99999 21.8733 2.1363 1.03967 179.819
8.09999 22.1046 2.14633 1.05261 179.809
8.2 22.3346 2.15648 1.06555 179.799
8.3 22.5633 2.16675 1.07849 179.789
8.4 22.7906 2.17715 1.09142 179.779
8.5 23.0167 2.18767 1.10435 179.768
8.6 23.2414 2.19831 1.11728 179.757
8.7 23.4647 2.20908 1.13021 179.747
8.8 23.6867 2.21997 1.14314 179.736
8.9 23.9074 2.23099 1.15606 179.725
9 24.1267 2.24213 1.16898 179.714
9.1 24.3447 2.25339 1.1819 179.702
9.2 24.5614 2.26477 1.19482 179.691
9.3 24.7767 2.27628 1.20773 179.679
9.4 24.9906 2.28791 1.22064 179.668
9.5 25.2032 2.29967 1.23355 179.656
9.6 25.4145 2.31155 1.24646 179.644
9.7 25.6244 2.32355 1.25937 179.632
9.8 25.833 2.33567 1.27227 179.62
9.9 26.0402 2.34792 1.28517 179.608
10 26.2461 2.36029 1.29807 179.595
10.1 26.4506 2.37279 1.31096 179.583
10.2 26.6538 2.3854 1.32385 179.57
10.3 26.8556 2.39814 1.33674 179.558
10.4 27.0561 2.411 1.34963 179.545
10.5 27.2552 2.42399 1.36251 179.532
10.6 27.4531 2.4371 1.37539 179.519
10.7 27.6495 2.45033 1.38827 179.505
10.8 27.8447 2.46368 1.40115 179.492
10.9 28.0385 2.47716 1.41402 179.479
11 28.231 2.49076 1.42689 179.465
11.1 28.4221 2.50448 1.43976 179.451
11.2 28.6119 2.51833 1.45263 179.437
11.3 28.8004 2.5323 1.46549 179.423
11.4 28.9876 2.54639 1.47835 179.409
11.5 29.1735 2.5606 1.49121 179.395
11.6 29.358 2.57493 1.50406 179.381
11.7 29.5413 2.58939 1.51691 179.366
11.8 29.7232 2.60397 1.52976 179.352
11.9 29.9038 2.61867 1.5426 179.337
12 30.0832 2.6335 1.55544 179.322
12.1 30.2612 2.64844 1.56828 179.307
12.2 30.438 2.66351 1.58112 179.292
12.3 30.6134 2.6787 1.59395 179.277
12.4 30.7876 2.69402 1.60678 179.262
12.5 30.9605 2.70945 1.61961 179.246
12.6 31.1321 2.72501 1.63243 179.231
12.7 31.3025 2.74069 1.64525 179.215
12.8 31.4716 2.75649 1.65806 179.199
12.9 31.6394 2.77241 1.67088 179.183
13 31.806 2.78846 1.68369 179.167
13.1 31.9714 2.80462 1.69649 179.151
13.2 32.1355 2.82091 1.7093 179.135
13.3 32.2983 2.83732 1.7221 179.118
13.4 32.4599 2.85385 1.73489 179.102
13.5 32.6203 2.8705 1.74769 179.085
13.6 32.7795 2.88728 1.76048 179.068
13.7 32.9374 2.90417 1.77326 179.052
13.8 33.0942 2.92119 1.78605 179.034
13.9 33.2497 2.93833 1.79883 179.017
14 33.404 2.95559 1.8116 179
14.1 33.5572 2.97297 1.82437 178.983
14.2 33.7091 2.99047 1.83714 178.965
14.3 33.8599 3.0081 1.84991 178.948
14.4 34.0094 3.02584 1.86267 178.93
14.5 34.1579 3.04371 1.87543 178.912
14.6 34.3051 3.06169 1.88818 178.894
14.7 34.4512 3.0798 1.90093 178.876
14.8 34.5961 3.09803 1.91368 178.858
14.9 34.7399 3.11638 1.92642 178.839
15 34.8825 3.13485 1.93916 178.821
15.1 35.024 3.15344 1.95189 178.802
15.2 35.1644 3.17215 1.96462 178.784
15.3 35.3036 3.19098 1.97735 178.765
15.4 35.4417 3.20993 1.99008 178.746
15.5 35.5787 3.229 2.0028 178.727
15.6 35.7146 3.2482 2.01551 178.707
15.7 35.8494 3.26751 2.02822 178.688
15.8 35.9831 3.28695 2.04093 178.669
15.9 36.1157 3.3065 2.05363 178.649
16 36.2473 3.32617 2.06633 178.63
16.1 36.3777 3.34597 2.07903 178.61
16.2 36.5071 3.36588 2.09172 178.59
16.3 36.6354 3.38592 2.10441 178.57
16.4 36.7627 3.40607 2.11709 178.55
16.5 36.8889 3.42635 2.12977 178.529
16.6 37.0141 3.44674 2.14244 178.509
16.7 37.1382 3.46725 2.15511 178.488
16.8 37.2613 3.48789 2.16778 178.468
16.9 37.3834 3.50864 2.18044 178.447
17 37.5045 3.52951 2.1931 178.426
17.1 37.6245 3.5505 2.20575 178.405
17.2 37.7436 3.57162 2.2184 178.384
17.3 37.8616 3.59285 2.23105 178.363
17.4 37.9786 3.6142 2.24369 178.341
17.5 38.0947 3.63567 2.25632 178.32
17.6 38.2098 3.65726 2.26895 178.298
17.7 38.3239 3.67896 2.28158 178.277
17.8 38.437 3.70079 2.2942 178.255
17.9 38.5491 3.72274 2.30682 178.233
18 38.6603 3.7448 2.31943 178.211
18.1 38.7706 3.76698 2.33204 178.189
18.2 38.8799 3.78929 2.34465 178.166
18.3 38.9883 3.81171 2.35725 178.144
18.4 39.0957 3.83425 2.36984 178.121
18.5 39.2022 3.85691 2.38243 178.099
18.6 39.3078 3.87968 2.39501 178.076
18.7 39.4125 3.90258 2.4076 178.053
18.8 39.5162 3.92559 2.42017 178.03
18.9 39.6191 3.94872 2.43274 178.007
19 39.7211 3.97197 2.44531 177.984
19.1 39.8221 3.99534 2.45787 177.96
19.2 39.9223 4.01883 2.47042 177.937
19.3 40.0216 4.04243 2.48298 177.913
19.4 40.1201 4.06615 2.49552 177.89
19.5 40.2176 4.08999 2.50806 177.866
19.6 40.3143 4.11395 2.5206 177.842
19.7 40.4102 4.13803 2.53313 177.818
19.8 40.5052 4.16222 2.54566 177.793
19.9 40.5993 4.18653 2.55818 177.769
20 40.6926 4.21096 2.5707 177.745
20.1 40.7851 4.2355 2.58321 177.72
20.2 40.8768 4.26017 2.59571 177.696
20.3 40.9676 4.28495 2.60821 177.671
20.4 41.0576 4.30985 2.62071 177.646
20.5 41.1469 4.33486 2.6332 177.621
20.6 41.2353 4.35999 2.64569 177.596
20.7 41.3229 4.38524 2.65817 177.57
20.8 41.4097 4.41061 2.67064 177.545
20.9 41.4957 4.43609 2.68311 177.52
21 41.5809 4.46169 2.69557 177.494
21.1 41.6654 4.4874 2.70803 177.468
21.2 41.7491 4.51324 2.72049 177.442
21.3 41.832 4.53918 2.73293 177.417
21.4 41.9142 4.56525 2.74538 177.39
21.5 41.9956 4.59143 2.75781 177.364
21.6 42.0763 4.61773 2.77024 177.338
21.7 42.1562 4.64414 2.78267 177.312
21.8 42.2354 4.67067 2.79509 177.285
21.9 42.3138 4.69732 2.80751 177.258
22 42.3915 4.72408 2.81991 177.232
22.1 42.4685 4.75096 2.83232 177.205
22.2 42.5448 4.77795 2.84472 177.178
22.3 42.6203 4.80506 2.85711 177.151
22.4 42.6951 4.83229 2.86949 177.123
22.5 42.7693 4.85963 2.88188 177.096
22.6 42.8427 4.88708 2.89425 177.069
22.7001 42.9155 4.91466 2.90662 177.041
22.8001 42.9875 4.94234 2.91898 177.013
22.9001 43.0589 4.97014 2.93134 176.986
23.0001 43.1296 4.99806 2.94369 176.958
23.1001 43.1996 5.02609 2.95604 176.93
23.2001 43.2689 5.05424 2.96838 176.901
23.3001 43.3376 5.0825 2.98071 176.873
23.4001 43.4056 5.11088 2.99304 176.845
23.5001 43.473 5.13937 3.00536 176.816
23.6001 43.5397 5.16797 3.01768 176.788
23.7001 43.6057 5.1967 3.02999 176.759
23.8001 43.6712 5.22553 3.04229 176.73
23.9001 43.7359 5.25448 3.05459 176.701
24.0001 43.8001 5.28354 3.06688 176.672
24.1001 43.8636 5.31272 3.07917 176.643
24.2001 43.9265 5.34201 3.09144 176.614
24.3001 43.9888 5.37142 3.10372 176.584
24.4001 44.0504 5.40094 3.11598 176.555
24.5001 44.1115 5.43057 3.12824 176.525
24.6001 44.1719 5.46032 3.1405 176.495
24.7001 44.2317 5.49018 3.15275 176.466
24.8001 44.291 5.52015 3.16499 176.436
24.9001 44.3496 5.55024 3.17722 176.405
25.0001 44.4077 5.58044 3.18945 176.375
25.1001 44.4651 5.61075 3.20168 176.345
25.2001 44.522 5.64118 3.21389 176.315
25.3001 44.5783 5.67172 3.2261 176.284
25.4001 44.6341 5.70237 3.2383 176.253
25.5001 44.6892 5.73314 3.2505 176.223
25.6001 44.7438 5.76402 3.26269 176.192
25.7001 44.7979 5.79501 3.27487 176.161
25.8001 44.8514 5.82611 3.28705 176.13
25.9001 44.9043 5.85733 3.29922 176.098
26.0001 44.9567 5.88866 3.31138 176.067
26.1001 45.0085 5.9201 3.32354 176.036
26.2001 45.0598 5.95166 3.33569 176.004
26.3001 45.1105 5.98332 3.34783 175.972
26.4001 45.1608 6.0151 3.35997 175.941
26.5001 45.2104 6.04699 3.3721 175.909
26.6001 45.2596 6.07899 3.38422 175.877
26.7001 45.3082 6.1111 3.39634 175.845
26.8001 45.3564 6.14333 3.40845 175.812
26.9001 45.404 6.17566 3.42055 175.78
27.0001 45.4511 6.20811 3.43265 175.748
27.1001 45.4976 6.24067 3.44474 175.715
27.2001 45.5437 6.27334 3.45682 175.682
27.3001 45.5893 6.30612 3.46889 175.65
27.4001 45.6344 6.33902 3.48096 175.617
27.5001 45.679 6.37202 3.49302 175.584
27.6001 45.7231 6.40513 3.50507 175.551
27.7001 45.7667 6.43836 3.51712 175.517
27.8001 45.8098 6.4717 3.52916 175.484
27.9001 45.8524 6.50514 3.54119 175.451
28.0001 45.8946 6.5387 3.55322 175.417
28.1001 45.9363 6.57237 3.56523 175.383
28.2001 45.9775 6.60614 3.57725 175.35
28.3001 46.0183 6.64003 3.58925 175.316
28.4001 46.0585 6.67403 3.60124 175.282
28.5001 46.0984 6.70813 3.61323 175.248
28.6001 46.1377 6.74235 3.62521 175.213
28.7001 46.1767 6.77668 3.63719 175.179
28.8001 46.2151 6.81112 3.64915 175.145
28.9001 46.2531 6.84566 3.66111 175.11
29.0001 46.2907 6.88032 3.67307 175.075
29.1001 46.3278 6.91508 3.68501 175.041
29.2001 46.3645 6.94996 3.69695 175.006
29.3001 46.4008 6.98494 3.70888 174.971
29.4001 46.4366 7.02003 3.7208 174.936
29.5001 46.472 7.05523 3.73271 174.9
29.6001 46.507 7.09054 3.74462 174.865
29.7001 46.5415 7.12596 3.75652 174.83
29.8001 46.5756 7.16149 3.76841 174.794
29.9001 46.6093 7.19712 3.78029 174.759
30.0001 46.6426 7.23286 3.79217 174.723
30.1001 46.6755 7.26872 3.80404 174.687
30.2001 46.708 7.30468 3.8159 174.651
30.3001 46.74 7.34074 3.82775 174.615
30.4001 46.7717 7.37692 3.83959 174.579
30.5001 46.8029 7.4132 3.85143 174.542
30.6001 46.8338 7.44959 3.86326 174.506
30.7001 46.8642 7.48609 3.87508 174.47
30.8001 46.8943 7.5227 3.88689 174.433
30.9001 46.924 7.55941 3.8987 174.396
31.0001 46.9533 7.59623 3.9105 174.359
31.1001 46.9822 7.63316 3.92229 174.323
31.2001 47.0107 7.6702 3.93407 174.285
31.3001 47.0388 7.70734 3.94584 174.248
31.4001 47.0666 7.74459 3.9576 174.211
31.5001 47.094 7.78194 3.96936 174.174
31.6001 47.121 7.8194 3.98111 174.136
31.7001 47.1476 7.85697 3.99285 174.099
31.8001 47.1739 7.89464 4.00458 174.061
31.9001 47.1998 7.93243 4.01631 174.023
32.0001 47.2254 7.97031 4.02802 173.985
32.1001 47.2506 8.0083 4.03973 173.947
32.2001 47.2754 8.0464 4.05143 173.909
32.3001 47.2999 8.0846 4.06312 173.871
32.4001 47.324 8.12291 4.0748 173.833
32.5001 47.3478 8.16133 4.08648 173.794
32.6001 47.3712 8.19985 4.09814 173.756
32.7001 47.3943 8.23847 4.1098 173.717
32.8001 47.417 8.2772 4.12145 173.678
32.9001 47.4394 8.31604 4.13309 173.64
33.0001 47.4615 8.35498 4.14472 173.601
33.1001 47.4832 8.39402 4.15635 173.562
33.2001 47.5046 8.43317 4.16796 173.523
33.3001 47.5257 8.47243 4.17957 173.483
33.4001 47.5464 8.51179 4.19117 173.444
33.5001 47.5668 8.55125 4.20275 173.404
33.6001 47.5868 8.59082 4.21433 173.365
33.7001 47.6066 8.63049 4.22591 173.325
33.8001 47.626 8.67027 4.23747 173.285
33.9001 47.6451 8.71014 4.24902 173.246
34.0001 47.6639 8.75013 4.26057 173.206
34.1001 47.6824 8.79021 4.27211 173.165
34.2001 47.7006 8.8304 4.28363 173.125
34.3 47.7184 8.8707 4.29515 173.085
34.4 47.736 8.91109 4.30666 173.045
34.5 47.7532 8.95159 4.31816 173.004
34.6 47.7701 8.9922 4.32965 172.963
34.7 47.7868 9.0329 4.34114 172.923
34.8 47.8031 9.07371 4.35261 172.882
34.9 47.8191 9.11462 4.36408 172.841
35 47.8348 9.15563 4.37553 172.8
35.1 47.8503 9.19675 4.38698 172.759
35.2 47.8654 9.23797 4.39842 172.718
35.3 47.8803 9.27929 4.40985 172.676
35.4 47.8948 9.32071 4.42127 172.635
35.5 47.9091 9.36223 4.43268 172.593
35.6 47.9231 9.40386 4.44408 172.552
35.7 47.9368 9.44559 4.45547 172.51
35.8 47.9502 9.48741 4.46685 172.468
35.9 47.9634 9.52934 4.47823 172.426
36 47.9762 9.57138 4.48959 172.384
36.1 47.9888 9.61351 4.50095 172.342
36.2 48.0011 9.65574 4.51229 172.3
36.3 48.0132 9.69807 4.52363 172.258
36.4 48.0249 9.74051 4.53495 172.215
36.5 48.0364 9.78304 4.54627 172.173
36.6 48.0477 9.82568 4.55758 172.13
36.7 48.0586 9.86842 4.56888 172.087
36.8 48.0693 9.91125 4.58017 172.044
36.9 48.0798 9.95419 4.59145 172.001
37 48.0899 9.99723 4.60271 171.958
37.1 48.0999 10.0404 4.61397 171.915
37.2 48.1095 10.0836 4.62522 171.872
37.3 48.1189 10.1269 4.63647 171.829
37.4 48.1281 10.1704 4.6477 171.785
37.5 48.137 10.2139 4.65892 171.742
37.6 48.1456 10.2575 4.67013 171.698
37.7 48.154 10.3013 4.68133 171.654
37.8 48.1621 10.3451 4.69252 171.611
37.9 48.17 10.389 4.7037 171.567
38 48.1777 10.4331 4.71488 171.523
38.1 48.1851 10.4772 4.72604 171.479
38.2 48.1923 10.5214 4.73719 171.434
38.3 48.1992 10.5657 4.74833 171.39
38.4 48.2059 10.6102 4.75947 171.346
38.5 48.2123 10.6547 4.77059 171.301
38.6 48.2185 10.6993 4.7817 171.256
38.7 48.2245 10.744 4.7928 171.212
38.8 48.2302 10.7888 4.8039 171.167
38.9 48.2357 10.8337 4.81498 171.122
39 48.241 10.8787 4.82605 171.077
39.1 48.2461 10.9238 4.83711 171.032
39.2 48.2509 10.969 4.84816 170.987
39.3 48.2555 11.0143 4.85921 170.941
39.4 48.2599 11.0597 4.87024 170.896
39.5 48.264 11.1052 4.88126 170.85
39.6 48.2679 11.1508 4.89227 170.805
39.7 48.2716 11.1965 4.90327 170.759
39.8 48.2751 11.2423 4.91426 170.713
39.9 48.2784 11.2881 4.92524 170.668
40 48.2814 11.3341 4.93621 170.622
40.1 48.2843 11.3802 4.94717 170.576
40.2 48.2869 11.4263 4.95811 170.529
40.3 48.2893 11.4726 4.96905 170.483
40.4 48.2915 11.519 4.97998 170.437
40.5 48.2935 11.5654 4.9909 170.39
40.6 48.2952 11.612 5.0018 170.344
40.7 48.2968 11.6586 5.0127 170.297
40.7999 48.2982 11.7053 5.02358 170.25
40.8999 48.2993 11.7522 5.03446 170.204
40.9999 48.3003 11.7991 5.04532 170.157
41.0999 48.301 11.8461 5.05617 170.11
41.1999 48.3016 11.8932 5.06702 170.062
41.2999 48.3019 11.9404 5.07785 170.015
41.3999 48.302 11.9877 5.08867 169.968
41.4999 48.302 12.0351 5.09948 169.921
41.5999 48.3017 12.0826 5.11028 169.873
41.6999 48.3013 12.1302 5.12107 169.826
41.7999 48.3006 12.1778 5.13184 169.778
41.8999 48.2998 12.2256 5.14261 169.73
41.9999 48.2988 12.2735 5.15337 169.682
42.0999 48.2976 12.3214 5.16411 169.634
42.1999 48.2962 12.3695 5.17484 169.586
42.2999 48.2946 12.4176 5.18557 169.538
42.3999 48.2928 12.4658 5.19628 169.49
42.4999 48.2908 12.5141 5.20698 169.442
42.5999 48.2886 12.5626 5.21767 169.393
42.6999 48.2863 12.6111 5.22834 169.345
42.7999 48.2838 12.6597 5.23901 169.296
42.8999 48.2811 12.7084 5.24967 169.247
42.9999 48.2782 12.7571 5.26031 169.199
43.0999 48.2751 12.806 5.27094 169.15
43.1999 48.2718 12.855 5.28157 169.101
43.2999 48.2684 12.904 5.29218 169.052
43.3999 48.2648 12.9532 5.30278 169.003
43.4999 48.261 13.0024 5.31336 168.953
43.5999 48.257 13.0517 5.32394 168.904
43.6999 48.2529 13.1012 5.3345 168.855
43.7999 48.2486 13.1507 5.34506 168.805
43.8999 48.2441 13.2003 5.3556 168.755
43.9999 48.2395 13.2499 5.36613 168.706
44.0999 48.2347 13.2997 5.37665 168.656
44.1999 48.2297 13.3496 5.38716 168.606
44.2999 48.2245 13.3995 5.39765 168.556
44.3999 48.2192 13.4496 5.40814 168.506
44.4999 48.2137 13.4997 5.41861 168.456
44.5999 48.208 13.55 5.42907 168.406
44.6999 48.2022 13.6003 5.43952 168.355
44.7999 48.1962 13.6507 5.44996 168.305
44.8999 48.1901 13.7012 5.46038 168.255
44.9999 48.1837 13.7517 5.4708 168.204
45.0999 48.1773 13.8024 5.4812 168.153
45.1999 48.1706 13.8532 5.49159 168.103
45.2999 48.1638 13.904 5.50197 168.052
45.3999 48.1569 13.9549 5.51234 168.001
45.4999 48.1498 14.006 5.52269 167.95
45.5999 48.1425 14.0571 5.53303 167.899
45.6999 48.1351 14.1083 5.54336 167.847
45.7999 48.1275 14.1596 5.55368 167.796
45.8999 48.1198 14.2109 5.56399 167.745
45.9999 48.1119 14.2624 5.57428 167.693
46.0999 48.1039 14.3139 5.58457 167.642
46.1999 48.0957 14.3656 5.59484 167.59
46.2999 48.0873 14.4173 5.60509 167.538
46.3999 48.0789 14.4691 5.61534 167.487
46.4999 48.0702 14.521 5.62557 167.435
46.5999 48.0614 14.5729 5.6358 167.383
46.6999 48.0525 14.625 5.64601 167.331
46.7999 48.0434 14.6771 5.6562 167.279
46.8999 48.0342 14.7294 5.66639 167.226
46.9999 48.0248 14.7817 5.67656 167.174
47.0999 48.0153 14.8341 5.68672 167.122
47.1999 48.0057 14.8866 5.69687 167.069
47.2999 47.9959 14.9392 5.707 167.017
47.3998 47.9859 14.9918 5.71713 166.964
47.4998 47.9758 15.0446 5.72724 166.911
47.5998 47.9656 15.0974 5.73733 166.858
47.6998 47.9553 15.1503 5.74742 166.805
47.7998 47.9448 15.2033 5.75749 166.752
47.8998 47.9341 15.2564 5.76755 166.699
47.9998 47.9233 15.3095 5.7776 166.646
48.0998 47.9124 15.3628 5.78764 166.593
48.1998 47.9014 15.4161 5.79766 166.54
48.2998 47.8902 15.4695 5.80767 166.486
48.3998 47.8789 15.523 5.81766 166.433
48.4998 47.8674 15.5766 5.82765 166.379
48.5998 47.8559 15.6303 5.83762 166.325
48.6998 47.8441 15.684 5.84758 166.272
48.7998 47.8323 15.7378 5.85752 166.218
48.8998 47.8203 15.7917 5.86746 166.164
48.9998 47.8082 15.8457 5.87738 166.11
49.0998 47.796 15.8998 5.88728 166.056
49.1998 47.7836 15.954 5.89718 166.002
49.2998 47.7711 16.0082 5.90706 165.947
49.3998 47.7585 16.0625 5.91693 165.893
49.4998 47.7458 16.1169 5.92678 165.839
49.5998 47.7329 16.1714 5.93662 165.784
49.6998 47.7199 16.226 5.94645 165.73
49.7998 47.7068 16.2806 5.95627 165.675
49.8998 47.6935 16.3353 5.96607 165.62
49.9998 47.6801 16.3901 5.97586 165.566
50.0998 47.6667 16.445 5.98563 165.511
50.1998 47.653 16.5 5.9954 165.456
50.2998 47.6393 16.555 6.00515 165.401
50.3998 47.6254 16.6101 6.01488 165.346
50.4998 47.6115 16.6653 6.02461 165.29
50.5998 47.5974 16.7206 6.03432 165.235
50.6998 47.5832 16.776 6.04401 165.18
50.7998 47.5688 16.8314 6.05369 165.124
50.8998 47.5544 16.8869 6.06336 165.069
50.9998 47.5398 16.9425 6.07302 165.013
51.0998 47.5251 16.9982 6.08266 164.957
51.1998 47.5103 17.054 6.09229 164.902
51.2998 47.4954 17.1098 6.10191 164.846
51.3998 47.4804 17.1657 6.11151 164.79
51.4998 47.4652 17.2217 6.1211 164.734
51.5998 47.45 17.2778 6.13067 164.678
51.6998 47.4346 17.3339 6.14023 164.622
51.7998 47.4191 17.3902 6.14978 164.566
51.8998 47.4035 17.4465 6.15931 164.509
51.9998 47.3878 17.5028 6.16883 164.453
52.0998 47.372 17.5593 6.17834 164.396
52.1998 47.3561 17.6158 6.18783 164.34
52.2998 47.3401 17.6724 6.19731 164.283
52.3998 47.3239 17.7291 6.20677 164.227
52.4998 47.3077 17.7859 6.21622 164.17
52.5998 47.2913 17.8427 6.22566 164.113
52.6998 47.2748 17.8996 6.23508 164.056
52.7998 47.2583 17.9566 6.24449 163.999
52.8998 47.2416 18.0137 6.25389 163.942
52.9998 47.2248 18.0708 6.26327 163.885
53.0998 47.2079 18.128 6.27263 163.828
53.1998 47.1909 18.1853 6.28199 163.77
53.2998 47.1738 18.2427 6.29133 163.713
53.3998 47.1566 18.3001 6.30065 163.656
53.4998 47.1393 18.3576 6.30996 163.598
53.5998 47.1219 18.4152 6.31926 163.54
53.6998 47.1044 18.4729 6.32854 163.483
53.7998 47.0868 18.5306 6.3378 163.425
53.8997 47.069 18.5884 6.34706 163.367
53.9997 47.0512 18.6463 6.3563 163.309
54.0997 47.0333 18.7043 6.36552 163.251
54.1997 47.0153 18.7623 6.37473 163.193
54.2997 46.9972 18.8204 6.38393 163.135
54.3997 46.979 18.8786 6.39311 163.077
54.4997 46.9607 18.9368 6.40228 163.019
54.5997 46.9423 18.9952 6.41143 162.961
54.6997 46.9238 19.0536 6.42057 162.902
54.7997 46.9052 19.112 6.42969 162.844
54.8997 46.8865 19.1706 6.4388 162.785
54.9997 46.8677 19.2292 6.44789 162.727
55.0997 46.8488 19.2878 6.45697 162.668
55.1997 46.8298 19.3466 6.46604 162.609
55.2997 46.8107 19.4054 6.47509 162.55
55.3997 46.7916 19.4643 6.48412 162.491
55.4997 46.7723 19.5233 6.49314 162.432
55.5997 46.753 19.5823 6.50215 162.373
55.6997 46.7335 19.6414 6.51114 162.314
55.7997 46.714 19.7006 6.52012 162.255
55.8997 46.6943 19.7599 6.52908 162.196
55.9997 46.6746 19.8192 6.53803 162.137
56.0997 46.6548 19.8786 6.54696 162.077
56.1997 46.6349 19.938 6.55587 162.018
56.2997 46.6149 19.9976 6.56478 161.958
56.3997 46.5948 20.0572 6.57366 161.899
56.4997 46.5746 20.1168 6.58253 161.839
56.5997 46.5544 20.1766 6.59139 161.779
56.6997 46.534 20.2364 6.60023 161.719
56.7997 46.5136 20.2962 6.60906 161.659
56.8997 46.4931 20.3562 6.61787 161.6
56.9997 46.4725 20.4162 6.62667 161.54
57.0997 46.4518 20.4763 6.63545 161.479
57.1997 46.431 20.5364 6.64421 161.419
57.2997 46.4101 20.5966 6.65296 161.359
57.3997 46.3892 20.6569 6.6617 161.299
57.4997 46.3681 20.7172 6.67042 161.238
57.5997 46.347 20.7777 6.67912 161.178
57.6997 46.3258 20.8381 6.68781 161.118
57.7997 46.3045 20.8987 6.69649 161.057
57.8997 46.2832 20.9593 6.70515 160.996
57.9997 46.2617 21.02 6.71379 160.936
58.0997 46.2402 21.0807 6.72242 160.875
58.1997 46.2186 21.1415 6.73103 160.814
58.2997 46.1969 21.2024 6.73963 160.753
58.3997 46.1751 21.2634 6.74821 160.692
58.4997 46.1532 21.3244 6.75677 160.631
58.5997 46.1313 21.3855 6.76532 160.57
58.6997 46.1092 21.4466 6.77386 160.509
58.7997 46.0871 21.5078 6.78237 160.448
58.8997 46.065 21.5691 6.79088 160.387
58.9997 46.0427 21.6304 6.79936 160.325
59.0997 46.0204 21.6918 6.80783 160.264
59.1997 45.9979 21.7533 6.81629 160.202
59.2997 45.9754 21.8148 6.82473 160.141
59.3997 45.9529 21.8764 6.83315 160.079
59.4997 45.9302 21.938 6.84156 160.018
59.5997 45.9075 21.9998 6.84995 159.956
59.6997 45.8847 22.0615 6.85833 159.894
59.7997 45.8618 22.1234 6.86669 159.832
59.8997 45.8389 22.1853 6.87503 159.77
59.9997 45.8158 22.2473 6.88336 159.708
60.0997 45.7927 22.3093 6.89167 159.646
60.1997 45.7695 22.3714 6.89997 159.584
60.2997 45.7463 22.4336 6.90825 159.522
60.3997 45.723 22.4958 6.91651 159.46
60.4996 45.6996 22.5581 6.92476 159.398
60.5996 45.6761 22.6204 6.93299 159.335
60.6996 45.6525 22.6828 6.9412 159.273
60.7996 45.6289 22.7453 6.9494 159.21
60.8996 45.6052 22.8078 6.95759 159.148
60.9996 45.5815 22.8704 6.96575 159.085
61.0996 45.5576 22.933 6.9739 159.023
61.1996 45.5337 22.9957 6.98203 158.96
61.2996 45.5097 23.0585 6.99015 158.897
61.3996 45.4857 23.1213 6.99825 158.834
61.4996 45.4616 23.1842 7.00634 158.771
61.5996 45.4374 23.2472 7.0144 158.709
61.6996 45.4131 23.3102 7.02245 158.646
61.7996 45.3888 23.3732 7.03049 158.582
61.8996 45.3644 23.4364 7.03851 158.519
61.9996 45.3399 23.4995 7.04651 158.456
62.0996 45.3154 23.5628 7.05449 158.393
62.1996 45.2908 23.6261 7.06246 158.33
62.2996 45.2661 23.6895 7.07041 158.266
62.3996 45.2414 23.7529 7.07835 158.203
62.4996 45.2166 23.8163 7.08626 158.139
62.5996 45.1917 23.8799 7.09417 158.076
62.6996 45.1668 23.9435 7.10205 158.012
62.7996 45.1418 24.0071 7.10992 157.949
62.8996 45.1167 24.0708 7.11777 157.885
62.9996 45.0915 24.1346 7.1256 157.821
63.0996 45.0663 24.1984 7.13342 157.757
63.1996 45.0411 24.2623 7.14122 157.693
63.2996 45.0157 24.3262 7.149 157.629
63.3996 44.9903 24.3902 7.15677 157.565
63.4996 44.9649 24.4542 7.16452 157.501
63.5996 44.9393 24.5183 7.17225 157.437
63.6996 44.9138 24.5825 7.17996 157.373
63.7996 44.8881 24.6467 7.18766 157.309
63.8996 44.8624 24.711 7.19534 157.245
63.9996 44.8366 24.7753 7.203 157.18
64.0996 44.8108 24.8397 7.21065 157.116
64.1996 44.7849 24.9041 7.21828 157.052
64.2996 44.7589 24.9686 7.22589 156.987
64.3996 44.7329 25.0331 7.23348 156.923
64.4996 44.7068 25.0977 7.24106 156.858
64.5996 44.6806 25.1624 7.24862 156.793
64.6996 44.6544 25.2271 7.25616 156.729
64.7996 44.6281 25.2918 7.26369 156.664
64.8996 44.6018 25.3566 7.27119 156.599
64.9996 44.5754 25.4215 7.27868 156.534
65.0996 44.5489 25.4864 7.28616 156.469
65.1996 44.5224 25.5513 7.29361 156.404
65.2996 44.4959 25.6164 7.30105 156.339
65.3996 44.4692 25.6814 7.30847 156.274
65.4996 44.4425 25.7466 7.31587 156.209
65.5996 44.4158 25.8117 7.32326 156.144
65.6996 44.389 25.877 7.33062 156.079
65.7996 44.3621 25.9422 7.33797 156.013
65.8996 44.3352 26.0076 7.3453 155.948
65.9996 44.3082 26.0729 7.35262 155.883
66.0996 44.2812 26.1384 7.35991 155.817
66.1996 44.2541 26.2038 7.36719 155.752
66.2996 44.2269 26.2694 7.37445 155.686
66.3996 44.1997 26.335 7.38169 155.621
66.4996 44.1724 26.4006 7.38892 155.555
66.5996 44.1451 26.4663 7.39612 155.489
66.6996 44.1177 26.532 7.40331 155.424
66.7996 44.0903 26.5978 7.41048 155.358
66.8996 44.0628 26.6636 7.41763 155.292
66.9995 44.0353 26.7295 7.42477 155.226
67.0995 44.0077 26.7954 7.43189 155.16
67.1995 43.98 26.8614 7.43898 155.094
67.2995 43.9523 26.9274 7.44606 155.028
67.3995 43.9245 26.9935 7.45313 154.962
67.4995 43.8967 27.0596 7.46017 154.896
67.5995 43.8688 27.1258 7.4672 154.83
67.6995 43.8409 27.192 7.4742 154.764
67.7995 43.8129 27.2582 7.48119 154.697
67.8995 43.7849 27.3246 7.48816 154.631
67.9995 43.7568 27.3909 7.49511 154.565
68.0995 43.7287 27.4573 7.50205 154.498
68.1995 43.7005 27.5238 7.50896 154.432
68.2995 43.6722 27.5903 7.51586 154.365
68.3995 43.6439 27.6568 7.52274 154.299
68.4995 43.6156 27.7234 7.5296 154.232
68.5995 43.5872 27.79 7.53644 154.166
68.6995 43.5587 27.8567 7.54327 154.099
68.7995 43.5302 27.9234 7.55007 154.032
68.8995 43.5017 27.9902 7.55686 153.965
68.9995 43.4731 28.057 7.56362 153.899
69.0995 43.4444 28.1239 7.57037 153.832
69.1995 43.4157 28.1908 7.5771 153.765
69.2995 43.3869 28.2577 7.58381 153.698
69.3995 43.3581 28.3247 7.59051 153.631
69.4995 43.3293 28.3918 7.59718 153.564
69.5995 43.3004 28.4589 7.60384 153.497
69.6995 43.2714 28.526 7.61047 153.43
69.7995 43.2424 28.5931 7.61709 153.363
69.8995 43.2134 28.6604 7.62369 153.295
69.9995 43.1843 28.7276 7.63027 153.228
70.0995 43.1551 28.7949 7.63683 153.161
70.1995 43.1259 28.8622 7.64337 153.093
70.2995 43.0967 28.9296 7.64989 153.026
70.3995 43.0674 28.9971 7.6564 152.959
70.4995 43.038 29.0645 7.66288 152.891
70.5995 43.0086 29.132 7.66935 152.824
70.6995 42.9792 29.1996 7.67579 152.756
70.7995 42.9497 29.2672 7.68222 152.689
70.8995 42.9202 29.3348 7.68863 152.621
70.9995 42.8906 29.4025 7.69502 152.553
71.0995 42.861 29.4702 7.70139 152.486
71.1995 42.8313 29.5379 7.70774 152.418
71.2995 42.8016 29.6057 7.71407 152.35
71.3995 42.7718 29.6736 7.72038 152.282
71.4995 42.742 29.7414 7.72668 152.214
71.5995 42.7122 29.8094 7.73295 152.146
71.6995 42.6823 29.8773 7.7392 152.078
71.7995 42.6523 29.9453 7.74544 152.01
71.8995 42.6223 30.0133 7.75165 151.942
71.9995 42.5923 30.0814 7.75785 151.874
72.0995 42.5622 30.1495 7.76402 151.806
72.1995 42.5321 30.2177 7.77018 151.738
72.2995 42.5019 30.2858 7.77632 151.67
72.3995 42.4717 30.3541 7.78243 151.602
72.4995 42.4414 30.4223 7.78853 151.533
72.5995 42.4111 30.4906 7.79461 151.465
72.6995 42.3808 30.559 7.80067 151.397
72.7995 42.3504 30.6273 7.80671 151.328
72.8995 42.32 30.6957 7.81273 151.26
72.9995 42.2895 30.7642 7.81872 151.191
73.0995 42.259 30.8327 7.8247 151.123
73.1995 42.2284 30.9012 7.83066 151.054
73.2995 42.1978 30.9697 7.8366 150.986
73.3995 42.1672 31.0383 7.84252 150.917
73.4995 42.1365 31.107 7.84842 150.849
73.5994 42.1057 31.1756 7.8543 150.78
73.6994 42.075 31.2443 7.86016 150.711
73.7994 42.0442 31.3131 7.866 150.643
73.8994 42.0133 31.3818 7.87182 150.574
73.9994 41.9824 31.4506 7.87762 150.505
74.0994 41.9515 31.5195 7.8834 150.436
74.1994 41.9205 31.5883 7.88916 150.367
74.2994 41.8895 31.6572 7.8949 150.298
74.3994 41.8584 31.7262 7.90062 150.229
74.4994 41.8273 31.7952 7.90632 150.161
74.5994 41.7961 31.8642 7.912 150.092
74.6994 41.765 31.9332 7.91766 150.022
74.7994 41.7337 32.0023 7.9233 149.953
74.8994 41.7025 32.0714 7.92891 149.884
74.9994 41.6712 32.1405 7.93451 149.815
75.0994 41.6398 32.2097 7.94009 149.746
75.1994 41.6084 32.2789 7.94565 149.677
75.2994 41.577 32.3481 7.95118 149.608
75.3994 41.5455 32.4174 7.9567 149.538
75.4994 41.514 32.4867 7.96219 149.469
75.5994 41.4825 32.556 7.96767 149.4
75.6994 41.4509 32.6254 7.97312 149.33
75.7994 41.4193 32.6948 7.97856 149.261
75.8994 41.3876 32.7642 7.98397 149.191
75.9994 41.3559 32.8336 7.98936 149.122
76.0994 41.3242 32.9031 7.99474 149.053
76.1994 41.2924 32.9726 8.00009 148.983
76.2994 41.2606 33.0422 8.00542 148.914
76.3994 41.2288 33.1118 8.01073 148.844
76.4994 41.1969 33.1814 8.01602 148.774
76.5994 41.165 33.251 8.02128 148.705
76.6994 41.133 33.3206 8.02653 148.635
76.7994 41.101 33.3903 8.03176 148.565
76.8994 41.069 33.46 8.03697 148.496
76.9994 41.0369 33.5298 8.04215 148.426
77.0994 41.0048 33.5996 8.04731 148.356
77.1994 40.9727 33.6694 8.05246 148.286
77.2994 40.9405 33.7392 8.05758 148.216
77.3994 40.9083 33.809 8.06268 148.147
77.4994 40.876 33.8789 8.06776 148.077
77.5994 40.8437 33.9488 8.07282 148.007
77.6994 40.8114 34.0188 8.07786 147.937
77.7994 40.779 34.0887 8.08287 147.867
77.8994 40.7466 34.1587 8.08787 147.797
77.9994 40.7142 34.2287 8.09284 147.727
78.0994 40.6817 34.2988 8.0978 147.657
78.1994 40.6492 34.3689 8.10273 147.587
78.2994 40.6167 34.4389 8.10764 147.517
78.3994 40.5841 34.5091 8.11253 147.447
78.4994 40.5515 34.5792 8.1174 147.376
78.5994 40.5188 34.6494 8.12224 147.306
78.6994 40.4862 34.7196 8.12707 147.236
78.7994 40.4535 34.7898 8.13187 147.166
78.8994 40.4207 34.86 8.13665 147.096
78.9994 40.3879 34.9303 8.14142 147.025
79.0994 40.3551 35.0006 8.14615 146.955
79.1994 40.3223 35.0709 8.15087 146.885
79.2994 40.2894 35.1412 8.15557 146.814
79.3994 40.2565 35.2116 8.16024 146.744
79.4994 40.2235 35.282 8.1649 146.674
79.5994 40.1905 35.3524 8.16953 146.603
79.6994 40.1575 35.4228 8.17414 146.533
79.7994 40.1244 35.4933 8.17873 146.462
79.8994 40.0914 35.5637 8.18329 146.392
79.9994 40.0582 35.6342 8.18784 146.321
80.0993 40.0251 35.7048 8.19236 146.251
80.1993 39.9919 35.7753 8.19686 146.18
80.2993 39.9587 35.8459 8.20134 146.11
80.3993 39.9254 35.9164 8.2058 146.039
80.4993 39.8922 35.987 8.21023 145.969
80.5993 39.8589 36.0577 8.21465 145.898
80.6993 39.8255 36.1283 8.21904 145.827
80.7993 39.7921 36.199 8.22341 145.757
80.8993 39.7587 36.2696 8.22776 145.686
80.9993 39.7253 36.3403 8.23208 145.615
81.0993 39.6918 36.4111 8.23638 145.545
81.1993 39.6583 36.4818 8.24067 145.474
81.2993 39.6248 36.5526 8.24493 145.403
81.3993 39.5912 36.6233 8.24916 145.332
81.4993 39.5576 36.6941 8.25338 145.262
81.5993 39.524 36.765 8.25757 145.191
81.6993 39.4903 36.8358 8.26174 145.12
81.7993 39.4566 36.9066 8.26589 145.049
81.8993 39.4229 36.9775 8.27002 144.978
81.9993 39.3891 37.0484 8.27412 144.907
82.0993 39.3554 37.1193 8.2782 144.836
82.1993 39.3216 37.1902 8.28226 144.765
82.2993 39.2877 37.2612 8.2863 144.695
82.3993 39.2538 37.3321 8.29031 144.624
82.4993 39.2199 37.4031 8.2943 144.553
82.5993 39.186 37.4741 8.29827 144.482
82.6993 39.152 37.5451 8.30222 144.411
82.7993 39.118 37.6161 8.30615 144.34
82.8993 39.084 37.6872 8.31005 144.269
82.9993 39.05 37.7582 8.31393 144.197
83.0993 39.0159 37.8293 8.31778 144.126
83.1993 38.9818 37.9004 8.32162 144.055
83.2993 38.9476 37.9715 8.32543 143.984
83.3993 38.9135 38.0426 8.32922 143.913
83.4993 38.8793 38.1137 8.33298 143.842
83.5993 38.845 38.1848 8.33673 143.771
83.6993 38.8108 38.256 8.34045 143.7
83.7993 38.7765 38.3272 8.34415 143.629
83.8993 38.7422 38.3983 8.34782 143.557
83.9993 38.7078 38.4695 8.35147 143.486
84.0993 38.6735 38.5407 8.3551 143.415
84.1993 38.6391 38.612 8.35871 143.344
84.2993 38.6046 38.6832 8.36229 143.272
84.3993 38.5702 38.7544 8.36585 143.201
84.4993 38.5357 38.8257 8.36939 143.13
84.5993 38.5012 38.897 8.3729 143.059
84.6993 38.4666 38.9683 8.37639 142.987
84.7993 38.4321 39.0395 8.37986 142.916
84.8993 38.3975 39.1108 8.38331 142.845
84.9993 38.3629 39.1822 8.38673 142.774
85.0993 38.3282 39.2535 8.39013 142.702
85.1993 38.2935 39.3248 8.39351 142.631
85.2993 38.2588 39.3962 8.39686 142.56
85.3993 38.2241 39.4675 8.40019 142.488
85.4993 38.1893 39.5389 8.40349 142.417
85.5993 38.1546 39.6103 8.40678 142.345
85.6993 38.1198 39.6817 8.41004 142.274
85.7993 38.0849 39.7531 8.41327 142.203
85.8993 38.05 39.8245 8.41649 142.131
85.9993 38.0152 39.8959 8.41967 142.06
86.0993 37.9802 39.9673 8.42284 141.988
86.1993 37.9453 40.0387 8.42598 141.917
86.2993 37.9103 40.1102 8.4291 141.846
86.3993 37.8753 40.1816 8.4322 141.774
86.4993 37.8403 40.2531 8.43527 141.703
86.5993 37.8053 40.3245 8.43832 141.631
86.6992 37.7702 40.396 8.44134 141.56
86.7992 37.7351 40.4675 8.44435 141.488
86.8992 37.7 40.539 8.44732 141.417
86.9992 37.6648 40.6105 8.45028 141.345
87.0992 37.6296 40.682 8.45321 141.274
87.1992 37.5944 40.7535 8.45612 141.202
87.2992 37.5592 40.825 8.459 141.131
87.3992 37.5239 40.8965 8.46186 141.059
87.4992 37.4887 40.968 8.46469 140.988
87.5992 37.4534 41.0396 8.46751 140.916
87.6992 37.418 41.1111 8.47029 140.845
87.7992 37.3827 41.1826 8.47306 140.773
87.8992 37.3473 41.2542 8.4758 140.702
87.9992 37.3119 41.3257 8.47851 140.63
88.0992 37.2765 41.3973 8.48121 140.558
88.1992 37.241 41.4688 8.48387 140.487
88.2992 37.2055 41.5404 8.48652 140.415
88.3992 37.17 41.612 8.48914 140.344
88.4992 37.1345 41.6835 8.49174 140.272
88.5992 37.099 41.7551 8.49431 140.201
88.6992 37.0634 41.8267 8.49686 140.129
88.7992 37.0278 41.8982 8.49938 140.057
88.8992 36.9922 41.9698 8.50188 139.986
88.9992 36.9565 42.0414 8.50436 139.914
89.0992 36.9209 42.113 8.50681 139.843
89.1992 36.8852 42.1846 8.50924 139.771
89.2992 36.8495 42.2562 8.51164 139.7
89.3992 36.8137 42.3277 8.51402 139.628
89.4992 36.778 42.3993 8.51637 139.556
89.5992 36.7422 42.4709 8.5187 139.485
89.6992 36.7064 42.5425 8.52101 139.413
89.7992 36.6705 42.6141 8.52329 139.342
89.8992 36.6347 42.6857 8.52555 139.27
89.9992 36.5988 42.7573 8.52778 139.198
90.0992 36.5629 42.8289 8.52999 139.127
90.1992 36.527 42.9005 8.53217 139.055
90.2992 36.491 42.9721 8.53433 138.984
90.3992 36.455 43.0437 8.53647 138.912
90.4992 36.419 43.1153 8.53858 138.84
90.5992 36.383 43.1869 8.54066 138.769
90.6992 36.347 43.2584 8.54272 138.697
90.7992 36.3109 43.33 8.54476 138.626
90.8992 36.2748 43.4016 8.54677 138.554
90.9992 36.2387 43.4732 8.54876 138.482
91.0992 36.2026 43.5448 8.55072 138.411
91.1992 36.1665 43.6164 8.55266 138.339
91.2992 36.1303 43.6879 8.55457 138.268
91.3992 36.0941 43.7595 8.55646 138.196
91.4992 36.0579 43.8311 8.55832 138.125
91.5992 36.0216 43.9027 8.56016 138.053
91.6992 35.9854 43.9742 8.56198 137.981
91.7992 35.9491 44.0458 8.56376 137.91
91.8992 35.9128 44.1173 8.56553 137.838
91.9992 35.8765 44.1889 8.56727 137.767
92.0992 35.8401 44.2604 8.56898 137.695
92.1992 35.8038 44.332 8.57067 137.624
92.2992 35.7674 44.4035 8.57234 137.552
92.3992 35.731 44.4751 8.57397 137.481
92.4992 35.6945 44.5466 8.57559 137.409
92.5992 35.6581 44.6181 8.57718 137.338
92.6992 35.6216 44.6896 8.57874 137.266
92.7992 35.5851 44.7611 8.58028 137.195
92.8992 35.5486 44.8326 8.58179 137.123
92.9992 35.5121 44.9041 8.58328 137.052
93.0992 35.4755 44.9756 8.58475 136.98
93.1992 35.4389 45.0471 8.58618 136.909
93.2991 35.4023 45.1186 8.5876 136.837
93.3991 35.3657 45.1901 8.58898 136.766
93.4991 35.3291 45.2615 8.59035 136.694
93.5991 35.2924 45.333 8.59168 136.623
93.6991 35.2557 45.4044 8.593 136.551
93.7991 35.219 45.4759 8.59428 136.48
93.8991 35.1823 45.5473 8.59554 136.408
93.9991 35.1456 45.6187 8.59678 136.337
94.0991 35.1088 45.6901 8.59799 136.266
94.1991 35.072 45.7615 8.59917 136.194
94.2991 35.0352 45.8329 8.60033 136.123
94.3991 34.9984 45.9043 8.60147 136.051
94.4991 34.9616 45.9757 8.60257 135.98
94.5991 34.9247 46.0471 8.60366 135.909
94.6991 34.8878 46.1184 8.60471 135.837
94.7991 34.8509 46.1898 8.60575 135.766
94.8991 34.814 46.2611 8.60675 135.695
94.9991 34.7771 46.3324 8.60773 135.623
95.0991 34.7401 46.4038 8.60869 135.552
95.1991 34.7031 46.4751 8.60961 135.481
95.2991 34.6661 46.5464 8.61052 135.409
95.3991 34.6291 46.6176 8.6114 135.338
95.4991 34.5921 46.6889 8.61225 135.267
95.5991 34.555 46.7602 8.61307 135.196
95.6991 34.518 46.8314 8.61387 135.124
95.7991 34.4809 46.9027 8.61465 135.053
95.8991 34.4438 46.9739 8.6154 134.982
95.9991 34.4066 47.0451 8.61612 134.911
96.0991 34.3695 47.1163 8.61682 134.839
96.1991 34.3323 47.1875 8.61749 134.768
96.2991 34.2951 47.2586 8.61813 134.697
96.3991 34.2579 47.3298 8.61875 134.626
96.4991 34.2207 47.4009 8.61934 134.555
96.5991 34.1835 47.472 8.61991 134.484
96.6991 34.1462 47.5432 8.62045 134.413
96.7991 34.1089 47.6143 8.62097 134.341
96.8991 34.0716 47.6853 8.62145 134.27
96.9991 34.0343 47.7564 8.62192 134.199
97.0991 33.997 47.8275 8.62235 134.128
97.1991 33.9596 47.8985 8.62276 134.057
97.2991 33.9223 47.9695 8.62315 133.986
97.3991 33.8849 48.0405 8.62351 133.915
97.4991 33.8475 48.1115 8.62384 133.844
97.5991 33.81 48.1825 8.62414 133.773
97.6991 33.7726 48.2534 8.62442 133.702
97.7991 33.7351 48.3244 8.62468 133.631
97.8991 33.6977 48.3953 8.6249 133.56
97.9991 33.6602 48.4662 8.6251 133.489
98.0991 33.6227 48.5371 8.62528 133.419
98.1991 33.5851 48.608 8.62542 133.348
98.2991 33.5476 48.6788 8.62555 133.277
98.3991 33.51 48.7497 8.62564 133.206
98.4991 33.4724 48.8205 8.62571 133.135
98.5991 33.4348 48.8913 8.62575 133.064
98.6991 33.3972 48.9621 8.62577 132.994
98.7991 33.3596 49.0328 8.62576 132.923
98.8991 33.3219 49.1036 8.62572 132.852
98.9991 33.2843 49.1743 8.62566 132.781
99.0991 33.2466 49.245 8.62557 132.711
99.1991 33.2089 49.3157 8.62545 132.64
99.2991 33.1712 49.3863 8.62531 132.569
99.3991 33.1334 49.457 8.62514 132.499
99.4991 33.0957 49.5276 8.62494 132.428
99.5991 33.0579 49.5982 8.62472 132.357
99.6991 33.0201 49.6688 8.62447 132.287
99.799 32.9823 49.7393 8.62419 132.216
99.899 32.9445 49.8099 8.62388 132.146
99.999 32.9067 49.8804 8.62355 132.075
100.099 32.8688 49.9509 8.6232 132.005
100.199 32.831 50.0214 8.62281 131.934
100.299 32.7931 50.0918 8.6224 131.864
100.399 32.7552 50.1622 8.62197 131.793
100.499 32.7173 50.2326 8.6215 131.723
100.599 32.6793 50.303 8.62101 131.653
100.699 32.6414 50.3734 8.62049 131.582
100.799 32.6034 50.4437 8.61995 131.512
100.899 32.5654 50.514 8.61938 131.442
100.999 32.5274 50.5843 8.61878 131.371
101.099 32.4894 50.6546 8.61815 131.301
101.199 32.4514 50.7248 8.6175 131.231
101.299 32.4134 50.7951 8.61682 131.161
101.399 32.3753 50.8653 8.61611 131.09
101.499 32.3372 50.9354 8.61538 131.02
101.599 32.2991 51.0056 8.61462 130.95
101.699 32.261 51.0757 8.61383 130.88
101.799 32.2229 51.1458 8.61302 130.81
101.899 32.1848 51.2158 8.61217 130.74
101.999 32.1466 51.2859 8.6113 130.67
102.099 32.1084 51.3559 8.61041 130.6
102.199 32.0703 51.4259 8.60948 130.53
102.299 32.0321 51.4959 8.60853 130.46
102.399 31.9938 51.5658 8.60756 130.39
102.499 31.9556 51.6357 8.60655 130.32
102.599 31.9174 51.7056 8.60552 130.25
102.699 31.8791 51.7754 8.60446 130.18
102.799 31.8408 51.8453 8.60337 130.11
102.899 31.8025 51.9151 8.60226 130.041
102.999 31.7642 51.9848 8.60112 129.971
103.099 31.7259 52.0546 8.59995 129.901
103.199 31.6876 52.1243 8.59875 129.831
103.299 31.6492 52.194 8.59753 129.762
103.399 31.6108 52.2637 8.59628 129.692
103.499 31.5725 52.3333 8.595 129.622
103.599 31.5341 52.4029 8.59369 129.553
103.699 31.4957 52.4725 8.59236 129.483
103.799 31.4572 52.542 8.591 129.414
103.899 31.4188 52.6115 8.58961 129.344
103.999 31.3803 52.681 8.58819 129.275
104.099 31.3419 52.7505 8.58675 129.205
104.199 31.3034 52.8199 8.58528 129.136
104.299 31.2649 52.8893 8.58378 129.066
104.399 31.2264 52.9586 8.58226 128.997
104.499 31.1879 53.028 8.5807 128.928
104.599 31.1493 53.0973 8.57912 128.858
104.699 31.1108 53.1665 8.57751 128.789
104.799 31.0722 53.2358 8.57588 128.72
104.899 31.0336 53.305 8.57421 128.651
104.999 30.995 53.3741 8.57252 128.582
105.099 30.9564 53.4433 8.5708 128.512
105.199 30.9178 53.5124 8.56905 128.443
105.299 30.8791 53.5814 8.56728 128.374
105.399 30.8405 53.6505 8.56548 128.305
105.499 30.8018 53.7195 8.56365 128.236
105.599 30.7631 53.7885 8.56179 128.167
105.699 30.7245 53.8574 8.5599 128.098
105.799 30.6857 53.9263 8.55799 128.029
105.899 30.647 53.9952 8.55605 127.961
105.999 30.6083 54.064 8.55408 127.892
106.099 30.5695 54.1328 8.55208 127.823
106.199 30.5308 54.2016 8.55005 127.754
106.299 30.492 54.2703 8.548 127.685
106.399 30.4532 54.339 8.54592 127.617
106.499 30.4144 54.4077 8.54381 127.548
106.599 30.3756 54.4763 8.54167 127.479
106.699 30.3368 54.5449 8.53951 127.411
106.799 30.2979 54.6135 8.53732 127.342
106.899 30.2591 54.682 8.5351 127.274
106.999 30.2202 54.7505 8.53285 127.205
107.099 30.1813 54.8189 8.53057 127.137
107.199 30.1424 54.8873 8.52827 127.068
107.299 30.1035 54.9557 8.52593 127
107.399 30.0646 55.024 8.52357 126.932
107.499 30.0257 55.0923 8.52118 126.863
107.599 29.9867 55.1606 8.51877 126.795
107.699 29.9478 55.2288 8.51632 126.727
107.799 29.9088 55.297 8.51385 126.659
107.899 29.8698 55.3652 8.51135 126.591
107.999 29.8308 55.4333 8.50882 126.522
108.099 29.7918 55.5013 8.50626 126.454
108.199 29.7528 55.5694 8.50367 126.386
108.299 29.7137 55.6374 8.50106 126.318
108.399 29.6747 55.7053 8.49842 126.25
108.499 29.6356 55.7732 8.49574 126.182
108.599 29.5965 55.8411 8.49305 126.115
108.699 29.5574 55.9089 8.49032 126.047
108.799 29.5183 55.9767 8.48756 125.979
108.899 29.4792 56.0445 8.48478 125.911
108.999 29.4401 56.1122 8.48197 125.843
109.099 29.401 56.1799 8.47913 125.776
109.199 29.3618 56.2475 8.47626 125.708
109.299 29.3227 56.3151 8.47336 125.641
109.399 29.2835 56.3826 8.47044 125.573
109.499 29.2443 56.4502 8.46748 125.506
109.599 29.2051 56.5176 8.4645 125.438
109.699 29.1659 56.585 8.46149 125.371
109.799 29.1267 56.6524 8.45845 125.303
109.899 29.0874 56.7198 8.45538 125.236
109.999 29.0482 56.7871 8.45229 125.169
110.099 29.0089 56.8543 8.44916 125.101
110.199 28.9697 56.9215 8.44601 125.034
110.299 28.9304 56.9887 8.44283 124.967
110.399 28.8911 57.0558 8.43962 124.9
110.499 28.8518 57.1229 8.43638 124.833
110.599 28.8125 57.19 8.43312 124.766
110.699 28.7731 57.2569 8.42982 124.699
110.799 28.7338 57.3239 8.4265 124.632
110.899 28.6944 57.3908 8.42315 124.565
110.999 28.6551 57.4577 8.41977 124.498
111.099 28.6157 57.5245 8.41636 124.431
111.199 28.5763 57.5913 8.41292 124.364
111.299 28.5369 57.658 8.40945 124.298
111.399 28.4975 57.7247 8.40596 124.231
111.499 28.4581 57.7913 8.40243 124.164
111.599 28.4186 57.8579 8.39888 124.098
111.699 28.3792 57.9244 8.3953 124.031
111.799 28.3397 57.9909 8.39169 123.965
111.899 28.3003 58.0574 8.38805 123.898
111.999 28.2608 58.1238 8.38439 123.832
112.099 28.2213 58.1901 8.38069 123.766
112.199 28.1818 58.2564 8.37697 123.699
112.299 28.1423 58.3227 8.37321 123.633
112.399 28.1028 58.3889 8.36943 123.567
112.499 28.0632 58.4551 8.36562 123.501
112.599 28.0237 58.5212 8.36178 123.434
112.699 27.9841 58.5873 8.35792 123.368
112.799 27.9445 58.6533 8.35402 123.302
112.899 27.905 58.7193 8.3501 123.236
112.999 27.8654 58.7852 8.34614 123.17
113.099 27.8258 58.8511 8.34216 123.105
113.199 27.7862 58.9169 8.33815 123.039
113.299 27.7465 58.9827 8.33411 122.973
113.399 27.7069 59.0484 8.33004 122.907
113.499 27.6673 59.1141 8.32594 122.842
113.599 27.6276 59.1797 8.32181 122.776
113.699 27.5879 59.2453 8.31766 122.71
113.799 27.5483 59.3109 8.31347 122.645
113.899 27.5086 59.3763 8.30926 122.579
113.999 27.4689 59.4418 8.30502 122.514
114.099 27.4292 59.5071 8.30075 122.449
114.199 27.3894 59.5725 8.29645 122.383
114.299 27.3497 59.6378 8.29212 122.318
114.399 27.31 59.703 8.28776 122.253
114.499 27.2702 59.7682 8.28337 122.188
114.599 27.2305 59.8333 8.27896 122.122
114.699 27.1907 59.8983 8.27452 122.057
114.799 27.1509 59.9634 8.27004 121.992
114.899 27.1111 60.0283 8.26554 121.927
114.999 27.0713 60.0932 8.26101 121.862
115.099 27.0315 60.1581 8.25645 121.798
115.199 26.9917 60.2229 8.25186 121.733
115.299 26.9518 60.2877 8.24724 121.668
115.399 26.912 60.3524 8.2426 121.603
115.499 26.8721 60.417 8.23792 121.539
115.599 26.8323 60.4816 8.23321 121.474
115.699 26.7924 60.5461 8.22848 121.41
115.799 26.7525 60.6106 8.22372 121.345
115.899 26.7126 60.6751 8.21893 121.281
115.999 26.6727 60.7394 8.21411 121.216
116.099 26.6328 60.8038 8.20926 121.152
116.199 26.5929 60.868 8.20438 121.088
116.299 26.553 60.9322 8.19947 121.023
116.399 26.513 60.9964 8.19453 120.959
116.499 26.4731 61.0605 8.18957 120.895
116.599 26.4331 61.1245 8.18457 120.831
116.699 26.3931 61.1885 8.17955 120.767
116.799 26.3531 61.2525 8.17449 120.703
116.899 26.3131 61.3163 8.16941 120.639
116.999 26.2731 61.3802 8.1643 120.576
117.099 26.2331 61.4439 8.15916 120.512
117.199 26.1931 61.5076 8.15399 120.448
117.299 26.1531 61.5713 8.14879 120.384
117.399 26.113 61.6349 8.14356 120.321
117.499 26.073 61.6984 8.13831 120.257
117.599 26.0329 61.7619 8.13302 120.194
117.699 25.9929 61.8253 8.12771 120.13
117.799 25.9528 61.8886 8.12236 120.067
117.899 25.9127 61.9519 8.11699 120.004
117.999 25.8726 62.0152 8.11159 119.94
118.099 25.8325 62.0784 8.10616 119.877
118.199 25.7924 62.1415 8.1007 119.814
118.299 25.7522 62.2046 8.09521 119.751
118.399 25.7121 62.2676 8.08969 119.688
118.499 25.672 62.3305 8.08414 119.625
118.599 25.6318 62.3934 8.07857 119.562
118.699 25.5916 62.4562 8.07296 119.499
118.799 25.5515 62.519 8.06732 119.437
118.899 25.5113 62.5817 8.06166 119.374
118.999 25.4711 62.6444 8.05597 119.311
119.099 25.4309 62.707 8.05024 119.249
119.199 25.3907 62.7695 8.04449 119.186
119.299 25.3505 62.832 8.03871 119.124
119.399 25.3103 62.8944 8.0329 119.061
119.499 25.27 62.9567 8.02706 118.999
119.599 25.2298 63.019 8.02119 118.937
119.699 25.1895 63.0812 8.0153 118.874
119.799 25.1493 63.1434 8.00937 118.812
119.899 25.109 63.2055 8.00341 118.75
119.999 25.0687 63.2675 7.99743 118.688
120.099 25.0284 63.3295 7.99142 118.626
120.199 24.9881 63.3914 7.98537 118.564
120.299 24.9478 63.4532 7.9793 118.502
120.399 24.9075 63.515 7.9732 118.441
120.499 24.8672 63.5767 7.96707 118.379
120.599 24.8269 63.6384 7.96091 118.317
120.699 24.7865 63.7 7.95472 118.256
120.799 24.7462 63.7615 7.9485 118.194
120.899 24.7058 63.823 7.94225 118.133
120.999 24.6654 63.8844 7.93598 118.071
121.099 24.6251 63.9457 7.92967 118.01
121.199 24.5847 64.007 7.92334 117.949
121.299 24.5443 64.0682 7.91697 117.888
121.399 24.5039 64.1293 7.91058 117.826
121.499 24.4635 64.1904 7.90416 117.765
121.599 24.4231 64.2514 7.8977 117.704
121.699 24.3826 64.3124 7.89122 117.643
121.799 24.3422 64.3732 7.88471 117.582
121.899 24.3018 64.434 7.87818 117.522
121.999 24.2613 64.4948 7.87161 117.461
122.099 24.2209 64.5555 7.86501 117.4
122.199 24.1804 64.6161 7.85838 117.34
122.299 24.1399 64.6766 7.85173 117.279
122.399 24.0994 64.7371 7.84504 117.219
122.499 24.0589 64.7975 7.83833 117.158
122.599 24.0184 64.8579 7.83159 117.098
122.699 23.9779 64.9182 7.82481 117.038
122.799 23.9374 64.9784 7.81801 116.977
122.899 23.8969 65.0385 7.81118 116.917
122.999 23.8564 65.0986 7.80432 116.857
123.099 23.8158 65.1586 7.79743 116.797
123.199 23.7753 65.2186 7.79051 116.737
123.299 23.7347 65.2784 7.78357 116.677
123.399 23.6942 65.3382 7.77659 116.617
123.499 23.6536 65.398 7.76959 116.558
123.599 23.613 65.4576 7.76255 116.498
123.699 23.5724 65.5172 7.75549 116.438
123.799 23.5318 65.5768 7.7484 116.379
123.899 23.4912 65.6362 7.74127 116.319
123.999 23.4506 65.6956 7.73412 116.26
124.099 23.41 65.7549 7.72694 116.201
124.199 23.3694 65.8142 7.71973 116.141
124.299 23.3287 65.8734 7.7125 116.082
124.399 23.2881 65.9325 7.70523 116.023
124.499 23.2474 65.9915 7.69793 115.964
124.599 23.2068 66.0505 7.69061 115.905
124.699 23.1661 66.1094 7.68325 115.846
124.799 23.1254 66.1682 7.67587 115.787
124.899 23.0848 66.227 7.66846 115.729
124.999 23.0441 66.2857 7.66101 115.67
125.099 23.0034 66.3443 7.65354 115.611
125.199 22.9627 66.4028 7.64604 115.553
125.299 22.922 66.4613 7.63851 115.494
125.399 22.8812 66.5197 7.63096 115.436
125.499 22.8405 66.578 7.62337 115.378
125.599 22.7998 66.6362 7.61575 115.319
125.699 22.759 66.6944 7.60811 115.261
125.799 22.7183 66.7525 7.60044 115.203
125.899 22.6775 66.8105 7.59273 115.145
125.999 22.6368 66.8685 7.585 115.087
126.099 22.596 66.9264 7.57724 115.029
126.199 22.5552 66.9842 7.56945 114.971
126.299 22.5145 67.0419 7.56163 114.914
126.399 22.4737 67.0996 7.55378 114.856
126.499 22.4329 67.1572 7.54591 114.798
126.599 22.3921 67.2147 7.538 114.741
126.699 22.3512 67.2721 7.53007 114.684
126.799 22.3104 67.3295 7.5221 114.626
126.899 22.2696 67.3868 7.51411 114.569
126.999 22.2288 67.444 7.50609 114.512
127.099 22.1879 67.5012 7.49804 114.455
127.199 22.1471 67.5582 7.48996 114.397
127.299 22.1062 67.6152 7.48185 114.34
127.399 22.0654 67.6721 7.47372 114.284
127.499 22.0245 67.729 7.46555 114.227
127.599 21.9836 67.7857 7.45735 114.17
127.699 21.9427 67.8424 7.44913 114.113
127.799 21.9018 67.899 7.44088 114.057
127.899 21.8609 67.9556 7.4326 114
127.999 21.82 68.012 7.42429 113.944
128.099 21.7791 68.0684 7.41595 113.887
128.199 21.7382 68.1247 7.40758 113.831
128.299 21.6973 68.1809 7.39918 113.775
128.399 21.6563 68.2371 7.39076 113.719
128.499 21.6154 68.2932 7.3823 113.663
128.599 21.5745 68.3492 7.37382 113.607
128.699 21.5335 68.4051 7.36531 113.551
128.799 21.4925 68.4609 7.35677 113.495
128.899 21.4516 68.5167 7.3482 113.439
128.999 21.4106 68.5724 7.3396 113.383
129.099 21.3696 68.628 7.33097 113.328
129.199 21.3286 68.6835 7.32232 113.272
129.299 21.2876 68.7389 7.31364 113.217
129.399 21.2466 68.7943 7.30492 113.161
129.499 21.2056 68.8496 7.29618 113.106
129.599 21.1646 68.9048 7.28741 113.051
129.699 21.1236 68.9599 7.27861 112.996
129.799 21.0826 69.015 7.26979 112.941
129.899 21.0415 69.0699 7.26093 112.886
129.999 21.0005 69.1248 7.25205 112.831
130.099 20.9594 69.1796 7.24313 112.776
130.199 20.9184 69.2344 7.23419 112.721
130.299 20.8773 69.289 7.22522 112.667
130.399 20.8363 69.3436 7.21622 112.612
130.499 20.7952 69.3981 7.2072 112.558
130.599 20.7541 69.4525 7.19814 112.503
130.699 20.713 69.5068 7.18906 112.449
130.799 20.6719 69.561 7.17994 112.395
130.899 20.6308 69.6152 7.1708 112.34
130.999 20.5897 69.6693 7.16163 112.286
131.099 20.5486 69.7233 7.15244 112.232
131.199 20.5075 69.7772 7.14321 112.178
131.299 20.4664 69.831 7.13396 112.125
131.399 20.4253 69.8848 7.12467 112.071
131.499 20.3841 69.9384 7.11536 112.017
131.599 20.343 69.992 7.10602 111.964
131.699 20.3018 70.0455 7.09665 111.91
131.799 20.2607 70.0989 7.08726 111.857
131.899 20.2195 70.1523 7.07783 111.803
131.999 20.1784 70.2055 7.06838 111.75
132.099 20.1372 70.2587 7.0589 111.697
132.199 20.096 70.3118 7.04939 111.644
132.299 20.0548 70.3648 7.03985 111.591
132.399 20.0136 70.4177 7.03029 111.538
132.499 19.9724 70.4705 7.02069 111.485
132.599 19.9312 70.5233 7.01107 111.432
132.699 19.89 70.5759 7.00142 111.38
132.799 19.8488 70.6285 6.99174 111.327
132.899 19.8076 70.681 6.98204 111.275
132.999 19.7664 70.7334 6.9723 111.222
133.099 19.7251 70.7857 6.96254 111.17
133.199 19.6839 70.838 6.95275 111.118
133.299 19.6427 70.8901 6.94293 111.066
133.399 19.6014 70.9422 6.93309 111.013
133.499 19.5602 70.9942 6.92321 110.962
133.599 19.5189 71.0461 6.91331 110.91
133.699 19.4776 71.0979 6.90338 110.858
133.799 19.4364 71.1496 6.89342 110.806
133.899 19.3951 71.2012 6.88343 110.754
133.999 19.3538 71.2528 6.87342 110.703
134.099 19.3125 71.3042 6.86338 110.651
134.199 19.2712 71.3556 6.85331 110.6
134.299 19.2299 71.4069 6.84321 110.549
134.399 19.1886 71.4581 6.83309 110.498
134.499 19.1473 71.5092 6.82293 110.446
134.599 19.106 71.5602 6.81275 110.395
134.699 19.0647 71.6112 6.80254 110.345
134.799 19.0233 71.662 6.79231 110.294
134.899 18.982 71.7128 6.78204 110.243
134.999 18.9407 71.7635 6.77175 110.192
135.099 18.8993 71.8141 6.76143 110.142
135.199 18.858 71.8645 6.75108 110.091
135.299 18.8166 71.915 6.74071 110.041
135.399 18.7753 71.9653 6.73031 109.99
135.499 18.7339 72.0155 6.71988 109.94
135.599 18.6925 72.0656 6.70942 109.89
135.699 18.6512 72.1157 6.69894 109.84
135.799 18.6098 72.1657 6.68842 109.79
135.899 18.5684 72.2155 6.67788 109.74
135.999 18.527 72.2653 6.66732 109.69
136.099 18.4856 72.315 6.65672 109.641
136.199 18.4442 72.3646 6.6461 109.591
136.299 18.4028 72.4141 6.63545 109.542
136.399 18.3614 72.4635 6.62478 109.492
136.499 18.3199 72.5129 6.61407 109.443
136.599 18.2785 72.5621 6.60334 109.394
136.699 18.2371 72.6113 6.59258 109.344
136.799 18.1957 72.6603 6.5818 109.295
136.899 18.1542 72.7093 6.57098 109.246
136.999 18.1128 72.7582 6.56014 109.198
137.099 18.0713 72.807 6.54928 109.149
137.199 18.0299 72.8557 6.53838 109.1
137.299 17.9884 72.9043 6.52746 109.051
137.399 17.9469 72.9528 6.51651 109.003
137.499 17.9055 73.0012 6.50554 108.955
137.599 17.864 73.0495 6.49453 108.906
137.699 17.8225 73.0977 6.48351 108.858
137.799 17.781 73.1459 6.47245 108.81
137.899 17.7395 73.1939 6.46137 108.762
137.999 17.698 73.2419 6.45026 108.714
138.099 17.6565 73.2898 6.43912 108.666
138.199 17.615 73.3375 6.42795 108.618
138.299 17.5735 73.3852 6.41676 108.57
138.399 17.532 73.4328 6.40555 108.523
138.499 17.4905 73.4803 6.3943 108.475
138.599 17.449 73.5277 6.38303 108.428
138.699 17.4074 73.575 6.37173 108.381
138.799 17.3659 73.6222 6.36041 108.334
138.899 17.3244 73.6693 6.34906 108.286
138.999 17.2828 73.7163 6.33768 108.239
139.099 17.2413 73.7632 6.32627 108.192
139.199 17.1997 73.8101 6.31484 108.146
139.299 17.1582 73.8568 6.30339 108.099
139.399 17.1166 73.9035 6.2919 108.052
139.499 17.075 73.95 6.28039 108.006
139.599 17.0335 73.9965 6.26886 107.959
139.699 16.9919 74.0428 6.25729 107.913
139.799 16.9503 74.0891 6.2457 107.867
139.899 16.9087 74.1352 6.23409 107.82
139.999 16.8671 74.1813 6.22244 107.774
140.099 16.8255 74.2273 6.21078 107.728
140.199 16.7839 74.2732 6.19908 107.683
140.299 16.7423 74.319 6.18736 107.637
140.399 16.7007 74.3646 6.17561 107.591
140.499 16.6591 74.4102 6.16384 107.545
140.599 16.6175 74.4557 6.15204 107.5
140.699 16.5758 74.5011 6.14022 107.455
140.799 16.5342 74.5464 6.12836 107.409
140.899 16.4926 74.5916 6.11649 107.364
140.999 16.4509 74.6367 6.10458 107.319
141.099 16.4093 74.6818 6.09265 107.274
141.199 16.3677 74.7267 6.0807 107.229
141.299 16.326 74.7715 6.06872 107.184
141.399 16.2844 74.8162 6.05671 107.139
141.499 16.2427 74.8608 6.04468 107.095
141.599 16.201 74.9053 6.03262 107.05
141.699 16.1594 74.9498 6.02053 107.006
141.799 16.1177 74.9941 6.00842 106.962
141.899 16.076 75.0383 5.99629 106.917
141.999 16.0343 75.0825 5.98413 106.873
142.099 15.9926 75.1265 5.97194 106.829
142.199 15.951 75.1704 5.95973 106.785
142.299 15.9093 75.2143 5.94749 106.741
142.399 15.8676 75.258 5.93523 106.698
142.499 15.8259 75.3016 5.92294 106.654
142.6 15.7841 75.3452 5.91062 106.611
142.7 15.7424 75.3886 5.89828 106.567
142.8 15.7007 75.4319 5.88592 106.524
142.9 15.659 75.4752 5.87353 106.48
143 15.6173 75.5183 5.86111 106.437
143.1 15.5755 75.5614 5.84867 106.394
143.2 15.5338 75.6043 5.83621 106.351
143.3 15.4921 75.6471 5.82371 106.309
143.4 15.4503 75.6899 5.8112 106.266
143.5 15.4086 75.7325 5.79866 106.223
143.6 15.3668 75.7751 5.78609 106.181
143.7 15.3251 75.8175 5.7735 106.138
143.8 15.2833 75.8598 5.76088 106.096
143.9 15.2416 75.9021 5.74824 106.054
144 15.1998 75.9442 5.73558 106.011
144.1 15.158 75.9863 5.72289 105.969
144.2 15.1163 76.0282 5.71017 105.928
144.3 15.0745 76.07 5.69743 105.886
144.4 15.0327 76.1117 5.68466 105.844
144.5 14.9909 76.1534 5.67187 105.802
144.6 14.9491 76.1949 5.65906 105.761
144.7 14.9073 76.2363 5.64622 105.719
144.8 14.8655 76.2777 5.63336 105.678
144.9 14.8237 76.3189 5.62047 105.637
145 14.7819 76.36 5.60756 105.596
145.1 14.7401 76.401 5.59462 105.555
145.2 14.6983 76.4419 5.58166 105.514
145.3 14.6565 76.4827 5.56867 105.473
145.4 14.6147 76.5234 5.55566 105.432
145.5 14.5728 76.5641 5.54263 105.392
145.6 14.531 76.6046 5.52957 105.351
145.7 14.4892 76.645 5.51649 105.311
145.8 14.4474 76.6853 5.50338 105.27
145.9 14.4055 76.7254 5.49025 105.23
146 14.3637 76.7655 5.4771 105.19
146.1 14.3218 76.8055 5.46392 105.15
146.2 14.28 76.8454 5.45071 105.11
146.3 14.2381 76.8852 5.43749 105.071
146.4 14.1963 76.9249 5.42424 105.031
146.5 14.1544 76.9644 5.41096 104.991
146.6 14.1125 77.0039 5.39766 104.952
146.7 14.0707 77.0433 5.38434 104.912
146.8 14.0288 77.0825 5.371 104.873
146.9 13.9869 77.1217 5.35763 104.834
147 13.945 77.1607 5.34423 104.795
147.1 13.9031 77.1997 5.33082 104.756
147.2 13.8613 77.2385 5.31738 104.717
147.3 13.8194 77.2772 5.30391 104.678
147.4 13.7775 77.3159 5.29043 104.64
147.5 13.7356 77.3544 5.27692 104.601
147.6 13.6937 77.3928 5.26338 104.563
147.7 13.6518 77.4311 5.24983 104.525
147.8 13.6099 77.4693 5.23625 104.486
147.9 13.5679 77.5074 5.22264 104.448
148 13.526 77.5454 5.20902 104.41
148.1 13.4841 77.5833 5.19537 104.372
148.2 13.4422 77.6211 5.1817 104.335
148.3 13.4003 77.6588 5.168 104.297
148.4 13.3583 77.6963 5.15428 104.259
148.5 13.3164 77.7338 5.14054 104.222
148.6 13.2745 77.7712 5.12678 104.185
148.7 13.2325 77.8084 5.11299 104.147
148.8 13.1906 77.8455 5.09918 104.11
148.9 13.1486 77.8826 5.08535 104.073
149 13.1067 77.9195 5.07149 104.036
149.1 13.0647 77.9563 5.05762 103.999
149.2 13.0228 77.9931 5.04372 103.963
149.3 12.9808 78.0297 5.02979 103.926
149.4 12.9389 78.0662 5.01585 103.89
149.5 12.8969 78.1026 5.00188 103.853
149.6 12.8549 78.1388 4.98789 103.817
149.7 12.8129 78.175 4.97388 103.781
149.8 12.771 78.2111 4.95985 103.745
149.9 12.729 78.247 4.94579 103.709
150 12.687 78.2829 4.93171 103.673
150.1 12.645 78.3186 4.91761 103.637
150.2 12.603 78.3543 4.90349 103.601
150.3 12.561 78.3898 4.88934 103.566
150.4 12.519 78.4252 4.87518 103.53
150.5 12.477 78.4605 4.86099 103.495
150.6 12.435 78.4957 4.84678 103.46
150.7 12.393 78.5308 4.83255 103.425
150.8 12.351 78.5658 4.81829 103.39
150.9 12.309 78.6007 4.80402 103.355
151 12.267 78.6355 4.78972 103.32
151.1 12.225 78.6701 4.7754 103.286
151.2 12.183 78.7047 4.76106 103.251
151.3 12.1409 78.7391 4.7467 103.217
151.4 12.0989 78.7734 4.73232 103.182
151.5 12.0569 78.8077 4.71791 103.148
151.6 12.0149 78.8418 4.70349 103.114
151.7 11.9728 78.8758 4.68904 103.08
151.8 11.9308 78.9097 4.67457 103.046
151.9 11.8887 78.9434 4.66008 103.012
152 11.8467 78.9771 4.64557 102.979
152.1 11.8046 79.0107 4.63104 102.945
152.2 11.7626 79.0441 4.61649 102.912
152.3 11.7205 79.0775 4.60191 102.878
152.4 11.6785 79.1107 4.58732 102.845
152.5 11.6364 79.1438 4.5727 102.812
152.6 11.5944 79.1768 4.55807 102.779
152.7 11.5523 79.2097 4.54341 102.746
152.8 11.5102 79.2425 4.52874 102.713
152.9 11.4682 79.2751 4.51404 102.681
153 11.4261 79.3077 4.49932 102.648
153.1 11.384 79.3402 4.48458 102.616
153.2 11.3419 79.3725 4.46982 102.583
153.3 11.2999 79.4047 4.45504 102.551
153.4 11.2578 79.4368 4.44024 102.519
153.5 11.2157 79.4688 4.42542 102.487
153.6 11.1736 79.5007 4.41058 102.455
153.7 11.1315 79.5325 4.39572 102.423
153.8 11.0894 79.5642 4.38084 102.392
153.9 11.0473 79.5957 4.36594 102.36
154 11.0052 79.6272 4.35102 102.329
154.1 10.9631 79.6585 4.33608 102.297
154.2 10.921 79.6897 4.32112 102.266
154.3 10.8789 79.7208 4.30614 102.235
154.4 10.8368 79.7518 4.29115 102.204
154.5 10.7947 79.7827 4.27613 102.173
154.6 10.7525 79.8135 4.26109 102.142
154.7 10.7104 79.8441 4.24603 102.112
154.8 10.6683 79.8747 4.23095 102.081
154.9 10.6262 79.9051 4.21586 102.051
155 10.584 79.9354 4.20074 102.02
155.1 10.5419 79.9656 4.1856 101.99
155.2 10.4998 79.9957 4.17045 101.96
155.3 10.4576 80.0257 4.15528 101.93
155.4 10.4155 80.0555 4.14008 101.9
155.5 10.3734 80.0853 4.12487 101.87
155.6 10.3312 80.1149 4.10964 101.841
155.7 10.2891 80.1444 4.09439 101.811
155.8 10.2469 80.1739 4.07912 101.782
155.9 10.2048 80.2031 4.06383 101.753
156 10.1626 80.2323 4.04853 101.723
156.1 10.1205 80.2614 4.0332 101.694
156.2 10.0783 80.2903 4.01786 101.665
156.3 10.0361 80.3192 4.0025 101.637
156.4 9.99398 80.3479 3.98712 101.608
156.5 9.95182 80.3765 3.97172 101.579
156.6 9.90965 80.405 3.9563 101.551
156.7 9.86748 80.4334 3.94086 101.522
156.8 9.8253 80.4616 3.92541 101.494
156.9 9.78313 80.4898 3.90994 101.466
157 9.74095 80.5178 3.89445 101.438
157.1 9.69877 80.5457 3.87894 101.41
157.2 9.65659 80.5735 3.86341 101.382
157.3 9.6144 80.6012 3.84787 101.354
157.4 9.57222 80.6288 3.83231 101.327
157.5 9.53003 80.6563 3.81673 101.299
157.6 9.48784 80.6836 3.80113 101.272
157.7 9.44564 80.7108 3.78552 101.245
157.8 9.40345 80.7379 3.76988 101.218
157.9 9.36125 80.7649 3.75423 101.191
158 9.31905 80.7918 3.73857 101.164
158.1 9.27685 80.8186 3.72288 101.137
158.2 9.23464 80.8452 3.70718 101.11
158.3 9.19243 80.8717 3.69146 101.084
158.4 9.15022 80.8982 3.67572 101.058
158.5 9.10801 80.9245 3.65997 101.031
158.6 9.0658 80.9506 3.6442 101.005
158.7 9.02358 80.9767 3.62841 100.979
158.8 8.98136 81.0027 3.61261 100.953
158.9 8.93914 81.0285 3.59678 100.927
159.001 8.89692 81.0542 3.58095 100.901
159.101 8.8547 81.0798 3.56509 100.876
159.201 8.81247 81.1053 3.54922 100.85
159.301 8.77024 81.1307 3.53333 100.825
159.401 8.72801 81.1559 3.51743 100.8
159.501 8.68578 81.181 3.5015 100.775
159.601 8.64354 81.2061 3.48557 100.75
159.701 8.6013 81.231 3.46961 100.725
159.801 8.55906 81.2557 3.45364 100.7
159.901 8.51682 81.2804 3.43766 100.675
160.001 8.47458 81.3049 3.42165 100.651
160.101 8.43233 81.3294 3.40563 100.626
160.201 8.39009 81.3537 3.3896 100.602
160.301 8.34784 81.3779 3.37355 100.578
160.401 8.30559 81.402 3.35748 100.554
160.501 8.26333 81.4259 3.3414 100.53
160.601 8.22108 81.4498 3.3253 100.506
160.701 8.17882 81.4735 3.30919 100.482
160.801 8.13656 81.4971 3.29306 100.459
160.901 8.0943 81.5206 3.27692 100.435
161.001 8.05204 81.5439 3.26076 100.412
161.101 8.00977 81.5672 3.24458 100.388
161.201 7.9675 81.5903 3.22839 100.365
161.301 7.92524 81.6133 3.21219 100.342
161.401 7.88296 81.6362 3.19597 100.319
161.501 7.84069 81.659 3.17973 100.297
161.601 7.79842 81.6817 3.16348 100.274
161.701 7.75614 81.7042 3.14721 100.251
161.801 7.71386 81.7266 3.13093 100.229
161.901 7.67158 81.7489 3.11464 100.207
162.001 7.6293 81.7711 3.09833 100.185
162.101 7.58702 81.7932 3.08201 100.163
162.201 7.54473 81.8151 3.06567 100.141
162.301 7.50245 81.837 3.04931 100.119
162.401 7.46016 81.8587 3.03294 100.097
162.501 7.41787 81.8802 3.01656 100.075
162.601 7.37557 81.9017 3.00017 100.054
162.701 7.33328 81.9231 2.98376 100.033
162.801 7.29098 81.9443 2.96733 100.011
162.901 7.24869 81.9654 2.95089 99.9903
163.001 7.20639 81.9864 2.93444 99.9693
163.101 7.16409 82.0073 2.91797 99.9484
163.201 7.12178 82.028 2.90149 99.9277
163.301 7.07948 82.0487 2.885 99.907
163.401 7.03717 82.0692 2.86849 99.8865
163.501 6.99487 82.0896 2.85197 99.8661
163.601 6.95256 82.1098 2.83543 99.8458
163.701 6.91025 82.13 2.81888 99.8257
163.801 6.86793 82.15 2.80232 99.8056
163.901 6.82562 82.17 2.78575 99.7857
164.001 6.7833 82.1897 2.76916 99.7659
164.101 6.74099 82.2094 2.75256 99.7463
164.201 6.69867 82.229 2.73594 99.7267
164.301 6.65635 82.2484 2.71932 99.7073
164.401 6.61402 82.2677 2.70267 99.688
164.501 6.5717 82.2869 2.68602 99.6688
164.601 6.52938 82.306 2.66935 99.6497
164.701 6.48705 82.3249 2.65268 99.6307
164.801 6.44472 82.3438 2.63598 99.6119
164.901 6.40239 82.3625 2.61928 99.5932
165.001 6.36006 82.3811 2.60256 99.5746
165.101 6.31773 82.3995 2.58583 99.5561
165.201 6.27539 82.4179 2.56909 99.5378
165.301 6.23306 82.4361 2.55234 99.5196
165.401 6.19072 82.4542 2.53557 99.5015
165.501 6.14838 82.4722 2.5188 99.4835
165.601 6.10604 82.4901 2.50201 99.4656
165.701 6.0637 82.5078 2.48521 99.4479
165.801 6.02136 82.5254 2.46839 99.4302
165.901 5.97901 82.543 2.45157 99.4127
166.001 5.93667 82.5603 2.43473 99.3954
166.101 5.89432 82.5776 2.41788 99.3781
166.201 5.85197 82.5947 2.40102 99.361
166.301 5.80962 82.6117 2.38415 99.3439
166.401 5.76727 82.6286 2.36727 99.327
166.501 5.72492 82.6454 2.35037 99.3103
166.601 5.68257 82.6621 2.33347 99.2936
166.701 5.64021 82.6786 2.31655 99.2771
166.801 5.59785 82.695 2.29962 99.2607
166.901 5.5555 82.7113 2.28268 99.2444
167.001 5.51314 82.7275 2.26573 99.2282
167.101 5.47078 82.7435 2.24877 99.2122
167.201 5.42842 82.7594 2.2318 99.1963
167.301 5.38605 82.7752 2.21482 99.1805
167.401 5.34369 82.7909 2.19782 99.1648
167.501 5.30132 82.8065 2.18082 99.1492
167.601 5.25896 82.8219 2.16381 99.1338
167.701 5.21659 82.8372 2.14678 99.1185
167.801 5.17422 82.8524 2.12975 99.1033
167.901 5.13185 82.8675 2.1127 99.0882
168.001 5.08948 82.8824 2.09565 99.0733
168.101 5.04711 82.8972 2.07858 99.0584
168.201 5.00473 82.9119 2.06151 99.0437
168.301 4.96236 82.9265 2.04442 99.0292
168.401 4.91998 82.941 2.02733 99.0147
168.501 4.87761 82.9553 2.01023 99.0004
168.601 4.83523 82.9695 1.99311 98.9862
168.701 4.79285 82.9836 1.97599 98.9721
168.801 4.75047 82.9976 1.95885 98.9581
168.901 4.70809 83.0114 1.94171 98.9443
169.001 4.6657 83.0251 1.92456 98.9305
169.101 4.62332 83.0387 1.9074 98.9169
169.201 4.58094 83.0522 1.89023 98.9035
169.301 4.53855 83.0656 1.87305 98.8901
169.401 4.49616 83.0788 1.85586 98.8769
169.501 4.45378 83.0919 1.83866 98.8638
169.601 4.41139 83.1049 1.82146 98.8508
169.701 4.369 83.1178 1.80424 98.8379
169.801 4.32661 83.1305 1.78702 98.8252
169.901 4.28421 83.1431 1.76979 98.8126
170.001 4.24182 83.1556 1.75255 98.8001
170.101 4.19943 83.168 1.7353 98.7877
170.201 4.15703 83.1802 1.71804 98.7755
170.301 4.11464 83.1924 1.70077 98.7633
170.401 4.07224 83.2044 1.6835 98.7513
170.501 4.02984 83.2162 1.66622 98.7395
170.601 3.98744 83.228 1.64893 98.7277
170.701 3.94504 83.2396 1.63163 98.7161
170.801 3.90264 83.2511 1.61432 98.7046
170.901 3.86024 83.2625 1.59701 98.6932
171.001 3.81784 83.2738 1.57969 98.6819
171.101 3.77544 83.2849 1.56236 98.6708
171.201 3.73303 83.2959 1.54502 98.6598
171.301 3.69063 83.3068 1.52768 98.6489
171.401 3.64822 83.3176 1.51033 98.6381
171.501 3.60582 83.3282 1.49297 98.6275
171.601 3.56341 83.3387 1.4756 98.6169
171.701 3.521 83.3491 1.45823 98.6066
171.801 3.47859 83.3594 1.44085 98.5963
171.901 3.43618 83.3696 1.42346 98.5861
172.001 3.39377 83.3796 1.40607 98.5761
172.101 3.35136 83.3895 1.38866 98.5662
172.201 3.30895 83.3993 1.37126 98.5564
172.301 3.26653 83.4089 1.35384 98.5468
172.401 3.22412 83.4184 1.33642 98.5372
172.501 3.18171 83.4278 1.31899 98.5278
172.601 3.13929 83.4371 1.30156 98.5186
172.701 3.09688 83.4463 1.28412 98.5094
172.801 3.05446 83.4553 1.26667 98.5004
172.901 3.01204 83.4642 1.24922 98.4915
173.001 2.96962 83.473 1.23176 98.4827
173.101 2.92721 83.4817 1.2143 98.474
173.201 2.88479 83.4902 1.19683 98.4655
173.301 2.84237 83.4986 1.17935 98.4571
173.401 2.79995 83.5069 1.16187 98.4488
173.501 2.75752 83.5151 1.14438 98.4406
173.601 2.7151 83.5231 1.12689 98.4326
173.701 2.67268 83.531 1.10939 98.4246
173.801 2.63026 83.5388 1.09189 98.4168
173.901 2.58783 83.5465 1.07438 98.4092
174.001 2.54541 83.5541 1.05686 98.4016
174.101 2.50298 83.5615 1.03935 98.3942
174.201 2.46056 83.5688 1.02182 98.3869
174.301 2.41813 83.5759 1.00429 98.3797
174.401 2.37571 83.583 0.986757 98.3727
174.501 2.33328 83.5899 0.969218 98.3658
174.601 2.29085 83.5967 0.951674 98.359
174.701 2.24842 83.6034 0.934126 98.3523
174.801 2.206 83.6099 0.916573 98.3458
174.901 2.16357 83.6164 0.899015 98.3393
175.001 2.12114 83.6227 0.881454 98.333
175.101 2.07871 83.6288 0.863888 98.3269
175.201 2.03628 83.6349 0.846317 98.3208
175.301 1.99385 83.6408 0.828743 98.3149
175.402 1.95141 83.6466 0.811165 98.3091
175.502 1.90898 83.6523 0.793582 98.3034
175.602 1.86655 83.6578 0.775996 98.2978
175.702 1.82412 83.6633 0.758406 98.2924
175.802 1.78168 83.6686 0.740813 98.2871
175.902 1.73925 83.6738 0.723215 98.2819
176.002 1.69682 83.6788 0.705615 98.2769
176.102 1.65438 83.6837 0.68801 98.2719
176.202 1.61195 83.6886 0.670403 98.2671
176.302 1.56951 83.6932 0.652792 98.2625
176.402 1.52708 83.6978 0.635178 98.2579
176.502 1.48464 83.7022 0.617561 98.2535
176.602 1.4422 83.7065 0.599941 98.2492
176.702 1.39977 83.7107 0.582318 98.245
176.802 1.35733 83.7148 0.564692 98.2409
176.902 1.31489 83.7187 0.547064 98.237
177.002 1.27246 83.7225 0.529432 98.2332
177.102 1.23002 83.7262 0.511799 98.2295
177.202 1.18758 83.7297 0.494162 98.2259
177.302 1.14514 83.7332 0.476524 98.2225
177.402 1.1027 83.7365 0.458883 98.2192
177.502 1.06027 83.7397 0.44124 98.216
177.602 1.01783 83.7427 0.423594 98.213
177.702 0.975387 83.7457 0.405947 98.21
177.802 0.932947 83.7485 0.388297 98.2072
177.902 0.890508 83.7512 0.370646 98.2045
178.002 0.848068 83.7537 0.352993 98.202
178.102 0.805628 83.7561 0.335338 98.1995
178.202 0.763188 83.7585 0.317682 98.1972
178.302 0.720747 83.7606 0.300024 98.195
178.402 0.678307 83.7627 0.282364 98.193
178.502 0.635866 83.7646 0.264703 98.191
178.602 0.593425 83.7664 0.247041 98.1892
178.702 0.550984 83.7681 0.229378 98.1876
178.802 0.508543 83.7697 0.211714 98.186
178.902 0.466101 83.7711 0.194048 98.1846
179.002 0.42366 83.7724 0.176382 98.1832
179.102 0.381219 83.7736 0.158714 98.1821
179.202 0.338777 83.7747 0.141046 98.181
179.302 0.296335 83.7756 0.123378 98.1801
179.402 0.253894 83.7764 0.105708 98.1793
179.502 0.211452 83.7771 0.0880385 98.1786
179.602 0.16901 83.7777 0.0703682 98.178
179.702 0.126568 83.7781 0.0526976 98.1776
179.802 0.0841262 83.7784 0.0350267 98.1773
179.902 0.0416843 83.7786 0.0173557 98.1771
