0 5.68901e-15 6.2381 0 171.685
0.1 0.0810779 6.23813 0.0056477 171.685
0.2 0.162155 6.23821 0.0112954 171.685
0.3 0.243229 6.23835 0.016943 171.685
0.4 0.3243 6.23855 0.0225907 171.684
0.5 0.405366 6.2388 0.0282382 171.684
0.6 0.486426 6.23911 0.0338857 171.684
0.7 0.567479 6.23947 0.0395331 171.684
0.8 0.648524 6.23989 0.0451804 171.683
0.9 0.72956 6.24037 0.0508276 171.683
1 0.810585 6.2409 0.0564746 171.682
1.1 0.891598 6.24149 0.0621216 171.682
1.2 0.972598 6.24214 0.0677683 171.681
1.3 1.05358 6.24284 0.0734149 171.68
1.4 1.13455 6.24359 0.0790613 171.679
1.5 1.21551 6.2444 0.0847075 171.679
1.6 1.29645 6.24527 0.0903534 171.678
1.7 1.37736 6.2462 0.0959992 171.677
1.8 1.45826 6.24718 0.101645 171.676
1.9 1.53914 6.24822 0.10729 171.675
2 1.61999 6.24931 0.112935 171.674
2.1 1.70082 6.25046 0.11858 171.673
2.2 1.78163 6.25166 0.124224 171.671
2.3 1.86241 6.25292 0.129868 171.67
2.4 1.94316 6.25424 0.135512 171.669
2.5 2.02389 6.25561 0.141155 171.667
2.6 2.10458 6.25704 0.146798 171.666
2.7 2.18525 6.25852 0.152441 171.664
2.8 2.26588 6.26006 0.158083 171.663
2.9 2.34648 6.26166 0.163725 171.661
3 2.42705 6.26331 0.169366 171.66
3.1 2.50758 6.26502 0.175007 171.658
3.2 2.58808 6.26679 0.180648 171.656
3.3 2.66854 6.26861 0.186288 171.654
3.4 2.74896 6.27048 0.191928 171.653
3.5 2.82934 6.27241 0.197567 171.651
3.6 2.90968 6.2744 0.203206 171.649
3.7 2.98997 6.27645 0.208844 171.647
3.8 3.07023 6.27855 0.214481 171.644
3.9 3.15044 6.2807 0.220118 171.642
4 3.2306 6.28291 0.225755 171.64
4.1 3.31072 6.28518 0.231391 171.638
4.2 3.39079 6.28751 0.237026 171.636
4.3 3.47082 6.28989 0.242661 171.633
4.4 3.55079 6.29232 0.248295 171.631
4.5 3.63071 6.29481 0.253928 171.628
4.6 3.71058 6.29736 0.259561 171.626
4.7 3.7904 6.29996 0.265193 171.623
4.8 3.87016 6.30262 0.270825 171.62
4.9 3.94986 6.30534 0.276456 171.618
5 4.02951 6.30811 0.282086 171.615
5.1 4.10911 6.31093 0.287715 171.612
5.2 4.18864 6.31381 0.293344 171.609
5.3 4.26811 6.31675 0.298972 171.606
5.4 4.34753 6.31975 0.304599 171.603
5.5 4.42688 6.3228 0.310225 171.6
5.6 4.50617 6.3259 0.315851 171.597
5.7 4.58539 6.32906 0.321476 171.594
5.8 4.66455 6.33228 0.327099 171.591
5.9 4.74364 6.33555 0.332723 171.587
6 4.82267 6.33888 0.338345 171.584
6.1 4.90163 6.34226 0.343966 171.581
6.2 4.98051 6.3457 0.349587 171.577
6.3 5.05933 6.3492 0.355206 171.574
6.4 5.13808 6.35275 0.360825 171.57
6.5 5.21675 6.35636 0.366443 171.567
6.6 5.29535 6.36002 0.37206 171.563
6.7 5.37387 6.36374 0.377676 171.559
6.8 5.45232 6.36751 0.383291 171.556
6.9 5.5307 6.37134 0.388905 171.552
7 5.60899 6.37523 0.394518 171.548
7.1 5.68721 6.37917 0.40013 171.544
7.2 5.76534 6.38317 0.405741 171.54
7.3 5.8434 6.38722 0.411351 171.536
7.4 5.92137 6.39132 0.41696 171.532
7.5 5.99926 6.39549 0.422568 171.528
7.6 6.07707 6.39971 0.428174 171.523
7.7 6.15479 6.40398 0.43378 171.519
7.79999 6.23242 6.40831 0.439385 171.515
7.89999 6.30997 6.4127 0.444988 171.51
7.99999 6.38743 6.41714 0.45059 171.506
8.09999 6.4648 6.42163 0.456192 171.501
8.2 6.54209 6.42619 0.461792 171.497
8.3 6.61928 6.43079 0.46739 171.492
8.4 6.69638 6.43546 0.472988 171.488
8.5 6.77339 6.44017 0.478585 171.483
8.6 6.8503 6.44495 0.48418 171.478
8.7 6.92712 6.44978 0.489774 171.473
8.8 7.00384 6.45466 0.495367 171.468
8.9 7.08047 6.4596 0.500958 171.463
9 7.157 6.4646 0.506548 171.458
9.1 7.23343 6.46965 0.512137 171.453
9.2 7.30976 6.47475 0.517725 171.448
9.3 7.38599 6.47991 0.523311 171.443
9.4 7.46212 6.48513 0.528896 171.438
9.5 7.53815 6.4904 0.53448 171.433
9.6 7.61408 6.49573 0.540062 171.427
9.7 7.6899 6.50111 0.545643 171.422
9.8 7.76561 6.50655 0.551222 171.416
9.9 7.84122 6.51204 0.556801 171.411
10 7.91673 6.51759 0.562377 171.405
10.1 7.99213 6.52319 0.567952 171.4
10.2 8.06741 6.52885 0.573526 171.394
10.3 8.14259 6.53457 0.579099 171.388
10.4 8.21766 6.54033 0.584669 171.383
10.5 8.29262 6.54616 0.590239 171.377
10.6 8.36747 6.55204 0.595807 171.371
10.7 8.4422 6.55797 0.601373 171.365
10.8 8.51682 6.56396 0.606938 171.359
10.9 8.59133 6.57 0.612501 171.353
11 8.66572 6.5761 0.618063 171.347
11.1 8.73999 6.58226 0.623623 171.341
11.2 8.81415 6.58847 0.629181 171.335
11.3 8.88819 6.59473 0.634738 171.328
11.4 8.96212 6.60105 0.640293 171.322
11.5 9.03592 6.60742 0.645847 171.316
11.6 9.1096 6.61385 0.651399 171.309
11.7 9.18316 6.62034 0.656949 171.303
11.8 9.2566 6.62687 0.662498 171.296
11.9 9.32992 6.63347 0.668045 171.29
12 9.40312 6.64012 0.67359 171.283
12.1 9.47619 6.64682 0.679134 171.276
12.2 9.54913 6.65358 0.684676 171.269
12.3 9.62195 6.66039 0.690216 171.263
12.4 9.69465 6.66726 0.695754 171.256
12.5 9.76722 6.67418 0.701291 171.249
12.6 9.83966 6.68116 0.706825 171.242
12.7 9.91197 6.68819 0.712358 171.235
12.8 9.98415 6.69527 0.717889 171.228
12.9 10.0562 6.70242 0.723419 171.221
13 10.1281 6.70961 0.728946 171.213
13.1 10.1999 6.71686 0.734472 171.206
13.2 10.2716 6.72417 0.739995 171.199
13.3 10.3431 6.73153 0.745517 171.191
13.4 10.4145 6.73894 0.751037 171.184
13.5 10.4857 6.74641 0.756555 171.177
13.6 10.5569 6.75393 0.762071 171.169
13.7 10.6279 6.76151 0.767585 171.162
13.8 10.6987 6.76914 0.773097 171.154
13.9 10.7694 6.77683 0.778608 171.146
14 10.84 6.78457 0.784116 171.138
14.1 10.9104 6.79236 0.789622 171.131
14.2 10.9807 6.80021 0.795126 171.123
14.3 11.0509 6.80811 0.800628 171.115
14.4 11.1209 6.81607 0.806128 171.107
14.5 11.1908 6.82408 0.811626 171.099
14.6 11.2605 6.83215 0.817122 171.091
14.7 11.3301 6.84027 0.822616 171.083
14.8 11.3996 6.84845 0.828108 171.075
14.9 11.4689 6.85668 0.833597 171.066
15 11.5381 6.86496 0.839085 171.058
15.1 11.6071 6.8733 0.84457 171.05
15.2 11.676 6.88169 0.850054 171.041
15.3 11.7447 6.89013 0.855535 171.033
15.4 11.8133 6.89863 0.861013 171.024
15.5 11.8817 6.90719 0.86649 171.016
15.6 11.95 6.91579 0.871964 171.007
15.7 12.0182 6.92446 0.877437 170.999
15.8 12.0862 6.93317 0.882906 170.99
15.9 12.154 6.94194 0.888374 170.981
16 12.2217 6.95076 0.89384 170.972
16.1 12.2893 6.95964 0.899303 170.963
16.2 12.3567 6.96857 0.904763 170.954
16.3 12.4239 6.97756 0.910222 170.945
16.4 12.491 6.9866 0.915678 170.936
16.5 12.5579 6.99569 0.921132 170.927
16.6 12.6247 7.00484 0.926583 170.918
16.7 12.6914 7.01404 0.932032 170.909
16.8 12.7579 7.02329 0.937479 170.9
16.9 12.8242 7.0326 0.942923 170.89
17 12.8904 7.04196 0.948365 170.881
17.1 12.9564 7.05137 0.953805 170.872
17.2 13.0222 7.06084 0.959242 170.862
17.3 13.088 7.07036 0.964676 170.853
17.4 13.1535 7.07994 0.970108 170.843
17.5 13.2189 7.08956 0.975538 170.833
17.6 13.2841 7.09925 0.980965 170.824
17.7 13.3492 7.10898 0.98639 170.814
17.8 13.4142 7.11877 0.991812 170.804
17.9 13.4789 7.12861 0.997231 170.794
18 13.5435 7.13851 1.00265 170.785
18.1 13.608 7.14846 1.00806 170.775
18.2 13.6723 7.15846 1.01347 170.765
18.3 13.7364 7.16851 1.01888 170.755
18.4 13.8003 7.17862 1.02429 170.744
18.5 13.8642 7.18878 1.02969 170.734
18.6 13.9278 7.199 1.0351 170.724
18.7 13.9913 7.20927 1.04049 170.714
18.8 14.0546 7.21959 1.04589 170.703
18.9 14.1178 7.22996 1.05128 170.693
19 14.1807 7.24039 1.05667 170.683
19.1 14.2436 7.25087 1.06206 170.672
19.2 14.3062 7.2614 1.06745 170.662
19.3 14.3688 7.27199 1.07283 170.651
19.4 14.4311 7.28263 1.07821 170.64
19.5 14.4933 7.29332 1.08359 170.63
19.6 14.5553 7.30406 1.08896 170.619
19.7 14.6171 7.31486 1.09433 170.608
19.8 14.6788 7.32571 1.0997 170.597
19.9 14.7403 7.33661 1.10507 170.586
20 14.8017 7.34757 1.11043 170.575
20.1 14.8628 7.35858 1.11579 170.564
20.2 14.9239 7.36964 1.12115 170.553
20.3 14.9847 7.38075 1.1265 170.542
20.4 15.0454 7.39192 1.13185 170.531
20.5 15.1059 7.40314 1.1372 170.52
20.6 15.1662 7.41441 1.14255 170.509
20.7 15.2264 7.42573 1.14789 170.497
20.8 15.2864 7.43711 1.15323 170.486
20.9 15.3463 7.44853 1.15856 170.474
21 15.4059 7.46001 1.1639 170.463
21.1 15.4654 7.47155 1.16923 170.451
21.2 15.5248 7.48313 1.17456 170.44
21.3 15.5839 7.49477 1.17988 170.428
21.4 15.6429 7.50646 1.1852 170.417
21.5 15.7017 7.5182 1.19052 170.405
21.6 15.7604 7.53 1.19584 170.393
21.7 15.8189 7.54184 1.20115 170.381
21.8 15.8772 7.55374 1.20646 170.369
21.9 15.9353 7.56569 1.21176 170.357
22 15.9933 7.57769 1.21707 170.345
22.1 16.0511 7.58975 1.22237 170.333
22.2 16.1087 7.60185 1.22766 170.321
22.3 16.1661 7.61401 1.23296 170.309
22.4 16.2234 7.62622 1.23825 170.297
22.5 16.2805 7.63848 1.24354 170.285
22.6 16.3375 7.65079 1.24882 170.272
22.7001 16.3942 7.66316 1.2541 170.26
22.8001 16.4508 7.67558 1.25938 170.247
22.9001 16.5072 7.68804 1.26465 170.235
23.0001 16.5635 7.70057 1.26992 170.222
23.1001 16.6195 7.71314 1.27519 170.21
23.2001 16.6754 7.72576 1.28046 170.197
23.3001 16.7312 7.73843 1.28572 170.185
23.4001 16.7867 7.75116 1.29098 170.172
23.5001 16.8421 7.76394 1.29623 170.159
23.6001 16.8973 7.77677 1.30148 170.146
23.7001 16.9523 7.78965 1.30673 170.133
23.8001 17.0072 7.80258 1.31197 170.12
23.9001 17.0619 7.81556 1.31722 170.107
24.0001 17.1164 7.8286 1.32245 170.094
24.1001 17.1707 7.84168 1.32769 170.081
24.2001 17.2249 7.85482 1.33292 170.068
24.3001 17.2788 7.86801 1.33815 170.055
24.4001 17.3327 7.88124 1.34337 170.042
24.5001 17.3863 7.89453 1.34859 170.028
24.6001 17.4397 7.90788 1.35381 170.015
24.7001 17.493 7.92127 1.35902 170.002
24.8001 17.5461 7.93471 1.36423 169.988
24.9001 17.5991 7.9482 1.36944 169.975
25.0001 17.6518 7.96175 1.37464 169.961
25.1001 17.7044 7.97534 1.37984 169.948
25.2001 17.7568 7.98899 1.38504 169.934
25.3001 17.8091 8.00268 1.39023 169.92
25.4001 17.8611 8.01643 1.39542 169.907
25.5001 17.913 8.03023 1.4006 169.893
25.6001 17.9647 8.04408 1.40579 169.879
25.7001 18.0162 8.05798 1.41096 169.865
25.8001 18.0676 8.07193 1.41614 169.851
25.9001 18.1188 8.08593 1.42131 169.837
26.0001 18.1698 8.09998 1.42648 169.823
26.1001 18.2206 8.11408 1.43164 169.809
26.2001 18.2713 8.12823 1.4368 169.795
26.3001 18.3217 8.14243 1.44195 169.781
26.4001 18.372 8.15668 1.44711 169.766
26.5001 18.4222 8.17098 1.45225 169.752
26.6001 18.4721 8.18534 1.4574 169.738
26.7001 18.5219 8.19974 1.46254 169.723
26.8001 18.5715 8.21419 1.46768 169.709
26.9001 18.6209 8.22869 1.47281 169.694
27.0001 18.6702 8.24324 1.47794 169.68
27.1001 18.7192 8.25785 1.48307 169.665
27.2001 18.7681 8.2725 1.48819 169.651
27.3001 18.8169 8.2872 1.49331 169.636
27.4001 18.8654 8.30195 1.49842 169.621
27.5001 18.9138 8.31675 1.50353 169.606
27.6001 18.962 8.3316 1.50864 169.591
27.7001 19.01 8.3465 1.51374 169.577
27.8001 19.0578 8.36145 1.51884 169.562
27.9001 19.1055 8.37645 1.52393 169.547
28.0001 19.153 8.3915 1.52902 169.532
28.1001 19.2003 8.4066 1.53411 169.516
28.2001 19.2475 8.42175 1.53919 169.501
28.3001 19.2944 8.43695 1.54427 169.486
28.4001 19.3412 8.4522 1.54934 169.471
28.5001 19.3879 8.46749 1.55442 169.456
28.6001 19.4343 8.48284 1.55948 169.44
28.7001 19.4806 8.49823 1.56454 169.425
28.8001 19.5267 8.51368 1.5696 169.409
28.9001 19.5726 8.52917 1.57466 169.394
29.0001 19.6183 8.54471 1.57971 169.378
29.1001 19.6639 8.5603 1.58475 169.363
29.2001 19.7093 8.57594 1.5898 169.347
29.3001 19.7545 8.59163 1.59483 169.331
29.4001 19.7996 8.60737 1.59987 169.316
29.5001 19.8445 8.62316 1.6049 169.3
29.6001 19.8892 8.63899 1.60992 169.284
29.7001 19.9337 8.65488 1.61494 169.268
29.8001 19.978 8.67081 1.61996 169.252
29.9001 20.0222 8.68679 1.62497 169.236
30.0001 20.0662 8.70282 1.62998 169.22
30.1001 20.1101 8.7189 1.63499 169.204
30.2001 20.1537 8.73503 1.63999 169.188
30.3001 20.1972 8.7512 1.64498 169.172
30.4001 20.2405 8.76742 1.64998 169.156
30.5001 20.2837 8.7837 1.65496 169.139
30.6001 20.3266 8.80002 1.65995 169.123
30.7001 20.3694 8.81639 1.66492 169.107
30.8001 20.412 8.8328 1.6699 169.09
30.9001 20.4545 8.84927 1.67487 169.074
31.0001 20.4968 8.86578 1.67983 169.057
31.1001 20.5389 8.88234 1.6848 169.041
31.2001 20.5808 8.89895 1.68975 169.024
31.3001 20.6226 8.91561 1.69471 169.007
31.4001 20.6642 8.93231 1.69965 168.991
31.5001 20.7056 8.94907 1.7046 168.974
31.6001 20.7468 8.96587 1.70954 168.957
31.7001 20.7879 8.98272 1.71447 168.94
31.8001 20.8288 8.99961 1.7194 168.923
31.9001 20.8695 9.01656 1.72433 168.906
32.0001 20.9101 9.03355 1.72925 168.889
32.1001 20.9505 9.05059 1.73417 168.872
32.2001 20.9907 9.06767 1.73908 168.855
32.3001 21.0308 9.0848 1.74399 168.838
32.4001 21.0706 9.10199 1.74889 168.821
32.5001 21.1104 9.11921 1.75379 168.804
32.6001 21.1499 9.13649 1.75868 168.787
32.7001 21.1893 9.15381 1.76357 168.769
32.8001 21.2285 9.17118 1.76846 168.752
32.9001 21.2675 9.1886 1.77334 168.734
33.0001 21.3064 9.20606 1.77821 168.717
33.1001 21.3451 9.22357 1.78308 168.699
33.2001 21.3836 9.24113 1.78795 168.682
33.3001 21.422 9.25873 1.79281 168.664
33.4001 21.4601 9.27639 1.79767 168.647
33.5001 21.4982 9.29408 1.80252 168.629
33.6001 21.536 9.31183 1.80737 168.611
33.7001 21.5737 9.32962 1.81221 168.593
33.8001 21.6112 9.34746 1.81705 168.576
33.9001 21.6486 9.36534 1.82188 168.558
34.0001 21.6858 9.38328 1.82671 168.54
34.1001 21.7228 9.40125 1.83153 168.522
34.2001 21.7596 9.41928 1.83635 168.504
34.3 21.7963 9.43735 1.84117 168.486
34.4 21.8328 9.45546 1.84598 168.468
34.5 21.8692 9.47363 1.85078 168.449
34.6 21.9054 9.49184 1.85558 168.431
34.7 21.9414 9.51009 1.86037 168.413
34.8 21.9773 9.52839 1.86516 168.395
34.9 22.0129 9.54674 1.86995 168.376
35 22.0485 9.56513 1.87473 168.358
35.1 22.0838 9.58357 1.87951 168.339
35.2 22.119 9.60206 1.88428 168.321
35.3 22.1541 9.62059 1.88904 168.302
35.4 22.1889 9.63917 1.8938 168.284
35.5 22.2236 9.65779 1.89856 168.265
35.6 22.2582 9.67646 1.90331 168.247
35.7 22.2926 9.69517 1.90805 168.228
35.8 22.3268 9.71393 1.91279 168.209
35.9 22.3608 9.73273 1.91753 168.19
36 22.3947 9.75158 1.92226 168.171
36.1 22.4285 9.77048 1.92698 168.153
36.2 22.462 9.78942 1.9317 168.134
36.3 22.4954 9.80841 1.93642 168.115
36.4 22.5287 9.82744 1.94113 168.096
36.5 22.5617 9.84651 1.94584 168.077
36.6 22.5947 9.86563 1.95054 168.057
36.7 22.6274 9.8848 1.95523 168.038
36.8 22.66 9.90401 1.95992 168.019
36.9 22.6925 9.92327 1.9646 168
37 22.7247 9.94257 1.96928 167.98
37.1 22.7569 9.96191 1.97396 167.961
37.2 22.7888 9.9813 1.97863 167.942
37.3 22.8206 10.0007 1.98329 167.922
37.4 22.8523 10.0202 1.98795 167.903
37.5 22.8837 10.0397 1.9926 167.883
37.6 22.9151 10.0593 1.99725 167.864
37.7 22.9462 10.0789 2.00189 167.844
37.8 22.9772 10.0986 2.00653 167.824
37.9 23.0081 10.1183 2.01116 167.805
38 23.0388 10.138 2.01579 167.785
38.1 23.0693 10.1578 2.02041 167.765
38.2 23.0997 10.1777 2.02503 167.745
38.3 23.1299 10.1975 2.02964 167.725
38.4 23.16 10.2175 2.03425 167.706
38.5 23.1899 10.2374 2.03885 167.686
38.6 23.2196 10.2574 2.04344 167.666
38.7 23.2492 10.2775 2.04803 167.646
38.8 23.2787 10.2976 2.05262 167.625
38.9 23.3079 10.3177 2.05719 167.605
39 23.3371 10.3379 2.06177 167.585
39.1 23.366 10.3581 2.06634 167.565
39.2 23.3949 10.3784 2.0709 167.545
39.3 23.4235 10.3987 2.07546 167.524
39.4 23.452 10.4191 2.08001 167.504
39.5 23.4804 10.4395 2.08455 167.484
39.6 23.5086 10.4599 2.08909 167.463
39.7 23.5367 10.4804 2.09363 167.443
39.8 23.5646 10.5009 2.09816 167.422
39.9 23.5923 10.5215 2.10268 167.402
40 23.6199 10.5421 2.1072 167.381
40.1 23.6474 10.5628 2.11171 167.36
40.2 23.6747 10.5835 2.11622 167.34
40.3 23.7018 10.6042 2.12072 167.319
40.4 23.7288 10.625 2.12522 167.298
40.5 23.7556 10.6459 2.12971 167.277
40.6 23.7823 10.6667 2.13419 167.256
40.7 23.8089 10.6876 2.13867 167.235
40.7999 23.8352 10.7086 2.14315 167.214
40.8999 23.8615 10.7296 2.14761 167.193
40.9999 23.8876 10.7507 2.15208 167.172
41.0999 23.9135 10.7717 2.15653 167.151
41.1999 23.9393 10.7929 2.16098 167.13
41.2999 23.9649 10.814 2.16543 167.109
41.3999 23.9904 10.8352 2.16987 167.088
41.4999 24.0158 10.8565 2.1743 167.067
41.5999 24.041 10.8778 2.17873 167.045
41.6999 24.066 10.8991 2.18315 167.024
41.7999 24.091 10.9205 2.18757 167.003
41.8999 24.1157 10.9419 2.19198 166.981
41.9999 24.1403 10.9634 2.19638 166.96
42.0999 24.1648 10.9849 2.20078 166.938
42.1999 24.1891 11.0065 2.20517 166.917
42.2999 24.2133 11.028 2.20956 166.895
42.3999 24.2373 11.0497 2.21394 166.873
42.4999 24.2612 11.0713 2.21832 166.852
42.5999 24.2849 11.0931 2.22269 166.83
42.6999 24.3085 11.1148 2.22705 166.808
42.7999 24.332 11.1366 2.23141 166.786
42.8999 24.3553 11.1584 2.23576 166.765
42.9999 24.3785 11.1803 2.24011 166.743
43.0999 24.4015 11.2022 2.24445 166.721
43.1999 24.4244 11.2242 2.24878 166.699
43.2999 24.4471 11.2462 2.25311 166.677
43.3999 24.4697 11.2682 2.25743 166.655
43.4999 24.4922 11.2903 2.26175 166.633
43.5999 24.5145 11.3124 2.26605 166.611
43.6999 24.5366 11.3346 2.27036 166.588
43.7999 24.5587 11.3568 2.27466 166.566
43.8999 24.5805 11.379 2.27895 166.544
43.9999 24.6023 11.4013 2.28323 166.522
44.0999 24.6239 11.4237 2.28751 166.499
44.1999 24.6454 11.446 2.29179 166.477
44.2999 24.6667 11.4684 2.29605 166.455
44.3999 24.6879 11.4909 2.30032 166.432
44.4999 24.7089 11.5134 2.30457 166.41
44.5999 24.7298 11.5359 2.30882 166.387
44.6999 24.7506 11.5584 2.31306 166.365
44.7999 24.7712 11.581 2.3173 166.342
44.8999 24.7917 11.6037 2.32153 166.319
44.9999 24.8121 11.6264 2.32575 166.297
45.0999 24.8323 11.6491 2.32997 166.274
45.1999 24.8524 11.6719 2.33418 166.251
45.2999 24.8723 11.6947 2.33839 166.228
45.3999 24.8921 11.7175 2.34259 166.206
45.4999 24.9118 11.7404 2.34678 166.183
45.5999 24.9314 11.7633 2.35097 166.16
45.6999 24.9508 11.7863 2.35515 166.137
45.7999 24.97 11.8093 2.35932 166.114
45.8999 24.9892 11.8323 2.36349 166.091
45.9999 25.0081 11.8554 2.36765 166.068
46.0999 25.027 11.8785 2.37181 166.045
46.1999 25.0457 11.9017 2.37596 166.021
46.2999 25.0643 11.9248 2.3801 165.998
46.3999 25.0828 11.9481 2.38424 165.975
46.4999 25.1011 11.9714 2.38837 165.952
46.5999 25.1193 11.9947 2.39249 165.928
46.6999 25.1374 12.018 2.39661 165.905
46.7999 25.1553 12.0414 2.40072 165.882
46.8999 25.1731 12.0648 2.40482 165.858
46.9999 25.1908 12.0883 2.40892 165.835
47.0999 25.2083 12.1118 2.41301 165.811
47.1999 25.2257 12.1353 2.4171 165.788
47.2999 25.243 12.1589 2.42117 165.764
47.3998 25.2601 12.1825 2.42525 165.741
47.4998 25.2772 12.2062 2.42931 165.717
47.5998 25.294 12.2299 2.43337 165.693
47.6998 25.3108 12.2536 2.43742 165.669
47.7998 25.3274 12.2774 2.44147 165.646
47.8998 25.3439 12.3012 2.44551 165.622
47.9998 25.3603 12.325 2.44954 165.598
48.0998 25.3765 12.3489 2.45357 165.574
48.1998 25.3926 12.3728 2.45759 165.55
48.2998 25.4086 12.3968 2.4616 165.526
48.3998 25.4245 12.4207 2.46561 165.502
48.4998 25.4402 12.4448 2.4696 165.478
48.5998 25.4558 12.4688 2.4736 165.454
48.6998 25.4713 12.4929 2.47758 165.43
48.7998 25.4866 12.5171 2.48156 165.406
48.8998 25.5019 12.5413 2.48554 165.382
48.9998 25.517 12.5655 2.4895 165.358
49.0998 25.5319 12.5897 2.49346 165.333
49.1998 25.5468 12.614 2.49742 165.309
49.2998 25.5615 12.6383 2.50136 165.285
49.3998 25.5761 12.6627 2.5053 165.26
49.4998 25.5906 12.6871 2.50923 165.236
49.5998 25.6049 12.7115 2.51316 165.211
49.6998 25.6191 12.736 2.51708 165.187
49.7998 25.6332 12.7605 2.52099 165.163
49.8998 25.6472 12.785 2.5249 165.138
49.9998 25.6611 12.8096 2.5288 165.113
50.0998 25.6748 12.8342 2.53269 165.089
50.1998 25.6884 12.8589 2.53657 165.064
50.2998 25.7019 12.8836 2.54045 165.039
50.3998 25.7153 12.9083 2.54432 165.015
50.4998 25.7285 12.9331 2.54819 164.99
50.5998 25.7417 12.9578 2.55205 164.965
50.6998 25.7547 12.9827 2.5559 164.94
50.7998 25.7675 13.0075 2.55974 164.915
50.8998 25.7803 13.0324 2.56358 164.891
50.9998 25.793 13.0574 2.56741 164.866
51.0998 25.8055 13.0823 2.57123 164.841
51.1998 25.8179 13.1074 2.57505 164.816
51.2998 25.8302 13.1324 2.57886 164.791
51.3998 25.8423 13.1575 2.58266 164.766
51.4998 25.8544 13.1826 2.58645 164.74
51.5998 25.8663 13.2077 2.59024 164.715
51.6998 25.8781 13.2329 2.59402 164.69
51.7998 25.8898 13.2581 2.5978 164.665
51.8998 25.9014 13.2834 2.60156 164.64
51.9998 25.9129 13.3087 2.60532 164.614
52.0998 25.9242 13.334 2.60908 164.589
52.1998 25.9355 13.3593 2.61282 164.564
52.2998 25.9466 13.3847 2.61656 164.538
52.3998 25.9576 13.4101 2.62029 164.513
52.4998 25.9684 13.4356 2.62402 164.487
52.5998 25.9792 13.4611 2.62774 164.462
52.6998 25.9899 13.4866 2.63145 164.436
52.7998 26.0004 13.5122 2.63515 164.411
52.8998 26.0108 13.5378 2.63885 164.385
52.9998 26.0211 13.5634 2.64253 164.36
53.0998 26.0313 13.589 2.64622 164.334
53.1998 26.0414 13.6147 2.64989 164.308
53.2998 26.0514 13.6405 2.65356 164.283
53.3998 26.0612 13.6662 2.65722 164.257
53.4998 26.071 13.692 2.66087 164.231
53.5998 26.0806 13.7178 2.66452 164.205
53.6998 26.0901 13.7437 2.66816 164.179
53.7998 26.0995 13.7696 2.67179 164.153
53.8997 26.1088 13.7955 2.67541 164.128
53.9997 26.118 13.8215 2.67903 164.102
54.0997 26.1271 13.8475 2.68264 164.076
54.1997 26.136 13.8735 2.68624 164.05
54.2997 26.1449 13.8996 2.68983 164.023
54.3997 26.1536 13.9256 2.69342 163.997
54.4997 26.1623 13.9518 2.697 163.971
54.5997 26.1708 13.9779 2.70057 163.945
54.6997 26.1792 14.0041 2.70414 163.919
54.7997 26.1875 14.0303 2.7077 163.893
54.8997 26.1957 14.0566 2.71125 163.866
54.9997 26.2038 14.0829 2.71479 163.84
55.0997 26.2117 14.1092 2.71833 163.814
55.1997 26.2196 14.1355 2.72186 163.787
55.2997 26.2274 14.1619 2.72538 163.761
55.3997 26.235 14.1883 2.72889 163.735
55.4997 26.2426 14.2148 2.7324 163.708
55.5997 26.25 14.2413 2.7359 163.682
55.6997 26.2573 14.2678 2.73939 163.655
55.7997 26.2646 14.2943 2.74287 163.629
55.8997 26.2717 14.3209 2.74635 163.602
55.9997 26.2787 14.3475 2.74981 163.576
56.0997 26.2856 14.3741 2.75328 163.549
56.1997 26.2924 14.4008 2.75673 163.522
56.2997 26.2991 14.4275 2.76018 163.496
56.3997 26.3057 14.4542 2.76361 163.469
56.4997 26.3122 14.481 2.76704 163.442
56.5997 26.3186 14.5077 2.77047 163.415
56.6997 26.3249 14.5346 2.77388 163.388
56.7997 26.331 14.5614 2.77729 163.362
56.8997 26.3371 14.5883 2.78069 163.335
56.9997 26.3431 14.6152 2.78409 163.308
57.0997 26.3489 14.6422 2.78747 163.281
57.1997 26.3547 14.6691 2.79085 163.254
57.2997 26.3604 14.6961 2.79422 163.227
57.3997 26.3659 14.7232 2.79758 163.2
57.4997 26.3714 14.7502 2.80094 163.173
57.5997 26.3768 14.7773 2.80428 163.146
57.6997 26.382 14.8045 2.80762 163.119
57.7997 26.3872 14.8316 2.81095 163.091
57.8997 26.3922 14.8588 2.81428 163.064
57.9997 26.3972 14.886 2.81759 163.037
58.0997 26.402 14.9132 2.8209 163.01
58.1997 26.4068 14.9405 2.8242 162.982
58.2997 26.4114 14.9678 2.82749 162.955
58.3997 26.416 14.9952 2.83078 162.928
58.4997 26.4204 15.0225 2.83406 162.9
58.5997 26.4248 15.0499 2.83733 162.873
58.6997 26.429 15.0773 2.84059 162.846
58.7997 26.4332 15.1048 2.84384 162.818
58.8997 26.4373 15.1323 2.84709 162.791
58.9997 26.4412 15.1598 2.85033 162.763
59.0997 26.4451 15.1873 2.85356 162.736
59.1997 26.4489 15.2149 2.85678 162.708
59.2997 26.4525 15.2425 2.85999 162.681
59.3997 26.4561 15.2701 2.8632 162.653
59.4997 26.4596 15.2977 2.8664 162.625
59.5997 26.4629 15.3254 2.86959 162.598
59.6997 26.4662 15.3531 2.87277 162.57
59.7997 26.4694 15.3809 2.87595 162.542
59.8997 26.4725 15.4086 2.87911 162.514
59.9997 26.4755 15.4364 2.88227 162.487
60.0997 26.4784 15.4642 2.88542 162.459
60.1997 26.4812 15.4921 2.88857 162.431
60.2997 26.4839 15.52 2.8917 162.403
60.3997 26.4865 15.5479 2.89483 162.375
60.4996 26.4891 15.5758 2.89795 162.347
60.5996 26.4915 15.6038 2.90106 162.319
60.6996 26.4938 15.6317 2.90416 162.291
60.7996 26.4961 15.6598 2.90726 162.263
60.8996 26.4982 15.6878 2.91034 162.235
60.9996 26.5003 15.7159 2.91342 162.207
61.0996 26.5022 15.744 2.91649 162.179
61.1996 26.5041 15.7721 2.91956 162.151
61.2996 26.5059 15.8002 2.92261 162.123
61.3996 26.5076 15.8284 2.92566 162.095
61.4996 26.5091 15.8566 2.9287 162.066
61.5996 26.5106 15.8848 2.93173 162.038
61.6996 26.5121 15.9131 2.93475 162.01
61.7996 26.5134 15.9414 2.93776 161.982
61.8996 26.5146 15.9697 2.94077 161.953
61.9996 26.5157 15.998 2.94377 161.925
62.0996 26.5168 16.0264 2.94676 161.897
62.1996 26.5177 16.0548 2.94974 161.868
62.2996 26.5186 16.0832 2.95271 161.84
62.3996 26.5194 16.1116 2.95568 161.811
62.4996 26.5201 16.1401 2.95863 161.783
62.5996 26.5207 16.1686 2.96158 161.754
62.6996 26.5212 16.1971 2.96452 161.726
62.7996 26.5216 16.2257 2.96745 161.697
62.8996 26.5219 16.2542 2.97038 161.669
62.9996 26.5222 16.2828 2.97329 161.64
63.0996 26.5223 16.3114 2.9762 161.612
63.1996 26.5224 16.3401 2.9791 161.583
63.2996 26.5224 16.3688 2.98199 161.554
63.3996 26.5223 16.3975 2.98487 161.526
63.4996 26.5221 16.4262 2.98775 161.497
63.5996 26.5218 16.4549 2.99061 161.468
63.6996 26.5214 16.4837 2.99347 161.439
63.7996 26.521 16.5125 2.99632 161.411
63.8996 26.5205 16.5413 2.99916 161.382
63.9996 26.5198 16.5702 3.00199 161.353
64.0996 26.5191 16.599 3.00481 161.324
64.1996 26.5183 16.6279 3.00763 161.295
64.2996 26.5174 16.6569 3.01044 161.266
64.3996 26.5165 16.6858 3.01324 161.237
64.4996 26.5154 16.7148 3.01603 161.208
64.5996 26.5143 16.7438 3.01881 161.179
64.6996 26.5131 16.7728 3.02158 161.15
64.7996 26.5118 16.8018 3.02435 161.121
64.8996 26.5104 16.8309 3.0271 161.092
64.9996 26.5089 16.86 3.02985 161.063
65.0996 26.5073 16.8891 3.03259 161.034
65.1996 26.5057 16.9182 3.03532 161.005
65.2996 26.504 16.9474 3.03804 160.976
65.3996 26.5022 16.9766 3.04076 160.946
65.4996 26.5003 17.0058 3.04346 160.917
65.5996 26.4983 17.035 3.04616 160.888
65.6996 26.4963 17.0642 3.04885 160.859
65.7996 26.4941 17.0935 3.05153 160.83
65.8996 26.4919 17.1228 3.0542 160.8
65.9996 26.4896 17.1521 3.05686 160.771
66.0996 26.4872 17.1815 3.05952 160.742
66.1996 26.4848 17.2108 3.06216 160.712
66.2996 26.4822 17.2402 3.0648 160.683
66.3996 26.4796 17.2696 3.06743 160.653
66.4996 26.4769 17.2991 3.07005 160.624
66.5996 26.4741 17.3285 3.07266 160.594
66.6996 26.4713 17.358 3.07526 160.565
66.7996 26.4683 17.3875 3.07785 160.536
66.8996 26.4653 17.417 3.08044 160.506
66.9995 26.4622 17.4466 3.08301 160.476
67.0995 26.459 17.4761 3.08558 160.447
67.1995 26.4558 17.5057 3.08814 160.417
67.2995 26.4524 17.5353 3.09069 160.388
67.3995 26.449 17.565 3.09323 160.358
67.4995 26.4455 17.5946 3.09577 160.328
67.5995 26.442 17.6243 3.09829 160.299
67.6995 26.4383 17.654 3.10081 160.269
67.7995 26.4346 17.6837 3.10331 160.239
67.8995 26.4308 17.7135 3.10581 160.21
67.9995 26.4269 17.7432 3.1083 160.18
68.0995 26.4229 17.773 3.11078 160.15
68.1995 26.4189 17.8028 3.11325 160.12
68.2995 26.4148 17.8326 3.11571 160.09
68.3995 26.4106 17.8625 3.11817 160.061
68.4995 26.4063 17.8923 3.12061 160.031
68.5995 26.402 17.9222 3.12305 160.001
68.6995 26.3976 17.9521 3.12548 159.971
68.7995 26.3931 17.982 3.1279 159.941
68.8995 26.3885 18.012 3.13031 159.911
68.9995 26.3839 18.0419 3.13271 159.881
69.0995 26.3792 18.0719 3.1351 159.851
69.1995 26.3744 18.1019 3.13748 159.821
69.2995 26.3695 18.132 3.13986 159.791
69.3995 26.3645 18.162 3.14222 159.761
69.4995 26.3595 18.1921 3.14458 159.731
69.5995 26.3544 18.2222 3.14693 159.701
69.6995 26.3493 18.2523 3.14927 159.671
69.7995 26.344 18.2824 3.1516 159.641
69.8995 26.3387 18.3125 3.15392 159.61
69.9995 26.3333 18.3427 3.15623 159.58
70.0995 26.3279 18.3729 3.15853 159.55
70.1995 26.3223 18.4031 3.16082 159.52
70.2995 26.3167 18.4333 3.16311 159.49
70.3995 26.3111 18.4635 3.16539 159.459
70.4995 26.3053 18.4938 3.16765 159.429
70.5995 26.2995 18.5241 3.16991 159.399
70.6995 26.2936 18.5544 3.17216 159.369
70.7995 26.2876 18.5847 3.1744 159.338
70.8995 26.2816 18.615 3.17663 159.308
70.9995 26.2755 18.6453 3.17885 159.278
71.0995 26.2693 18.6757 3.18107 159.247
71.1995 26.2631 18.7061 3.18327 159.217
71.2995 26.2568 18.7365 3.18546 159.187
71.3995 26.2504 18.7669 3.18765 159.156
71.4995 26.2439 18.7974 3.18983 159.126
71.5995 26.2374 18.8278 3.19199 159.095
71.6995 26.2308 18.8583 3.19415 159.065
71.7995 26.2241 18.8888 3.1963 159.034
71.8995 26.2174 18.9193 3.19844 159.004
71.9995 26.2105 18.9498 3.20057 158.973
72.0995 26.2037 18.9804 3.20269 158.943
72.1995 26.1967 19.0109 3.20481 158.912
72.2995 26.1897 19.0415 3.20691 158.882
72.3995 26.1826 19.0721 3.209 158.851
72.4995 26.1755 19.1027 3.21109 158.82
72.5995 26.1682 19.1334 3.21317 158.79
72.6995 26.1609 19.164 3.21523 158.759
72.7995 26.1536 19.1947 3.21729 158.728
72.8995 26.1462 19.2253 3.21934 158.698
72.9995 26.1387 19.256 3.22138 158.667
73.0995 26.1311 19.2868 3.22341 158.636
73.1995 26.1235 19.3175 3.22543 158.606
73.2995 26.1158 19.3482 3.22744 158.575
73.3995 26.108 19.379 3.22944 158.544
73.4995 26.1002 19.4098 3.23143 158.513
73.5994 26.0923 19.4406 3.23342 158.482
73.6994 26.0843 19.4714 3.23539 158.452
73.7994 26.0763 19.5022 3.23736 158.421
73.8994 26.0682 19.533 3.23931 158.39
73.9994 26.06 19.5639 3.24126 158.359
74.0994 26.0518 19.5948 3.2432 158.328
74.1994 26.0435 19.6257 3.24513 158.297
74.2994 26.0352 19.6566 3.24704 158.266
74.3994 26.0267 19.6875 3.24895 158.236
74.4994 26.0183 19.7184 3.25085 158.205
74.5994 26.0097 19.7494 3.25274 158.174
74.6994 26.0011 19.7803 3.25462 158.143
74.7994 25.9924 19.8113 3.2565 158.112
74.8994 25.9837 19.8423 3.25836 158.081
74.9994 25.9749 19.8733 3.26021 158.05
75.0994 25.966 19.9043 3.26206 158.019
75.1994 25.957 19.9354 3.26389 157.988
75.2994 25.948 19.9664 3.26572 157.957
75.3994 25.939 19.9975 3.26753 157.926
75.4994 25.9299 20.0285 3.26934 157.894
75.5994 25.9207 20.0596 3.27113 157.863
75.6994 25.9114 20.0907 3.27292 157.832
75.7994 25.9021 20.1219 3.2747 157.801
75.8994 25.8927 20.153 3.27647 157.77
75.9994 25.8833 20.1841 3.27823 157.739
76.0994 25.8738 20.2153 3.27997 157.708
76.1994 25.8642 20.2465 3.28171 157.677
76.2994 25.8546 20.2777 3.28344 157.645
76.3994 25.8449 20.3089 3.28517 157.614
76.4994 25.8351 20.3401 3.28688 157.583
76.5994 25.8253 20.3713 3.28858 157.552
76.6994 25.8155 20.4025 3.29027 157.52
76.7994 25.8055 20.4338 3.29195 157.489
76.8994 25.7955 20.4651 3.29363 157.458
76.9994 25.7855 20.4963 3.29529 157.427
77.0994 25.7754 20.5276 3.29694 157.395
77.1994 25.7652 20.5589 3.29859 157.364
77.2994 25.7549 20.5903 3.30022 157.333
77.3994 25.7447 20.6216 3.30185 157.301
77.4994 25.7343 20.6529 3.30347 157.27
77.5994 25.7239 20.6843 3.30507 157.239
77.6994 25.7134 20.7156 3.30667 157.207
77.7994 25.7029 20.747 3.30826 157.176
77.8994 25.6923 20.7784 3.30983 157.145
77.9994 25.6816 20.8098 3.3114 157.113
78.0994 25.6709 20.8412 3.31296 157.082
78.1994 25.6601 20.8726 3.31451 157.05
78.2994 25.6493 20.9041 3.31605 157.019
78.3994 25.6384 20.9355 3.31758 156.987
78.4994 25.6275 20.967 3.3191 156.956
78.5994 25.6165 20.9985 3.32061 156.925
78.6994 25.6054 21.0299 3.32211 156.893
78.7994 25.5943 21.0614 3.3236 156.862
78.8994 25.5831 21.0929 3.32508 156.83
78.9994 25.5719 21.1244 3.32655 156.799
79.0994 25.5606 21.156 3.32801 156.767
79.1994 25.5492 21.1875 3.32946 156.736
79.2994 25.5378 21.219 3.33091 156.704
79.3994 25.5263 21.2506 3.33234 156.672
79.4994 25.5148 21.2822 3.33376 156.641
79.5994 25.5032 21.3137 3.33517 156.609
79.6994 25.4916 21.3453 3.33658 156.578
79.7994 25.4799 21.3769 3.33797 156.546
79.8994 25.4682 21.4085 3.33935 156.514
79.9994 25.4563 21.4401 3.34073 156.483
80.0993 25.4445 21.4718 3.34209 156.451
80.1993 25.4326 21.5034 3.34345 156.42
80.2993 25.4206 21.535 3.34479 156.388
80.3993 25.4086 21.5667 3.34613 156.356
80.4993 25.3965 21.5984 3.34745 156.325
80.5993 25.3843 21.63 3.34877 156.293
80.6993 25.3722 21.6617 3.35007 156.261
80.7993 25.3599 21.6934 3.35137 156.23
80.8993 25.3476 21.7251 3.35265 156.198
80.9993 25.3352 21.7568 3.35393 156.166
81.0993 25.3228 21.7885 3.3552 156.134
81.1993 25.3104 21.8203 3.35645 156.103
81.2993 25.2978 21.852 3.3577 156.071
81.3993 25.2853 21.8837 3.35894 156.039
81.4993 25.2726 21.9155 3.36016 156.008
81.5993 25.26 21.9472 3.36138 155.976
81.6993 25.2472 21.979 3.36259 155.944
81.7993 25.2344 22.0108 3.36378 155.912
81.8993 25.2216 22.0426 3.36497 155.88
81.9993 25.2087 22.0744 3.36615 155.849
82.0993 25.1958 22.1062 3.36731 155.817
82.1993 25.1828 22.138 3.36847 155.785
82.2993 25.1697 22.1698 3.36962 155.753
82.3993 25.1566 22.2016 3.37076 155.721
82.4993 25.1434 22.2334 3.37189 155.69
82.5993 25.1302 22.2653 3.373 155.658
82.6993 25.117 22.2971 3.37411 155.626
82.7993 25.1036 22.329 3.37521 155.594
82.8993 25.0903 22.3608 3.3763 155.562
82.9993 25.0769 22.3927 3.37737 155.53
83.0993 25.0634 22.4246 3.37844 155.498
83.1993 25.0499 22.4564 3.3795 155.467
83.2993 25.0363 22.4883 3.38055 155.435
83.3993 25.0227 22.5202 3.38159 155.403
83.4993 25.009 22.5521 3.38262 155.371
83.5993 24.9953 22.584 3.38363 155.339
83.6993 24.9815 22.6159 3.38464 155.307
83.7993 24.9676 22.6478 3.38564 155.275
83.8993 24.9538 22.6798 3.38663 155.243
83.9993 24.9398 22.7117 3.38761 155.211
84.0993 24.9259 22.7436 3.38857 155.179
84.1993 24.9118 22.7756 3.38953 155.147
84.2993 24.8977 22.8075 3.39048 155.115
84.3993 24.8836 22.8395 3.39142 155.084
84.4993 24.8694 22.8714 3.39235 155.052
84.5993 24.8552 22.9034 3.39326 155.02
84.6993 24.8409 22.9354 3.39417 154.988
84.7993 24.8266 22.9673 3.39507 154.956
84.8993 24.8122 22.9993 3.39596 154.924
84.9993 24.7978 23.0313 3.39683 154.892
85.0993 24.7833 23.0633 3.3977 154.86
85.1993 24.7688 23.0953 3.39856 154.828
85.2993 24.7542 23.1273 3.39941 154.796
85.3993 24.7396 23.1593 3.40024 154.764
85.4993 24.7249 23.1913 3.40107 154.732
85.5993 24.7102 23.2233 3.40189 154.7
85.6993 24.6954 23.2553 3.40269 154.668
85.7993 24.6806 23.2873 3.40349 154.636
85.8993 24.6658 23.3194 3.40428 154.604
85.9993 24.6509 23.3514 3.40505 154.572
86.0993 24.6359 23.3834 3.40582 154.54
86.1993 24.6209 23.4155 3.40657 154.508
86.2993 24.6058 23.4475 3.40732 154.476
86.3993 24.5907 23.4795 3.40806 154.443
86.4993 24.5756 23.5116 3.40878 154.411
86.5993 24.5604 23.5436 3.4095 154.379
86.6992 24.5451 23.5757 3.4102 154.347
86.7992 24.5299 23.6077 3.4109 154.315
86.8992 24.5145 23.6398 3.41158 154.283
86.9992 24.4991 23.6719 3.41226 154.251
87.0992 24.4837 23.7039 3.41292 154.219
87.1992 24.4682 23.736 3.41358 154.187
87.2992 24.4527 23.7681 3.41422 154.155
87.3992 24.4372 23.8001 3.41485 154.123
87.4992 24.4215 23.8322 3.41548 154.091
87.5992 24.4059 23.8643 3.41609 154.059
87.6992 24.3902 23.8964 3.41669 154.027
87.7992 24.3744 23.9285 3.41729 153.995
87.8992 24.3586 23.9605 3.41787 153.962
87.9992 24.3428 23.9926 3.41844 153.93
88.0992 24.3269 24.0247 3.419 153.898
88.1992 24.311 24.0568 3.41956 153.866
88.2992 24.295 24.0889 3.4201 153.834
88.3992 24.279 24.121 3.42063 153.802
88.4992 24.2629 24.1531 3.42115 153.77
88.5992 24.2468 24.1852 3.42166 153.738
88.6992 24.2306 24.2173 3.42216 153.706
88.7992 24.2144 24.2494 3.42265 153.674
88.8992 24.1982 24.2815 3.42313 153.642
88.9992 24.1819 24.3136 3.4236 153.609
89.0992 24.1656 24.3457 3.42406 153.577
89.1992 24.1492 24.3778 3.42451 153.545
89.2992 24.1328 24.4099 3.42495 153.513
89.3992 24.1163 24.442 3.42538 153.481
89.4992 24.0998 24.4741 3.4258 153.449
89.5992 24.0833 24.5062 3.4262 153.417
89.6992 24.0667 24.5383 3.4266 153.385
89.7992 24.05 24.5704 3.42699 153.353
89.8992 24.0333 24.6026 3.42737 153.32
89.9992 24.0166 24.6347 3.42773 153.288
90.0992 23.9999 24.6668 3.42809 153.256
90.1992 23.983 24.6989 3.42844 153.224
90.2992 23.9662 24.731 3.42877 153.192
90.3992 23.9493 24.7631 3.4291 153.16
90.4992 23.9324 24.7952 3.42941 153.128
90.5992 23.9154 24.8273 3.42972 153.096
90.6992 23.8984 24.8594 3.43001 153.064
90.7992 23.8813 24.8915 3.43029 153.032
90.8992 23.8642 24.9236 3.43057 152.999
90.9992 23.847 24.9557 3.43083 152.967
91.0992 23.8299 24.9878 3.43108 152.935
91.1992 23.8126 25.0199 3.43133 152.903
91.2992 23.7953 25.052 3.43156 152.871
91.3992 23.778 25.0841 3.43178 152.839
91.4992 23.7607 25.1162 3.43199 152.807
91.5992 23.7433 25.1483 3.43219 152.775
91.6992 23.7258 25.1804 3.43238 152.743
91.7992 23.7084 25.2125 3.43256 152.711
91.8992 23.6908 25.2446 3.43273 152.678
91.9992 23.6733 25.2767 3.43289 152.646
92.0992 23.6557 25.3088 3.43304 152.614
92.1992 23.638 25.3409 3.43318 152.582
92.2992 23.6204 25.3729 3.4333 152.55
92.3992 23.6026 25.405 3.43342 152.518
92.4992 23.5849 25.4371 3.43353 152.486
92.5992 23.5671 25.4692 3.43362 152.454
92.6992 23.5492 25.5013 3.43371 152.422
92.7992 23.5313 25.5333 3.43379 152.39
92.8992 23.5134 25.5654 3.43385 152.358
92.9992 23.4955 25.5975 3.43391 152.326
93.0992 23.4774 25.6295 3.43395 152.293
93.1992 23.4594 25.6616 3.43398 152.261
93.2991 23.4413 25.6936 3.43401 152.229
93.3991 23.4232 25.7257 3.43402 152.197
93.4991 23.405 25.7577 3.43402 152.165
93.5991 23.3868 25.7898 3.43401 152.133
93.6991 23.3686 25.8218 3.43399 152.101
93.7991 23.3503 25.8539 3.43397 152.069
93.8991 23.332 25.8859 3.43393 152.037
93.9991 23.3137 25.9179 3.43388 152.005
94.0991 23.2953 25.95 3.43382 151.973
94.1991 23.2768 25.982 3.43374 151.941
94.2991 23.2584 26.014 3.43366 151.909
94.3991 23.2398 26.046 3.43357 151.877
94.4991 23.2213 26.078 3.43347 151.845
94.5991 23.2027 26.11 3.43336 151.813
94.6991 23.1841 26.142 3.43323 151.781
94.7991 23.1654 26.174 3.4331 151.749
94.8991 23.1467 26.206 3.43295 151.717
94.9991 23.128 26.238 3.4328 151.685
95.0991 23.1092 26.27 3.43263 151.653
95.1991 23.0904 26.302 3.43246 151.621
95.2991 23.0716 26.334 3.43227 151.589
95.3991 23.0527 26.3659 3.43207 151.557
95.4991 23.0337 26.3979 3.43186 151.525
95.5991 23.0148 26.4299 3.43165 151.493
95.6991 22.9958 26.4618 3.43142 151.461
95.7991 22.9767 26.4937 3.43118 151.429
95.8991 22.9577 26.5257 3.43093 151.397
95.9991 22.9386 26.5576 3.43067 151.365
96.0991 22.9194 26.5896 3.4304 151.333
96.1991 22.9002 26.6215 3.43012 151.302
96.2991 22.881 26.6534 3.42982 151.27
96.3991 22.8618 26.6853 3.42952 151.238
96.4991 22.8425 26.7172 3.42921 151.206
96.5991 22.8231 26.7491 3.42888 151.174
96.6991 22.8038 26.781 3.42855 151.142
96.7991 22.7844 26.8129 3.4282 151.11
96.8991 22.7649 26.8448 3.42785 151.078
96.9991 22.7455 26.8766 3.42748 151.046
97.0991 22.726 26.9085 3.42711 151.015
97.1991 22.7064 26.9404 3.42672 150.983
97.2991 22.6868 26.9722 3.42632 150.951
97.3991 22.6672 27.0041 3.42591 150.919
97.4991 22.6476 27.0359 3.42549 150.887
97.5991 22.6279 27.0677 3.42506 150.855
97.6991 22.6082 27.0995 3.42462 150.823
97.7991 22.5884 27.1314 3.42417 150.792
97.8991 22.5686 27.1632 3.42371 150.76
97.9991 22.5488 27.195 3.42324 150.728
98.0991 22.5289 27.2268 3.42276 150.696
98.1991 22.5091 27.2585 3.42227 150.664
98.2991 22.4891 27.2903 3.42176 150.633
98.3991 22.4692 27.3221 3.42125 150.601
98.4991 22.4492 27.3538 3.42072 150.569
98.5991 22.4291 27.3856 3.42019 150.537
98.6991 22.4091 27.4173 3.41964 150.506
98.7991 22.389 27.4491 3.41908 150.474
98.8991 22.3688 27.4808 3.41852 150.442
98.9991 22.3487 27.5125 3.41794 150.411
99.0991 22.3285 27.5442 3.41735 150.379
99.1991 22.3082 27.5759 3.41675 150.347
99.2991 22.288 27.6076 3.41614 150.315
99.3991 22.2677 27.6393 3.41552 150.284
99.4991 22.2473 27.671 3.41489 150.252
99.5991 22.2269 27.7026 3.41425 150.22
99.6991 22.2065 27.7343 3.4136 150.189
99.799 22.1861 27.7659 3.41293 150.157
99.899 22.1656 27.7976 3.41226 150.125
99.999 22.1451 27.8292 3.41158 150.094
100.099 22.1246 27.8608 3.41088 150.062
100.199 22.104 27.8924 3.41018 150.031
100.299 22.0834 27.924 3.40946 149.999
100.399 22.0628 27.9556 3.40873 149.967
100.499 22.0421 27.9872 3.408 149.936
100.599 22.0214 28.0187 3.40725 149.904
100.699 22.0007 28.0503 3.40649 149.873
100.799 21.9799 28.0818 3.40572 149.841
100.899 21.9591 28.1134 3.40494 149.81
100.999 21.9383 28.1449 3.40415 149.778
101.099 21.9174 28.1764 3.40335 149.747
101.199 21.8965 28.2079 3.40254 149.715
101.299 21.8756 28.2394 3.40172 149.684
101.399 21.8547 28.2709 3.40088 149.652
101.499 21.8337 28.3023 3.40004 149.621
101.599 21.8126 28.3338 3.39919 149.589
101.699 21.7916 28.3653 3.39832 149.558
101.799 21.7705 28.3967 3.39745 149.526
101.899 21.7494 28.4281 3.39656 149.495
101.999 21.7282 28.4595 3.39566 149.463
102.099 21.7071 28.4909 3.39476 149.432
102.199 21.6858 28.5223 3.39384 149.401
102.299 21.6646 28.5537 3.39291 149.369
102.399 21.6433 28.5851 3.39197 149.338
102.499 21.622 28.6164 3.39102 149.307
102.599 21.6007 28.6477 3.39006 149.275
102.699 21.5793 28.6791 3.38909 149.244
102.799 21.5579 28.7104 3.38811 149.213
102.899 21.5365 28.7417 3.38712 149.181
102.999 21.515 28.773 3.38611 149.15
103.099 21.4936 28.8043 3.3851 149.119
103.199 21.472 28.8355 3.38407 149.087
103.299 21.4505 28.8668 3.38304 149.056
103.399 21.4289 28.898 3.38199 149.025
103.499 21.4073 28.9293 3.38094 148.994
103.599 21.3857 28.9605 3.37987 148.963
103.699 21.364 28.9917 3.37879 148.931
103.799 21.3423 29.0229 3.3777 148.9
103.899 21.3206 29.054 3.3766 148.869
103.999 21.2988 29.0852 3.3755 148.838
104.099 21.277 29.1163 3.37438 148.807
104.199 21.2552 29.1475 3.37324 148.776
104.299 21.2333 29.1786 3.3721 148.744
104.399 21.2115 29.2097 3.37095 148.713
104.499 21.1896 29.2408 3.36979 148.682
104.599 21.1676 29.2719 3.36861 148.651
104.699 21.1457 29.3029 3.36743 148.62
104.799 21.1237 29.334 3.36624 148.589
104.899 21.1016 29.365 3.36503 148.558
104.999 21.0796 29.396 3.36381 148.527
105.099 21.0575 29.4271 3.36259 148.496
105.199 21.0354 29.458 3.36135 148.465
105.299 21.0132 29.489 3.3601 148.434
105.399 20.9911 29.52 3.35884 148.403
105.499 20.9689 29.5509 3.35757 148.372
105.599 20.9466 29.5819 3.35629 148.341
105.699 20.9244 29.6128 3.355 148.31
105.799 20.9021 29.6437 3.3537 148.279
105.899 20.8798 29.6746 3.35239 148.248
105.999 20.8575 29.7054 3.35107 148.218
106.099 20.8351 29.7363 3.34974 148.187
106.199 20.8127 29.7671 3.34839 148.156
106.299 20.7903 29.798 3.34704 148.125
106.399 20.7678 29.8288 3.34567 148.094
106.499 20.7453 29.8596 3.3443 148.063
106.599 20.7228 29.8904 3.34291 148.033
106.699 20.7003 29.9211 3.34151 148.002
106.799 20.6777 29.9519 3.34011 147.971
106.899 20.6551 29.9826 3.33869 147.94
106.999 20.6325 30.0133 3.33726 147.91
107.099 20.6099 30.044 3.33582 147.879
107.199 20.5872 30.0747 3.33437 147.848
107.299 20.5645 30.1053 3.33291 147.818
107.399 20.5418 30.136 3.33144 147.787
107.499 20.519 30.1666 3.32996 147.756
107.599 20.4962 30.1972 3.32846 147.726
107.699 20.4734 30.2278 3.32696 147.695
107.799 20.4506 30.2584 3.32545 147.665
107.899 20.4277 30.289 3.32392 147.634
107.999 20.4048 30.3195 3.32239 147.603
108.099 20.3819 30.35 3.32084 147.573
108.199 20.3589 30.3806 3.31929 147.542
108.299 20.336 30.4111 3.31772 147.512
108.399 20.313 30.4415 3.31614 147.481
108.499 20.29 30.472 3.31456 147.451
108.599 20.2669 30.5024 3.31296 147.421
108.699 20.2438 30.5328 3.31135 147.39
108.799 20.2207 30.5633 3.30973 147.36
108.899 20.1976 30.5936 3.3081 147.329
108.999 20.1744 30.624 3.30646 147.299
109.099 20.1513 30.6544 3.30481 147.269
109.199 20.128 30.6847 3.30314 147.238
109.299 20.1048 30.715 3.30147 147.208
109.399 20.0815 30.7453 3.29979 147.178
109.499 20.0583 30.7756 3.29809 147.147
109.599 20.0349 30.8058 3.29639 147.117
109.699 20.0116 30.8361 3.29467 147.087
109.799 19.9882 30.8663 3.29295 147.057
109.899 19.9649 30.8965 3.29121 147.027
109.999 19.9414 30.9267 3.28947 146.996
110.099 19.918 30.9568 3.28771 146.966
110.199 19.8945 30.987 3.28594 146.936
110.299 19.871 31.0171 3.28416 146.906
110.399 19.8475 31.0472 3.28237 146.876
110.499 19.824 31.0773 3.28057 146.846
110.599 19.8004 31.1074 3.27876 146.816
110.699 19.7768 31.1374 3.27694 146.786
110.799 19.7532 31.1674 3.27511 146.756
110.899 19.7296 31.1974 3.27327 146.726
110.999 19.7059 31.2274 3.27142 146.696
111.099 19.6822 31.2574 3.26955 146.666
111.199 19.6585 31.2873 3.26768 146.636
111.299 19.6348 31.3172 3.2658 146.606
111.399 19.611 31.3472 3.2639 146.576
111.499 19.5872 31.377 3.262 146.546
111.599 19.5634 31.4069 3.26008 146.516
111.699 19.5396 31.4367 3.25816 146.486
111.799 19.5157 31.4666 3.25622 146.456
111.899 19.4918 31.4964 3.25427 146.427
111.999 19.4679 31.5262 3.25231 146.397
112.099 19.444 31.5559 3.25035 146.367
112.199 19.42 31.5856 3.24837 146.337
112.299 19.396 31.6154 3.24638 146.308
112.399 19.372 31.6451 3.24438 146.278
112.499 19.348 31.6747 3.24237 146.248
112.599 19.3239 31.7044 3.24035 146.219
112.699 19.2998 31.734 3.23832 146.189
112.799 19.2757 31.7636 3.23627 146.159
112.899 19.2516 31.7932 3.23422 146.13
112.999 19.2275 31.8228 3.23216 146.1
113.099 19.2033 31.8523 3.23009 146.071
113.199 19.1791 31.8819 3.228 146.041
113.299 19.1549 31.9114 3.22591 146.012
113.399 19.1306 31.9408 3.2238 145.982
113.499 19.1064 31.9703 3.22169 145.953
113.599 19.0821 31.9997 3.21956 145.923
113.699 19.0578 32.0291 3.21743 145.894
113.799 19.0334 32.0585 3.21528 145.864
113.899 19.0091 32.0879 3.21312 145.835
113.999 18.9847 32.1172 3.21096 145.806
114.099 18.9603 32.1466 3.20878 145.776
114.199 18.9359 32.1759 3.20659 145.747
114.299 18.9114 32.2051 3.20439 145.718
114.399 18.8869 32.2344 3.20218 145.689
114.499 18.8624 32.2636 3.19996 145.659
114.599 18.8379 32.2928 3.19773 145.63
114.699 18.8134 32.322 3.19549 145.601
114.799 18.7888 32.3512 3.19324 145.572
114.899 18.7642 32.3803 3.19098 145.543
114.999 18.7396 32.4094 3.18871 145.514
115.099 18.715 32.4385 3.18643 145.485
115.199 18.6903 32.4676 3.18413 145.455
115.299 18.6657 32.4966 3.18183 145.426
115.399 18.641 32.5256 3.17952 145.397
115.499 18.6162 32.5546 3.17719 145.368
115.599 18.5915 32.5836 3.17486 145.339
115.699 18.5667 32.6125 3.17252 145.31
115.799 18.5419 32.6414 3.17016 145.282
115.899 18.5171 32.6703 3.1678 145.253
115.999 18.4923 32.6992 3.16542 145.224
116.099 18.4675 32.7281 3.16303 145.195
116.199 18.4426 32.7569 3.16064 145.166
116.299 18.4177 32.7857 3.15823 145.137
116.399 18.3928 32.8144 3.15582 145.109
116.499 18.3678 32.8432 3.15339 145.08
116.599 18.3429 32.8719 3.15095 145.051
116.699 18.3179 32.9006 3.1485 145.022
116.799 18.2929 32.9293 3.14604 144.994
116.899 18.2679 32.9579 3.14358 144.965
116.999 18.2428 32.9866 3.1411 144.936
117.099 18.2178 33.0151 3.13861 144.908
117.199 18.1927 33.0437 3.13611 144.879
117.299 18.1676 33.0723 3.1336 144.851
117.399 18.1425 33.1008 3.13108 144.822
117.499 18.1173 33.1293 3.12855 144.794
117.599 18.0921 33.1577 3.12601 144.765
117.699 18.0669 33.1862 3.12346 144.737
117.799 18.0417 33.2146 3.12089 144.708
117.899 18.0165 33.243 3.11832 144.68
117.999 17.9912 33.2714 3.11574 144.652
118.099 17.966 33.2997 3.11315 144.623
118.199 17.9407 33.328 3.11055 144.595
118.299 17.9154 33.3563 3.10793 144.567
118.399 17.89 33.3845 3.10531 144.538
118.499 17.8647 33.4128 3.10268 144.51
118.599 17.8393 33.441 3.10004 144.482
118.699 17.8139 33.4692 3.09738 144.454
118.799 17.7885 33.4973 3.09472 144.426
118.899 17.763 33.5254 3.09204 144.398
118.999 17.7376 33.5535 3.08936 144.369
119.099 17.7121 33.5816 3.08667 144.341
119.199 17.6866 33.6096 3.08396 144.313
119.299 17.6611 33.6376 3.08125 144.285
119.399 17.6356 33.6656 3.07852 144.257
119.499 17.61 33.6936 3.07579 144.229
119.599 17.5844 33.7215 3.07304 144.201
119.699 17.5588 33.7494 3.07029 144.174
119.799 17.5332 33.7773 3.06752 144.146
119.899 17.5076 33.8052 3.06475 144.118
119.999 17.4819 33.833 3.06196 144.09
120.099 17.4563 33.8608 3.05916 144.062
120.199 17.4306 33.8885 3.05636 144.034
120.299 17.4049 33.9163 3.05354 144.007
120.399 17.3791 33.944 3.05071 143.979
120.499 17.3534 33.9717 3.04788 143.951
120.599 17.3276 33.9993 3.04503 143.924
120.699 17.3018 34.0269 3.04217 143.896
120.799 17.276 34.0545 3.03931 143.868
120.899 17.2502 34.0821 3.03643 143.841
120.999 17.2243 34.1096 3.03354 143.813
121.099 17.1985 34.1371 3.03065 143.786
121.199 17.1726 34.1646 3.02774 143.758
121.299 17.1467 34.1921 3.02482 143.731
121.399 17.1207 34.2195 3.0219 143.704
121.499 17.0948 34.2469 3.01896 143.676
121.599 17.0688 34.2742 3.01601 143.649
121.699 17.0429 34.3016 3.01305 143.621
121.799 17.0169 34.3289 3.01009 143.594
121.899 16.9908 34.3562 3.00711 143.567
121.999 16.9648 34.3834 3.00412 143.54
122.099 16.9388 34.4106 3.00112 143.512
122.199 16.9127 34.4378 2.99812 143.485
122.299 16.8866 34.465 2.9951 143.458
122.399 16.8605 34.4921 2.99207 143.431
122.499 16.8344 34.5192 2.98903 143.404
122.599 16.8082 34.5462 2.98599 143.377
122.699 16.782 34.5733 2.98293 143.35
122.799 16.7559 34.6003 2.97986 143.323
122.899 16.7297 34.6272 2.97679 143.296
122.999 16.7034 34.6542 2.9737 143.269
123.099 16.6772 34.6811 2.9706 143.242
123.199 16.651 34.708 2.96749 143.215
123.299 16.6247 34.7348 2.96438 143.188
123.399 16.5984 34.7617 2.96125 143.161
123.499 16.5721 34.7885 2.95811 143.135
123.599 16.5458 34.8152 2.95497 143.108
123.699 16.5194 34.8419 2.95181 143.081
123.799 16.4931 34.8686 2.94864 143.054
123.899 16.4667 34.8953 2.94547 143.028
123.999 16.4403 34.9219 2.94228 143.001
124.099 16.4139 34.9485 2.93908 142.974
124.199 16.3874 34.9751 2.93588 142.948
124.299 16.361 35.0017 2.93266 142.921
124.399 16.3345 35.0282 2.92944 142.895
124.499 16.308 35.0546 2.9262 142.868
124.599 16.2815 35.0811 2.92296 142.842
124.699 16.255 35.1075 2.9197 142.816
124.799 16.2285 35.1339 2.91644 142.789
124.899 16.2019 35.1602 2.91316 142.763
124.999 16.1754 35.1865 2.90988 142.736
125.099 16.1488 35.2128 2.90658 142.71
125.199 16.1222 35.2391 2.90328 142.684
125.299 16.0955 35.2653 2.89997 142.658
125.399 16.0689 35.2915 2.89664 142.632
125.499 16.0423 35.3177 2.89331 142.605
125.599 16.0156 35.3438 2.88997 142.579
125.699 15.9889 35.3699 2.88661 142.553
125.799 15.9622 35.3959 2.88325 142.527
125.899 15.9355 35.422 2.87988 142.501
125.999 15.9087 35.4479 2.8765 142.475
126.099 15.882 35.4739 2.87311 142.449
126.199 15.8552 35.4998 2.86971 142.423
126.299 15.8284 35.5257 2.86629 142.397
126.399 15.8016 35.5516 2.86287 142.371
126.499 15.7748 35.5774 2.85944 142.346
126.599 15.748 35.6032 2.856 142.32
126.699 15.7211 35.629 2.85255 142.294
126.799 15.6942 35.6547 2.8491 142.268
126.899 15.6673 35.6804 2.84563 142.243
126.999 15.6404 35.7061 2.84215 142.217
127.099 15.6135 35.7317 2.83866 142.191
127.199 15.5866 35.7573 2.83516 142.166
127.299 15.5596 35.7828 2.83166 142.14
127.399 15.5327 35.8084 2.82814 142.115
127.499 15.5057 35.8338 2.82461 142.089
127.599 15.4787 35.8593 2.82108 142.064
127.699 15.4517 35.8847 2.81753 142.038
127.799 15.4247 35.9101 2.81398 142.013
127.899 15.3976 35.9355 2.81041 141.988
127.999 15.3705 35.9608 2.80684 141.962
128.099 15.3435 35.9861 2.80326 141.937
128.199 15.3164 36.0113 2.79966 141.912
128.299 15.2893 36.0365 2.79606 141.886
128.399 15.2621 36.0617 2.79245 141.861
128.499 15.235 36.0869 2.78883 141.836
128.599 15.2078 36.112 2.7852 141.811
128.699 15.1807 36.1371 2.78156 141.786
128.799 15.1535 36.1621 2.77791 141.761
128.899 15.1263 36.1871 2.77425 141.736
128.999 15.0991 36.2121 2.77058 141.711
129.099 15.0718 36.237 2.7669 141.686
129.199 15.0446 36.2619 2.76321 141.661
129.299 15.0173 36.2868 2.75951 141.636
129.399 14.99 36.3116 2.75581 141.611
129.499 14.9627 36.3364 2.75209 141.587
129.599 14.9354 36.3612 2.74837 141.562
129.699 14.9081 36.3859 2.74463 141.537
129.799 14.8808 36.4106 2.74089 141.512
129.899 14.8534 36.4352 2.73714 141.488
129.999 14.826 36.4599 2.73337 141.463
130.099 14.7987 36.4844 2.7296 141.439
130.199 14.7713 36.509 2.72582 141.414
130.299 14.7438 36.5335 2.72203 141.39
130.399 14.7164 36.558 2.71823 141.365
130.499 14.689 36.5824 2.71442 141.341
130.599 14.6615 36.6068 2.7106 141.316
130.699 14.634 36.6312 2.70678 141.292
130.799 14.6066 36.6555 2.70294 141.268
130.899 14.5791 36.6798 2.69909 141.243
130.999 14.5515 36.704 2.69524 141.219
131.099 14.524 36.7282 2.69137 141.195
131.199 14.4965 36.7524 2.6875 141.171
131.299 14.4689 36.7766 2.68362 141.146
131.399 14.4413 36.8007 2.67973 141.122
131.499 14.4138 36.8247 2.67582 141.098
131.599 14.3862 36.8488 2.67191 141.074
131.699 14.3585 36.8728 2.668 141.05
131.799 14.3309 36.8967 2.66407 141.026
131.899 14.3033 36.9206 2.66013 141.002
131.999 14.2756 36.9445 2.65618 140.978
132.099 14.2479 36.9684 2.65223 140.955
132.199 14.2202 36.9922 2.64826 140.931
132.299 14.1925 37.0159 2.64429 140.907
132.399 14.1648 37.0397 2.64031 140.883
132.499 14.1371 37.0634 2.63631 140.86
132.599 14.1094 37.087 2.63231 140.836
132.699 14.0816 37.1106 2.6283 140.812
132.799 14.0538 37.1342 2.62428 140.789
132.899 14.0261 37.1578 2.62026 140.765
132.999 13.9983 37.1813 2.61622 140.742
133.099 13.9705 37.2047 2.61217 140.718
133.199 13.9426 37.2282 2.60812 140.695
133.299 13.9148 37.2515 2.60405 140.671
133.399 13.8869 37.2749 2.59998 140.648
133.499 13.8591 37.2982 2.5959 140.625
133.599 13.8312 37.3215 2.59181 140.602
133.699 13.8033 37.3447 2.58771 140.578
133.799 13.7754 37.3679 2.5836 140.555
133.899 13.7475 37.3911 2.57948 140.532
133.999 13.7196 37.4142 2.57536 140.509
134.099 13.6916 37.4373 2.57122 140.486
134.199 13.6637 37.4603 2.56708 140.463
134.299 13.6357 37.4833 2.56292 140.44
134.399 13.6077 37.5063 2.55876 140.417
134.499 13.5797 37.5292 2.55459 140.394
134.599 13.5517 37.5521 2.55041 140.371
134.699 13.5237 37.5749 2.54622 140.348
134.799 13.4956 37.5977 2.54203 140.325
134.899 13.4676 37.6205 2.53782 140.303
134.999 13.4395 37.6432 2.53361 140.28
135.099 13.4115 37.6659 2.52938 140.257
135.199 13.3834 37.6885 2.52515 140.234
135.299 13.3553 37.7112 2.52091 140.212
135.399 13.3272 37.7337 2.51666 140.189
135.499 13.299 37.7562 2.5124 140.167
135.599 13.2709 37.7787 2.50814 140.144
135.699 13.2428 37.8012 2.50386 140.122
135.799 13.2146 37.8236 2.49958 140.099
135.899 13.1864 37.846 2.49529 140.077
135.999 13.1582 37.8683 2.49098 140.055
136.099 13.13 37.8906 2.48667 140.032
136.199 13.1018 37.9128 2.48236 140.01
136.299 13.0736 37.935 2.47803 139.988
136.399 13.0454 37.9572 2.47369 139.966
136.499 13.0171 37.9793 2.46935 139.944
136.599 12.9888 38.0014 2.465 139.922
136.699 12.9606 38.0234 2.46064 139.9
136.799 12.9323 38.0454 2.45627 139.878
136.899 12.904 38.0674 2.45189 139.856
136.999 12.8757 38.0893 2.4475 139.834
137.099 12.8474 38.1112 2.4431 139.812
137.199 12.819 38.133 2.4387 139.79
137.299 12.7907 38.1548 2.43429 139.768
137.399 12.7623 38.1766 2.42987 139.746
137.499 12.7339 38.1983 2.42544 139.725
137.599 12.7056 38.22 2.421 139.703
137.699 12.6772 38.2416 2.41656 139.681
137.799 12.6488 38.2632 2.4121 139.66
137.899 12.6203 38.2847 2.40764 139.638
137.999 12.5919 38.3063 2.40317 139.617
138.099 12.5635 38.3277 2.39869 139.595
138.199 12.535 38.3491 2.3942 139.574
138.299 12.5066 38.3705 2.3897 139.552
138.399 12.4781 38.3919 2.3852 139.531
138.499 12.4496 38.4132 2.38069 139.51
138.599 12.4211 38.4344 2.37617 139.489
138.699 12.3926 38.4556 2.37164 139.467
138.799 12.3641 38.4768 2.3671 139.446
138.899 12.3355 38.4979 2.36255 139.425
138.999 12.307 38.519 2.358 139.404
139.099 12.2784 38.5401 2.35344 139.383
139.199 12.2499 38.5611 2.34887 139.362
139.299 12.2213 38.582 2.34429 139.341
139.399 12.1927 38.603 2.3397 139.32
139.499 12.1641 38.6238 2.33511 139.299
139.599 12.1355 38.6447 2.33051 139.278
139.699 12.1069 38.6654 2.32589 139.258
139.799 12.0782 38.6862 2.32127 139.237
139.899 12.0496 38.7069 2.31665 139.216
139.999 12.0209 38.7276 2.31201 139.195
140.099 11.9922 38.7482 2.30737 139.175
140.199 11.9636 38.7688 2.30272 139.154
140.299 11.9349 38.7893 2.29806 139.134
140.399 11.9062 38.8098 2.29339 139.113
140.499 11.8775 38.8302 2.28871 139.093
140.599 11.8487 38.8506 2.28403 139.072
140.699 11.82 38.871 2.27934 139.052
140.799 11.7913 38.8913 2.27464 139.032
140.899 11.7625 38.9116 2.26993 139.011
140.999 11.7337 38.9318 2.26522 138.991
141.099 11.705 38.952 2.26049 138.971
141.199 11.6762 38.9721 2.25576 138.951
141.299 11.6474 38.9922 2.25102 138.931
141.399 11.6186 39.0123 2.24628 138.911
141.499 11.5898 39.0323 2.24152 138.891
141.599 11.5609 39.0523 2.23676 138.871
141.699 11.5321 39.0722 2.23199 138.851
141.799 11.5032 39.0921 2.22721 138.831
141.899 11.4744 39.1119 2.22242 138.811
141.999 11.4455 39.1317 2.21763 138.791
142.099 11.4166 39.1515 2.21283 138.772
142.199 11.3877 39.1712 2.20802 138.752
142.299 11.3588 39.1908 2.2032 138.732
142.399 11.3299 39.2104 2.19838 138.713
142.499 11.301 39.23 2.19354 138.693
142.6 11.2721 39.2495 2.1887 138.673
142.7 11.2431 39.269 2.18385 138.654
142.8 11.2142 39.2884 2.179 138.635
142.9 11.1852 39.3078 2.17414 138.615
143 11.1562 39.3272 2.16926 138.596
143.1 11.1273 39.3465 2.16439 138.577
143.2 11.0983 39.3657 2.1595 138.557
143.3 11.0693 39.385 2.15461 138.538
143.4 11.0403 39.4041 2.1497 138.519
143.5 11.0112 39.4232 2.14479 138.5
143.6 10.9822 39.4423 2.13988 138.481
143.7 10.9532 39.4614 2.13495 138.462
143.8 10.9241 39.4803 2.13002 138.443
143.9 10.8951 39.4993 2.12508 138.424
144 10.866 39.5182 2.12014 138.405
144.1 10.8369 39.537 2.11518 138.386
144.2 10.8078 39.5558 2.11022 138.367
144.3 10.7787 39.5746 2.10525 138.348
144.4 10.7496 39.5933 2.10028 138.33
144.5 10.7205 39.612 2.09529 138.311
144.6 10.6914 39.6306 2.0903 138.292
144.7 10.6622 39.6492 2.0853 138.274
144.8 10.6331 39.6677 2.0803 138.255
144.9 10.6039 39.6862 2.07528 138.237
145 10.5748 39.7046 2.07026 138.218
145.1 10.5456 39.723 2.06524 138.2
145.2 10.5164 39.7414 2.0602 138.182
145.3 10.4872 39.7597 2.05516 138.163
145.4 10.458 39.7779 2.05011 138.145
145.5 10.4288 39.7962 2.04505 138.127
145.6 10.3996 39.8143 2.03999 138.109
145.7 10.3703 39.8324 2.03492 138.091
145.8 10.3411 39.8505 2.02984 138.073
145.9 10.3118 39.8685 2.02475 138.054
146 10.2826 39.8865 2.01966 138.036
146.1 10.2533 39.9045 2.01456 138.019
146.2 10.224 39.9223 2.00945 138.001
146.3 10.1948 39.9402 2.00434 137.983
146.4 10.1655 39.958 1.99922 137.965
146.5 10.1362 39.9757 1.99409 137.947
146.6 10.1069 39.9934 1.98895 137.93
146.7 10.0775 40.0111 1.98381 137.912
146.8 10.0482 40.0287 1.97866 137.894
146.9 10.0189 40.0462 1.97351 137.877
147 9.98953 40.0637 1.96834 137.859
147.1 9.96017 40.0812 1.96317 137.842
147.2 9.93081 40.0986 1.95799 137.824
147.3 9.90144 40.116 1.95281 137.807
147.4 9.87206 40.1333 1.94762 137.79
147.5 9.84267 40.1506 1.94242 137.772
147.6 9.81327 40.1678 1.93722 137.755
147.7 9.78386 40.185 1.932 137.738
147.8 9.75445 40.2022 1.92679 137.721
147.9 9.72503 40.2192 1.92156 137.704
148 9.69559 40.2363 1.91633 137.687
148.1 9.66615 40.2533 1.91109 137.67
148.2 9.63671 40.2702 1.90584 137.653
148.3 9.60725 40.2871 1.90059 137.636
148.4 9.57778 40.304 1.89533 137.619
148.5 9.54831 40.3208 1.89006 137.602
148.6 9.51883 40.3375 1.88479 137.586
148.7 9.48934 40.3542 1.87951 137.569
148.8 9.45984 40.3709 1.87422 137.552
148.9 9.43034 40.3875 1.86893 137.536
149 9.40082 40.4041 1.86363 137.519
149.1 9.3713 40.4206 1.85833 137.502
149.2 9.34177 40.437 1.85301 137.486
149.3 9.31223 40.4535 1.84769 137.47
149.4 9.28269 40.4698 1.84237 137.453
149.5 9.25313 40.4861 1.83704 137.437
149.6 9.22357 40.5024 1.8317 137.421
149.7 9.194 40.5186 1.82635 137.404
149.8 9.16442 40.5348 1.821 137.388
149.9 9.13484 40.5509 1.81564 137.372
150 9.10524 40.567 1.81028 137.356
150.1 9.07564 40.5831 1.8049 137.34
150.2 9.04603 40.599 1.79953 137.324
150.3 9.01642 40.615 1.79414 137.308
150.4 8.98679 40.6309 1.78875 137.292
150.5 8.95716 40.6467 1.78335 137.276
150.6 8.92752 40.6625 1.77795 137.261
150.7 8.89787 40.6782 1.77254 137.245
150.8 8.86822 40.6939 1.76712 137.229
150.9 8.83855 40.7095 1.7617 137.213
151 8.80888 40.7251 1.75627 137.198
151.1 8.77921 40.7407 1.75084 137.182
151.2 8.74952 40.7562 1.7454 137.167
151.3 8.71983 40.7716 1.73995 137.151
151.4 8.69013 40.787 1.7345 137.136
151.5 8.66042 40.8024 1.72904 137.121
151.6 8.63071 40.8177 1.72357 137.105
151.7 8.60099 40.8329 1.7181 137.09
151.8 8.57126 40.8481 1.71262 137.075
151.9 8.54152 40.8633 1.70714 137.06
152 8.51178 40.8784 1.70164 137.045
152.1 8.48203 40.8934 1.69615 137.03
152.2 8.45227 40.9084 1.69065 137.015
152.3 8.4225 40.9234 1.68514 137
152.4 8.39273 40.9383 1.67962 136.985
152.5 8.36295 40.9531 1.6741 136.97
152.6 8.33317 40.9679 1.66857 136.955
152.7 8.30337 40.9827 1.66304 136.94
152.8 8.27357 40.9974 1.6575 136.926
152.9 8.24377 41.012 1.65196 136.911
153 8.21395 41.0266 1.64641 136.896
153.1 8.18413 41.0412 1.64085 136.882
153.2 8.1543 41.0557 1.63529 136.867
153.3 8.12447 41.0701 1.62972 136.853
153.4 8.09463 41.0845 1.62415 136.838
153.5 8.06478 41.0989 1.61857 136.824
153.6 8.03492 41.1132 1.61298 136.81
153.7 8.00506 41.1274 1.60739 136.796
153.8 7.97519 41.1416 1.60179 136.781
153.9 7.94532 41.1558 1.59619 136.767
154 7.91543 41.1699 1.59058 136.753
154.1 7.88555 41.1839 1.58497 136.739
154.2 7.85565 41.1979 1.57935 136.725
154.3 7.82575 41.2119 1.57372 136.711
154.4 7.79584 41.2258 1.56809 136.697
154.5 7.76593 41.2396 1.56245 136.683
154.6 7.73601 41.2534 1.55681 136.67
154.7 7.70608 41.2672 1.55116 136.656
154.8 7.67614 41.2809 1.54551 136.642
154.9 7.6462 41.2945 1.53985 136.628
155 7.61626 41.3081 1.53419 136.615
155.1 7.5863 41.3217 1.52852 136.601
155.2 7.55634 41.3352 1.52284 136.588
155.3 7.52638 41.3486 1.51716 136.574
155.4 7.49641 41.362 1.51147 136.561
155.5 7.46643 41.3753 1.50578 136.548
155.6 7.43644 41.3886 1.50008 136.534
155.7 7.40645 41.4019 1.49438 136.521
155.8 7.37646 41.4151 1.48867 136.508
155.9 7.34645 41.4282 1.48296 136.495
156 7.31644 41.4413 1.47724 136.482
156.1 7.28643 41.4543 1.47152 136.469
156.2 7.25641 41.4673 1.46579 136.456
156.3 7.22638 41.4802 1.46005 136.443
156.4 7.19635 41.4931 1.45431 136.43
156.5 7.16631 41.506 1.44857 136.417
156.6 7.13626 41.5187 1.44282 136.404
156.7 7.10621 41.5315 1.43706 136.392
156.8 7.07616 41.5441 1.4313 136.379
156.9 7.04609 41.5568 1.42553 136.366
157 7.01603 41.5693 1.41976 136.354
157.1 6.98595 41.5818 1.41399 136.341
157.2 6.95587 41.5943 1.4082 136.329
157.3 6.92579 41.6067 1.40242 136.316
157.4 6.8957 41.6191 1.39663 136.304
157.5 6.8656 41.6314 1.39083 136.292
157.6 6.8355 41.6437 1.38503 136.279
157.7 6.80539 41.6559 1.37922 136.267
157.8 6.77527 41.668 1.37341 136.255
157.9 6.74515 41.6802 1.36759 136.243
158 6.71503 41.6922 1.36177 136.231
158.1 6.6849 41.7042 1.35595 136.219
158.2 6.65476 41.7162 1.35012 136.207
158.3 6.62462 41.7281 1.34428 136.195
158.4 6.59448 41.7399 1.33844 136.183
158.5 6.56432 41.7517 1.33259 136.171
158.6 6.53417 41.7634 1.32674 136.16
158.7 6.504 41.7751 1.32089 136.148
158.8 6.47383 41.7868 1.31503 136.136
158.9 6.44366 41.7984 1.30916 136.125
159.001 6.41348 41.8099 1.30329 136.113
159.101 6.3833 41.8214 1.29742 136.102
159.201 6.35311 41.8328 1.29154 136.09
159.301 6.32291 41.8442 1.28566 136.079
159.401 6.29271 41.8555 1.27977 136.068
159.501 6.26251 41.8668 1.27387 136.056
159.601 6.2323 41.878 1.26798 136.045
159.701 6.20208 41.8892 1.26207 136.034
159.801 6.17186 41.9003 1.25617 136.023
159.901 6.14164 41.9113 1.25026 136.012
160.001 6.11141 41.9223 1.24434 136.001
160.101 6.08117 41.9333 1.23842 135.99
160.201 6.05094 41.9442 1.2325 135.979
160.301 6.02069 41.955 1.22657 135.968
160.401 5.99044 41.9658 1.22063 135.957
160.501 5.96019 41.9766 1.2147 135.946
160.601 5.92993 41.9873 1.20875 135.936
160.701 5.89966 41.9979 1.20281 135.925
160.801 5.86939 42.0085 1.19686 135.915
160.901 5.83912 42.019 1.1909 135.904
161.001 5.80884 42.0295 1.18494 135.894
161.101 5.77856 42.0399 1.17898 135.883
161.201 5.74827 42.0503 1.17301 135.873
161.301 5.71798 42.0606 1.16704 135.862
161.401 5.68768 42.0709 1.16106 135.852
161.501 5.65738 42.0811 1.15508 135.842
161.601 5.62707 42.0913 1.14909 135.832
161.701 5.59676 42.1014 1.1431 135.822
161.801 5.56644 42.1114 1.13711 135.812
161.901 5.53612 42.1215 1.13111 135.802
162.001 5.5058 42.1314 1.12511 135.792
162.101 5.47547 42.1413 1.11911 135.782
162.201 5.44514 42.1511 1.1131 135.772
162.301 5.4148 42.1609 1.10708 135.762
162.401 5.38446 42.1707 1.10106 135.752
162.501 5.35411 42.1803 1.09504 135.743
162.601 5.32376 42.19 1.08902 135.733
162.701 5.29341 42.1995 1.08299 135.723
162.801 5.26305 42.2091 1.07695 135.714
162.901 5.23268 42.2185 1.07092 135.704
163.001 5.20231 42.228 1.06487 135.695
163.101 5.17194 42.2373 1.05883 135.686
163.201 5.14157 42.2466 1.05278 135.676
163.301 5.11119 42.2559 1.04673 135.667
163.401 5.0808 42.2651 1.04067 135.658
163.501 5.05041 42.2742 1.03461 135.649
163.601 5.02002 42.2833 1.02854 135.64
163.701 4.98962 42.2924 1.02248 135.631
163.801 4.95922 42.3013 1.0164 135.622
163.901 4.92882 42.3103 1.01033 135.613
164.001 4.89841 42.3191 1.00425 135.604
164.101 4.868 42.328 0.998168 135.595
164.201 4.83758 42.3367 0.992081 135.586
164.301 4.80716 42.3455 0.985991 135.578
164.401 4.77674 42.3541 0.979898 135.569
164.501 4.74631 42.3627 0.9738 135.56
164.601 4.71588 42.3713 0.9677 135.552
164.701 4.68544 42.3798 0.961596 135.543
164.801 4.655 42.3882 0.955488 135.535
164.901 4.62456 42.3966 0.949377 135.526
165.001 4.59411 42.405 0.943262 135.518
165.101 4.56366 42.4132 0.937144 135.51
165.201 4.53321 42.4215 0.931023 135.502
165.301 4.50275 42.4296 0.924898 135.493
165.401 4.47229 42.4378 0.91877 135.485
165.501 4.44182 42.4458 0.912638 135.477
165.601 4.41136 42.4538 0.906503 135.469
165.701 4.38088 42.4618 0.900365 135.461
165.801 4.35041 42.4697 0.894224 135.453
165.901 4.31993 42.4776 0.888079 135.445
166.001 4.28945 42.4853 0.881931 135.438
166.101 4.25896 42.4931 0.87578 135.43
166.201 4.22847 42.5008 0.869626 135.422
166.301 4.19798 42.5084 0.863468 135.415
166.401 4.16748 42.516 0.857308 135.407
166.501 4.13698 42.5235 0.851144 135.4
166.601 4.10648 42.531 0.844977 135.392
166.701 4.07598 42.5384 0.838807 135.385
166.801 4.04547 42.5457 0.832634 135.377
166.901 4.01495 42.553 0.826458 135.37
167.001 3.98444 42.5603 0.820279 135.363
167.101 3.95392 42.5675 0.814097 135.356
167.201 3.9234 42.5746 0.807912 135.348
167.301 3.89287 42.5817 0.801724 135.341
167.401 3.86235 42.5888 0.795534 135.334
167.501 3.83181 42.5957 0.78934 135.327
167.601 3.80128 42.6027 0.783143 135.32
167.701 3.77074 42.6095 0.776944 135.313
167.801 3.7402 42.6163 0.770742 135.307
167.901 3.70966 42.6231 0.764537 135.3
168.001 3.67911 42.6298 0.758329 135.293
168.101 3.64856 42.6364 0.752118 135.287
168.201 3.61801 42.643 0.745905 135.28
168.301 3.58746 42.6496 0.739689 135.273
168.401 3.5569 42.6561 0.73347 135.267
168.501 3.52634 42.6625 0.727248 135.261
168.601 3.49578 42.6689 0.721024 135.254
168.701 3.46521 42.6752 0.714798 135.248
168.801 3.43464 42.6814 0.708568 135.242
168.901 3.40407 42.6877 0.702336 135.235
169.001 3.3735 42.6938 0.696102 135.229
169.101 3.34292 42.6999 0.689865 135.223
169.201 3.31234 42.7059 0.683625 135.217
169.301 3.28176 42.7119 0.677383 135.211
169.401 3.25117 42.7179 0.671139 135.205
169.501 3.22059 42.7237 0.664892 135.199
169.601 3.19 42.7296 0.658643 135.193
169.701 3.1594 42.7353 0.652391 135.188
169.801 3.12881 42.7411 0.646137 135.182
169.901 3.09821 42.7467 0.63988 135.176
170.001 3.06761 42.7523 0.633621 135.171
170.101 3.03701 42.7579 0.62736 135.165
170.201 3.0064 42.7634 0.621097 135.16
170.301 2.9758 42.7688 0.614831 135.154
170.401 2.94519 42.7742 0.608563 135.149
170.501 2.91458 42.7795 0.602293 135.144
170.601 2.88396 42.7848 0.59602 135.138
170.701 2.85335 42.79 0.589746 135.133
170.801 2.82273 42.7951 0.583469 135.128
170.901 2.79211 42.8003 0.57719 135.123
171.001 2.76148 42.8053 0.570909 135.118
171.101 2.73086 42.8103 0.564626 135.113
171.201 2.70023 42.8152 0.558341 135.108
171.301 2.6696 42.8201 0.552054 135.103
171.401 2.63897 42.825 0.545765 135.098
171.501 2.60834 42.8297 0.539474 135.093
171.601 2.5777 42.8344 0.533181 135.089
171.701 2.54706 42.8391 0.526886 135.084
171.801 2.51642 42.8437 0.520589 135.079
171.901 2.48578 42.8483 0.51429 135.075
172.001 2.45514 42.8528 0.507989 135.07
172.101 2.42449 42.8572 0.501686 135.066
172.201 2.39385 42.8616 0.495382 135.061
172.301 2.3632 42.8659 0.489076 135.057
172.401 2.33255 42.8702 0.482768 135.053
172.501 2.30189 42.8744 0.476458 135.049
172.601 2.27124 42.8786 0.470146 135.044
172.701 2.24058 42.8827 0.463833 135.04
172.801 2.20992 42.8867 0.457518 135.036
172.901 2.17926 42.8907 0.451202 135.032
173.001 2.1486 42.8947 0.444883 135.028
173.101 2.11794 42.8985 0.438563 135.024
173.201 2.08727 42.9024 0.432242 135.021
173.301 2.0566 42.9062 0.425919 135.017
173.401 2.02594 42.9099 0.419594 135.013
173.501 1.99527 42.9135 0.413268 135.009
173.601 1.96459 42.9171 0.40694 135.006
173.701 1.93392 42.9207 0.400611 135.002
173.801 1.90325 42.9242 0.39428 134.999
173.901 1.87257 42.9276 0.387948 134.995
174.001 1.84189 42.931 0.381615 134.992
174.101 1.81121 42.9343 0.37528 134.989
174.201 1.78053 42.9376 0.368944 134.985
174.301 1.74985 42.9408 0.362606 134.982
174.401 1.71917 42.944 0.356267 134.979
174.501 1.68848 42.9471 0.349927 134.976
174.601 1.6578 42.9501 0.343585 134.973
174.701 1.62711 42.9531 0.337243 134.97
174.801 1.59642 42.9561 0.330898 134.967
174.901 1.56573 42.9589 0.324553 134.964
175.001 1.53504 42.9618 0.318207 134.961
175.101 1.50435 42.9645 0.311859 134.958
175.201 1.47365 42.9673 0.305511 134.956
175.301 1.44296 42.9699 0.299161 134.953
175.402 1.41226 42.9725 0.29281 134.951
175.502 1.38157 42.9751 0.286458 134.948
175.602 1.35087 42.9776 0.280105 134.945
175.702 1.32017 42.98 0.273751 134.943
175.802 1.28947 42.9824 0.267396 134.941
175.902 1.25877 42.9847 0.26104 134.938
176.002 1.22807 42.987 0.254683 134.936
176.102 1.19736 42.9892 0.248325 134.934
176.202 1.16666 42.9913 0.241966 134.932
176.302 1.13595 42.9934 0.235606 134.93
176.402 1.10525 42.9955 0.229245 134.928
176.502 1.07454 42.9975 0.222884 134.926
176.602 1.04383 42.9994 0.216522 134.924
176.702 1.01313 43.0013 0.210159 134.922
176.802 0.982417 43.0031 0.203795 134.92
176.902 0.951707 43.0048 0.19743 134.918
177.002 0.920997 43.0066 0.191065 134.916
177.102 0.890286 43.0082 0.184699 134.915
177.202 0.859574 43.0098 0.178332 134.913
177.302 0.828861 43.0113 0.171965 134.912
177.402 0.798147 43.0128 0.165597 134.91
177.502 0.767434 43.0143 0.159229 134.909
177.602 0.736719 43.0156 0.152859 134.907
177.702 0.706004 43.0169 0.14649 134.906
177.802 0.675288 43.0182 0.14012 134.905
177.902 0.644572 43.0194 0.133749 134.904
178.002 0.613855 43.0205 0.127378 134.902
178.102 0.583138 43.0216 0.121006 134.901
178.202 0.55242 43.0227 0.114634 134.9
178.302 0.521702 43.0237 0.108261 134.899
178.402 0.490984 43.0246 0.101888 134.898
178.502 0.460265 43.0254 0.0955149 134.898
178.602 0.429546 43.0263 0.0891412 134.897
178.702 0.398826 43.027 0.0827672 134.896
178.802 0.368106 43.0277 0.0763929 134.895
178.902 0.337386 43.0284 0.0700184 134.895
179.002 0.306665 43.0289 0.0636435 134.894
179.102 0.275945 43.0295 0.0572685 134.894
179.202 0.245224 43.03 0.0508932 134.893
179.302 0.214503 43.0304 0.0445177 134.893
179.402 0.183781 43.0307 0.0381421 134.892
179.502 0.15306 43.031 0.0317663 134.892
179.602 0.122338 43.0313 0.0253904 134.892
179.702 0.0916169 43.0315 0.0190144 134.892
179.802 0.0608952 43.0316 0.0126384 134.891
179.902 0.0301734 43.0317 0.00626231 134.891
