0 1.13739e-14 2.98088 0 179.162
0.1 0.162096 2.98091 0.00763749 179.162
0.2 0.324186 2.98103 0.015275 179.162
0.3 0.486266 2.98122 0.0229124 179.162
0.4 0.648328 2.9815 0.0305498 179.162
0.5 0.810369 2.98184 0.0381871 179.161
0.6 0.972382 2.98227 0.0458243 179.161
0.7 1.13436 2.98277 0.0534614 179.16
0.8 1.2963 2.98335 0.0610984 179.16
0.9 1.4582 2.98401 0.0687352 179.159
1 1.62005 2.98475 0.0763719 179.158
1.1 1.78184 2.98556 0.0840084 179.157
1.2 1.94358 2.98645 0.0916447 179.157
1.3 2.10524 2.98742 0.0992807 179.156
1.4 2.26684 2.98846 0.106917 179.155
1.5 2.42836 2.98958 0.114552 179.153
1.6 2.58979 2.99078 0.122187 179.152
1.7 2.75114 2.99206 0.129822 179.151
1.8 2.9124 2.99342 0.137457 179.15
1.9 3.07355 2.99485 0.145092 179.148
2 3.23461 2.99636 0.152726 179.147
2.1 3.39555 2.99794 0.160359 179.145
2.2 3.55638 2.99961 0.167993 179.143
2.3 3.71709 3.00135 0.175625 179.142
2.4 3.87767 3.00317 0.183258 179.14
2.5 4.03813 3.00506 0.19089 179.138
2.6 4.19844 3.00704 0.198522 179.136
2.7 4.35862 3.00909 0.206153 179.134
2.8 4.51865 3.01122 0.213783 179.132
2.9 4.67853 3.01342 0.221413 179.13
3 4.83826 3.01571 0.229043 179.127
3.1 4.99782 3.01807 0.236672 179.125
3.2 5.15721 3.0205 0.2443 179.123
3.3 5.31644 3.02302 0.251928 179.12
3.4 5.47548 3.02561 0.259556 179.117
3.5 5.63435 3.02828 0.267182 179.115
3.6 5.79303 3.03102 0.274808 179.112
3.7 5.95151 3.03385 0.282434 179.109
3.8 6.1098 3.03675 0.290059 179.106
3.9 6.26789 3.03973 0.297683 179.103
4 6.42577 3.04278 0.305306 179.1
4.1 6.58344 3.04592 0.312929 179.097
4.2 6.74089 3.04913 0.32055 179.094
4.3 6.89812 3.05241 0.328171 179.091
4.4 7.05513 3.05578 0.335792 179.087
4.5 7.2119 3.05922 0.343411 179.084
4.6 7.36844 3.06274 0.35103 179.08
4.7 7.52474 3.06633 0.358648 179.077
4.8 7.68079 3.07001 0.366265 179.073
4.9 7.8366 3.07376 0.373881 179.069
5 7.99215 3.07758 0.381496 179.065
5.1 8.14744 3.08149 0.389111 179.062
5.2 8.30247 3.08547 0.396724 179.058
5.3 8.45723 3.08953 0.404336 179.053
5.4 8.61173 3.09366 0.411948 179.049
5.5 8.76594 3.09788 0.419559 179.045
5.6 8.91987 3.10217 0.427168 179.041
5.7 9.07352 3.10653 0.434777 179.036
5.8 9.22688 3.11098 0.442384 179.032
5.9 9.37995 3.1155 0.449991 179.028
6 9.53272 3.1201 0.457596 179.023
6.1 9.68519 3.12477 0.4652 179.018
6.2 9.83735 3.12952 0.472803 179.013
6.3 9.9892 3.13435 0.480405 179.009
6.4 10.1407 3.13926 0.488006 179.004
6.5 10.292 3.14424 0.495606 178.999
6.6 10.4429 3.1493 0.503205 178.994
6.7 10.5934 3.15444 0.510802 178.989
6.8 10.7437 3.15965 0.518398 178.983
6.9 10.8936 3.16494 0.525993 178.978
7 11.0432 3.17031 0.533587 178.973
7.1 11.1924 3.17575 0.541179 178.967
7.2 11.3413 3.18127 0.54877 178.962
7.3 11.4898 3.18687 0.55636 178.956
7.4 11.638 3.19254 0.563948 178.95
7.5 11.7859 3.1983 0.571536 178.945
7.6 11.9333 3.20412 0.579121 178.939
7.7 12.0805 3.21003 0.586706 178.933
7.79999 12.2272 3.21601 0.594289 178.927
7.89999 12.3736 3.22207 0.60187 178.921
7.99999 12.5196 3.2282 0.60945 178.915
8.09999 12.6652 3.23441 0.617029 178.909
8.2 12.8105 3.2407 0.624606 178.902
8.3 12.9554 3.24707 0.632182 178.896
8.4 13.0999 3.25351 0.639756 178.89
8.5 13.244 3.26003 0.647329 178.883
8.6 13.3877 3.26662 0.6549 178.876
8.7 13.531 3.27329 0.66247 178.87
8.8 13.6739 3.28004 0.670038 178.863
8.9 13.8165 3.28686 0.677605 178.856
9 13.9586 3.29376 0.685169 178.849
9.1 14.1003 3.30074 0.692733 178.842
9.2 14.2416 3.30779 0.700294 178.835
9.3 14.3825 3.31492 0.707854 178.828
9.4 14.523 3.32213 0.715412 178.821
9.5 14.6631 3.32941 0.722969 178.814
9.6 14.8027 3.33677 0.730524 178.806
9.7 14.942 3.34421 0.738077 178.799
9.8 15.0808 3.35172 0.745628 178.791
9.9 15.2192 3.35931 0.753177 178.784
10 15.3571 3.36697 0.760725 178.776
10.1 15.4947 3.37471 0.768271 178.768
10.2 15.6317 3.38253 0.775815 178.76
10.3 15.7684 3.39042 0.783357 178.753
10.4 15.9046 3.39839 0.790898 178.745
10.5 16.0404 3.40643 0.798436 178.737
10.6 16.1758 3.41456 0.805973 178.728
10.7 16.3107 3.42275 0.813507 178.72
10.8 16.4451 3.43103 0.82104 178.712
10.9 16.5791 3.43938 0.828571 178.704
11 16.7127 3.4478 0.8361 178.695
11.1 16.8458 3.4563 0.843626 178.687
11.2 16.9784 3.46488 0.851151 178.678
11.3 17.1106 3.47353 0.858674 178.669
11.4 17.2424 3.48226 0.866195 178.661
11.5 17.3737 3.49107 0.873713 178.652
11.6 17.5045 3.49995 0.88123 178.643
11.7 17.6349 3.50891 0.888744 178.634
11.8 17.7648 3.51794 0.896256 178.625
11.9 17.8942 3.52705 0.903767 178.616
12 18.0232 3.53623 0.911275 178.607
12.1 18.1517 3.54549 0.91878 178.598
12.2 18.2797 3.55483 0.926284 178.588
12.3 18.4073 3.56424 0.933786 178.579
12.4 18.5344 3.57373 0.941285 178.569
12.5 18.661 3.58329 0.948782 178.56
12.6 18.7872 3.59293 0.956276 178.55
12.7 18.9129 3.60264 0.963769 178.54
12.8 19.0381 3.61243 0.971259 178.531
12.9 19.1628 3.62229 0.978747 178.521
13 19.2871 3.63223 0.986232 178.511
13.1 19.4108 3.64225 0.993715 178.501
13.2 19.5341 3.65234 1.0012 178.491
13.3 19.6569 3.66251 1.00867 178.481
13.4 19.7793 3.67275 1.01615 178.47
13.5 19.9011 3.68307 1.02362 178.46
13.6 20.0225 3.69346 1.03109 178.45
13.7 20.1434 3.70393 1.03856 178.439
13.8 20.2638 3.71447 1.04603 178.429
13.9 20.3837 3.72509 1.05349 178.418
14 20.5031 3.73578 1.06095 178.407
14.1 20.622 3.74655 1.06841 178.396
14.2 20.7405 3.75739 1.07587 178.386
14.3 20.8584 3.76831 1.08332 178.375
14.4 20.9759 3.7793 1.09077 178.364
14.5 21.0929 3.79037 1.09822 178.353
14.6 21.2094 3.80151 1.10567 178.342
14.7 21.3254 3.81273 1.11311 178.33
14.8 21.4409 3.82403 1.12055 178.319
14.9 21.5559 3.83539 1.12799 178.308
15 21.6705 3.84684 1.13542 178.296
15.1 21.7845 3.85835 1.14285 178.285
15.2 21.8981 3.86995 1.15028 178.273
15.3 22.0111 3.88161 1.15771 178.261
15.4 22.1237 3.89335 1.16513 178.25
15.5 22.2358 3.90517 1.17256 178.238
15.6 22.3473 3.91706 1.17997 178.226
15.7 22.4584 3.92903 1.18739 178.214
15.8 22.569 3.94107 1.1948 178.202
15.9 22.6791 3.95318 1.20221 178.19
16 22.7888 3.96537 1.20962 178.178
16.1 22.8979 3.97763 1.21702 178.165
16.2 23.0065 3.98997 1.22442 178.153
16.3 23.1146 4.00238 1.23182 178.141
16.4 23.2223 4.01487 1.23922 178.128
16.5 23.3294 4.02743 1.24661 178.116
16.6 23.4361 4.04007 1.254 178.103
16.7 23.5423 4.05277 1.26138 178.09
16.8 23.648 4.06556 1.26877 178.077
16.9 23.7532 4.07841 1.27615 178.065
17 23.8579 4.09135 1.28352 178.052
17.1 23.9621 4.10435 1.2909 178.039
17.2 24.0658 4.11743 1.29827 178.026
17.3 24.169 4.13058 1.30564 178.012
17.4 24.2717 4.14381 1.313 177.999
17.5 24.374 4.15711 1.32036 177.986
17.6 24.4758 4.17049 1.32772 177.973
17.7 24.577 4.18394 1.33508 177.959
17.8 24.6778 4.19746 1.34243 177.946
17.9 24.7781 4.21106 1.34978 177.932
18 24.8779 4.22473 1.35712 177.918
18.1 24.9773 4.23847 1.36447 177.905
18.2 25.0761 4.25229 1.3718 177.891
18.3 25.1744 4.26618 1.37914 177.877
18.4 25.2723 4.28014 1.38647 177.863
18.5 25.3697 4.29418 1.3938 177.849
18.6 25.4666 4.30829 1.40113 177.835
18.7 25.563 4.32247 1.40845 177.821
18.8 25.659 4.33673 1.41577 177.806
18.9 25.7544 4.35106 1.42308 177.792
19 25.8494 4.36547 1.4304 177.778
19.1 25.9439 4.37994 1.43771 177.763
19.2 26.0379 4.39449 1.44501 177.749
19.3 26.1315 4.40912 1.45231 177.734
19.4 26.2245 4.42381 1.45961 177.719
19.5 26.3171 4.43858 1.46691 177.704
19.6 26.4092 4.45343 1.4742 177.69
19.7 26.5009 4.46834 1.48148 177.675
19.8 26.592 4.48333 1.48877 177.66
19.9 26.6827 4.49839 1.49605 177.645
20 26.7729 4.51353 1.50333 177.629
20.1 26.8627 4.52873 1.5106 177.614
20.2 26.952 4.54401 1.51787 177.599
20.3 27.0408 4.55937 1.52513 177.584
20.4 27.1291 4.57479 1.5324 177.568
20.5 27.217 4.59029 1.53966 177.553
20.6 27.3044 4.60586 1.54691 177.537
20.7 27.3913 4.6215 1.55416 177.522
20.8 27.4778 4.63722 1.56141 177.506
20.9 27.5638 4.653 1.56865 177.49
21 27.6493 4.66886 1.57589 177.474
21.1 27.7344 4.68479 1.58313 177.458
21.2 27.8191 4.7008 1.59036 177.442
21.3 27.9032 4.71688 1.59759 177.426
21.4 27.9869 4.73302 1.60481 177.41
21.5 28.0702 4.74924 1.61204 177.394
21.6 28.153 4.76554 1.61925 177.377
21.7 28.2353 4.7819 1.62646 177.361
21.8 28.3172 4.79834 1.63367 177.345
21.9 28.3986 4.81485 1.64088 177.328
22 28.4796 4.83143 1.64808 177.312
22.1 28.5601 4.84808 1.65528 177.295
22.2 28.6402 4.8648 1.66247 177.278
22.3 28.7198 4.8816 1.66966 177.261
22.4 28.799 4.89846 1.67684 177.245
22.5 28.8778 4.9154 1.68403 177.228
22.6 28.9561 4.93241 1.6912 177.211
22.7001 29.0339 4.94949 1.69838 177.194
22.8001 29.1113 4.96665 1.70554 177.176
22.9001 29.1883 4.98387 1.71271 177.159
23.0001 29.2648 5.00117 1.71987 177.142
23.1001 29.3409 5.01853 1.72703 177.124
23.2001 29.4166 5.03597 1.73418 177.107
23.3001 29.4918 5.05348 1.74133 177.09
23.4001 29.5666 5.07106 1.74847 177.072
23.5001 29.6409 5.08871 1.75561 177.054
23.6001 29.7148 5.10643 1.76275 177.037
23.7001 29.7883 5.12423 1.76988 177.019
23.8001 29.8614 5.14209 1.777 177.001
23.9001 29.934 5.16003 1.78413 176.983
24.0001 30.0062 5.17803 1.79124 176.965
24.1001 30.078 5.19611 1.79836 176.947
24.2001 30.1493 5.21426 1.80547 176.929
24.3001 30.2202 5.23247 1.81257 176.911
24.4001 30.2907 5.25076 1.81967 176.892
24.5001 30.3608 5.26912 1.82677 176.874
24.6001 30.4305 5.28755 1.83386 176.855
24.7001 30.4997 5.30605 1.84095 176.837
24.8001 30.5686 5.32462 1.84803 176.818
24.9001 30.637 5.34326 1.85511 176.8
25.0001 30.705 5.36197 1.86218 176.781
25.1001 30.7726 5.38075 1.86925 176.762
25.2001 30.8397 5.3996 1.87632 176.743
25.3001 30.9065 5.41852 1.88338 176.724
25.4001 30.9729 5.43751 1.89043 176.706
25.5001 31.0388 5.45657 1.89749 176.686
25.6001 31.1044 5.47571 1.90453 176.667
25.7001 31.1695 5.49491 1.91157 176.648
25.8001 31.2342 5.51418 1.91861 176.629
25.9001 31.2986 5.53352 1.92564 176.61
26.0001 31.3625 5.55293 1.93267 176.59
26.1001 31.426 5.5724 1.9397 176.571
26.2001 31.4892 5.59195 1.94672 176.551
26.3001 31.5519 5.61157 1.95373 176.531
26.4001 31.6143 5.63126 1.96074 176.512
26.5001 31.6762 5.65102 1.96774 176.492
26.6001 31.7378 5.67084 1.97474 176.472
26.7001 31.7989 5.69074 1.98174 176.452
26.8001 31.8597 5.7107 1.98873 176.432
26.9001 31.9201 5.73074 1.99571 176.412
27.0001 31.9801 5.75084 2.00269 176.392
27.1001 32.0397 5.77101 2.00967 176.372
27.2001 32.099 5.79125 2.01664 176.352
27.3001 32.1578 5.81156 2.0236 176.331
27.4001 32.2163 5.83194 2.03057 176.311
27.5001 32.2744 5.85238 2.03752 176.291
27.6001 32.3321 5.8729 2.04447 176.27
27.7001 32.3894 5.89348 2.05142 176.25
27.8001 32.4464 5.91414 2.05836 176.229
27.9001 32.503 5.93486 2.06529 176.208
28.0001 32.5592 5.95565 2.07223 176.187
28.1001 32.6151 5.97651 2.07915 176.167
28.2001 32.6705 5.99743 2.08607 176.146
28.3001 32.7256 6.01843 2.09299 176.125
28.4001 32.7804 6.03949 2.0999 176.104
28.5001 32.8347 6.06062 2.1068 176.082
28.6001 32.8887 6.08182 2.1137 176.061
28.7001 32.9424 6.10309 2.1206 176.04
28.8001 32.9957 6.12442 2.12749 176.019
28.9001 33.0486 6.14582 2.13437 175.997
29.0001 33.1012 6.16729 2.14125 175.976
29.1001 33.1534 6.18883 2.14813 175.954
29.2001 33.2052 6.21044 2.155 175.933
29.3001 33.2567 6.23211 2.16186 175.911
29.4001 33.3078 6.25385 2.16872 175.889
29.5001 33.3586 6.27566 2.17557 175.867
29.6001 33.4091 6.29753 2.18242 175.845
29.7001 33.4591 6.31948 2.18926 175.824
29.8001 33.5089 6.34149 2.1961 175.802
29.9001 33.5583 6.36356 2.20293 175.779
30.0001 33.6073 6.38571 2.20976 175.757
30.1001 33.656 6.40792 2.21658 175.735
30.2001 33.7044 6.4302 2.22339 175.713
30.3001 33.7524 6.45254 2.2302 175.69
30.4001 33.8001 6.47496 2.23701 175.668
30.5001 33.8474 6.49744 2.24381 175.646
30.6001 33.8944 6.51998 2.2506 175.623
30.7001 33.9411 6.54259 2.25739 175.6
30.8001 33.9874 6.56527 2.26417 175.578
30.9001 34.0334 6.58802 2.27095 175.555
31.0001 34.0791 6.61083 2.27772 175.532
31.1001 34.1244 6.63371 2.28449 175.509
31.2001 34.1694 6.65665 2.29125 175.486
31.3001 34.2141 6.67966 2.298 175.463
31.4001 34.2584 6.70274 2.30475 175.44
31.5001 34.3025 6.72588 2.3115 175.417
31.6001 34.3462 6.74909 2.31823 175.394
31.7001 34.3896 6.77237 2.32497 175.371
31.8001 34.4326 6.79571 2.33169 175.347
31.9001 34.4753 6.81911 2.33841 175.324
32.0001 34.5178 6.84259 2.34513 175.3
32.1001 34.5599 6.86612 2.35184 175.277
32.2001 34.6016 6.88973 2.35854 175.253
32.3001 34.6431 6.91339 2.36524 175.23
32.4001 34.6843 6.93713 2.37193 175.206
32.5001 34.7251 6.96093 2.37862 175.182
32.6001 34.7656 6.98479 2.3853 175.158
32.7001 34.8059 7.00872 2.39197 175.134
32.8001 34.8458 7.03272 2.39864 175.11
32.9001 34.8854 7.05678 2.4053 175.086
33.0001 34.9247 7.0809 2.41196 175.062
33.1001 34.9637 7.10509 2.41861 175.038
33.2001 35.0024 7.12935 2.42525 175.014
33.3001 35.0407 7.15367 2.43189 174.989
33.4001 35.0788 7.17805 2.43852 174.965
33.5001 35.1166 7.2025 2.44515 174.941
33.6001 35.1541 7.22701 2.45177 174.916
33.7001 35.1913 7.25159 2.45839 174.891
33.8001 35.2282 7.27623 2.465 174.867
33.9001 35.2648 7.30094 2.4716 174.842
34.0001 35.3011 7.32571 2.47819 174.817
34.1001 35.3371 7.35055 2.48478 174.792
34.2001 35.3728 7.37544 2.49137 174.768
34.3 35.4083 7.40041 2.49795 174.743
34.4 35.4434 7.42543 2.50452 174.718
34.5 35.4783 7.45053 2.51108 174.692
34.6 35.5129 7.47568 2.51764 174.667
34.7 35.5471 7.5009 2.5242 174.642
34.8 35.5811 7.52618 2.53074 174.617
34.9 35.6149 7.55153 2.53729 174.591
35 35.6483 7.57694 2.54382 174.566
35.1 35.6815 7.60241 2.55035 174.541
35.2 35.7143 7.62794 2.55687 174.515
35.3 35.7469 7.65354 2.56339 174.489
35.4 35.7793 7.67921 2.56989 174.464
35.5 35.8113 7.70493 2.5764 174.438
35.6 35.8431 7.73072 2.58289 174.412
35.7 35.8746 7.75657 2.58938 174.386
35.8 35.9058 7.78249 2.59587 174.361
35.9 35.9368 7.80846 2.60235 174.335
36 35.9675 7.8345 2.60882 174.309
36.1 35.9979 7.86061 2.61528 174.282
36.2 36.028 7.88677 2.62174 174.256
36.3 36.0579 7.913 2.62819 174.23
36.4 36.0876 7.93929 2.63464 174.204
36.5 36.1169 7.96564 2.64107 174.177
36.6 36.146 7.99206 2.64751 174.151
36.7 36.1748 8.01853 2.65393 174.124
36.8 36.2034 8.04507 2.66035 174.098
36.9 36.2317 8.07167 2.66676 174.071
37 36.2598 8.09833 2.67317 174.045
37.1 36.2876 8.12506 2.67957 174.018
37.2 36.3151 8.15184 2.68596 173.991
37.3 36.3424 8.17869 2.69234 173.964
37.4 36.3694 8.2056 2.69872 173.937
37.5 36.3962 8.23257 2.7051 173.91
37.6 36.4227 8.2596 2.71146 173.883
37.7 36.449 8.2867 2.71782 173.856
37.8 36.475 8.31385 2.72417 173.829
37.9 36.5008 8.34107 2.73052 173.802
38 36.5263 8.36835 2.73686 173.775
38.1 36.5516 8.39568 2.74319 173.747
38.2 36.5767 8.42308 2.74951 173.72
38.3 36.6014 8.45054 2.75583 173.692
38.4 36.626 8.47806 2.76214 173.665
38.5 36.6503 8.50564 2.76844 173.637
38.6 36.6744 8.53329 2.77474 173.61
38.7 36.6982 8.56099 2.78103 173.582
38.8 36.7218 8.58875 2.78732 173.554
38.9 36.7451 8.61657 2.79359 173.526
39 36.7682 8.64446 2.79986 173.499
39.1 36.7911 8.6724 2.80612 173.471
39.2 36.8137 8.70041 2.81238 173.443
39.3 36.8361 8.72847 2.81863 173.415
39.4 36.8583 8.75659 2.82487 173.386
39.5 36.8803 8.78478 2.8311 173.358
39.6 36.902 8.81302 2.83733 173.33
39.7 36.9234 8.84132 2.84355 173.302
39.8 36.9447 8.86968 2.84977 173.273
39.9 36.9657 8.89811 2.85597 173.245
40 36.9865 8.92659 2.86217 173.216
40.1 37.0071 8.95513 2.86836 173.188
40.2 37.0274 8.98373 2.87455 173.159
40.3 37.0475 9.01239 2.88072 173.131
40.4 37.0674 9.0411 2.88689 173.102
40.5 37.0871 9.06988 2.89306 173.073
40.6 37.1066 9.09872 2.89921 173.044
40.7 37.1258 9.12761 2.90536 173.015
40.7999 37.1448 9.15656 2.9115 172.986
40.8999 37.1636 9.18557 2.91764 172.957
40.9999 37.1822 9.21464 2.92376 172.928
41.0999 37.2005 9.24377 2.92988 172.899
41.1999 37.2187 9.27296 2.936 172.87
41.2999 37.2366 9.30221 2.9421 172.841
41.3999 37.2543 9.33151 2.9482 172.812
41.4999 37.2718 9.36087 2.95429 172.782
41.5999 37.2891 9.39029 2.96037 172.753
41.6999 37.3062 9.41977 2.96644 172.723
41.7999 37.3231 9.4493 2.97251 172.694
41.8999 37.3397 9.47889 2.97857 172.664
41.9999 37.3562 9.50855 2.98462 172.634
42.0999 37.3724 9.53825 2.99067 172.605
42.1999 37.3884 9.56802 2.99671 172.575
42.2999 37.4043 9.59784 3.00274 172.545
42.3999 37.4199 9.62772 3.00876 172.515
42.4999 37.4353 9.65766 3.01478 172.485
42.5999 37.4505 9.68765 3.02078 172.455
42.6999 37.4656 9.7177 3.02678 172.425
42.7999 37.4804 9.74781 3.03277 172.395
42.8999 37.495 9.77798 3.03876 172.365
42.9999 37.5094 9.8082 3.04474 172.335
43.0999 37.5236 9.83848 3.05071 172.305
43.1999 37.5376 9.86881 3.05667 172.274
43.2999 37.5515 9.8992 3.06262 172.244
43.3999 37.5651 9.92965 3.06857 172.213
43.4999 37.5785 9.96015 3.07451 172.183
43.5999 37.5918 9.99071 3.08044 172.152
43.6999 37.6048 10.0213 3.08636 172.122
43.7999 37.6176 10.052 3.09227 172.091
43.8999 37.6303 10.0827 3.09818 172.06
43.9999 37.6428 10.1135 3.10408 172.03
44.0999 37.655 10.1444 3.10997 171.999
44.1999 37.6671 10.1752 3.11586 171.968
44.2999 37.679 10.2062 3.12173 171.937
44.3999 37.6907 10.2372 3.1276 171.906
44.4999 37.7023 10.2683 3.13346 171.875
44.5999 37.7136 10.2994 3.13931 171.844
44.6999 37.7248 10.3306 3.14516 171.812
44.7999 37.7357 10.3618 3.15099 171.781
44.8999 37.7465 10.3931 3.15682 171.75
44.9999 37.7571 10.4244 3.16264 171.719
45.0999 37.7675 10.4558 3.16845 171.687
45.1999 37.7778 10.4872 3.17426 171.656
45.2999 37.7878 10.5187 3.18005 171.624
45.3999 37.7977 10.5503 3.18584 171.593
45.4999 37.8074 10.5819 3.19162 171.561
45.5999 37.8169 10.6136 3.19739 171.529
45.6999 37.8262 10.6453 3.20316 171.498
45.7999 37.8354 10.677 3.20891 171.466
45.8999 37.8444 10.7089 3.21466 171.434
45.9999 37.8532 10.7408 3.2204 171.402
46.0999 37.8618 10.7727 3.22613 171.37
46.1999 37.8703 10.8047 3.23185 171.338
46.2999 37.8786 10.8367 3.23757 171.306
46.3999 37.8867 10.8688 3.24328 171.274
46.4999 37.8946 10.901 3.24897 171.242
46.5999 37.9024 10.9332 3.25466 171.21
46.6999 37.91 10.9654 3.26035 171.178
46.7999 37.9175 10.9977 3.26602 171.145
46.8999 37.9247 11.0301 3.27169 171.113
46.9999 37.9318 11.0625 3.27734 171.081
47.0999 37.9387 11.095 3.28299 171.048
47.1999 37.9455 11.1275 3.28863 171.016
47.2999 37.9521 11.16 3.29426 170.983
47.3998 37.9585 11.1927 3.29989 170.95
47.4998 37.9648 11.2253 3.3055 170.918
47.5998 37.9709 11.2581 3.31111 170.885
47.6998 37.9768 11.2908 3.31671 170.852
47.7998 37.9826 11.3237 3.3223 170.819
47.8998 37.9882 11.3566 3.32788 170.786
47.9998 37.9937 11.3895 3.33345 170.754
48.0998 37.999 11.4225 3.33901 170.721
48.1998 38.0041 11.4555 3.34457 170.687
48.2998 38.0091 11.4886 3.35012 170.654
48.3998 38.0139 11.5218 3.35565 170.621
48.4998 38.0186 11.555 3.36118 170.588
48.5998 38.0231 11.5882 3.36671 170.555
48.6998 38.0274 11.6215 3.37222 170.522
48.7998 38.0316 11.6548 3.37772 170.488
48.8998 38.0356 11.6882 3.38322 170.455
48.9998 38.0395 11.7217 3.38871 170.421
49.0998 38.0432 11.7552 3.39418 170.388
49.1998 38.0468 11.7887 3.39965 170.354
49.2998 38.0502 11.8223 3.40511 170.321
49.3998 38.0535 11.856 3.41057 170.287
49.4998 38.0566 11.8897 3.41601 170.253
49.5998 38.0596 11.9235 3.42144 170.22
49.6998 38.0624 11.9573 3.42687 170.186
49.7998 38.0651 11.9911 3.43229 170.152
49.8998 38.0676 12.025 3.43769 170.118
49.9998 38.07 12.059 3.44309 170.084
50.0998 38.0722 12.093 3.44848 170.05
50.1998 38.0742 12.127 3.45387 170.016
50.2998 38.0762 12.1611 3.45924 169.982
50.3998 38.078 12.1953 3.4646 169.948
50.4998 38.0796 12.2295 3.46996 169.914
50.5998 38.0811 12.2637 3.4753 169.879
50.6998 38.0824 12.298 3.48064 169.845
50.7998 38.0837 12.3324 3.48597 169.811
50.8998 38.0847 12.3668 3.49129 169.776
50.9998 38.0856 12.4012 3.4966 169.742
51.0998 38.0864 12.4357 3.5019 169.707
51.1998 38.0871 12.4703 3.50719 169.673
51.2998 38.0876 12.5048 3.51247 169.638
51.3998 38.0879 12.5395 3.51775 169.604
51.4998 38.0881 12.5742 3.52301 169.569
51.5998 38.0882 12.6089 3.52827 169.534
51.6998 38.0882 12.6437 3.53351 169.499
51.7998 38.088 12.6785 3.53875 169.464
51.8998 38.0876 12.7134 3.54398 169.43
51.9998 38.0872 12.7483 3.5492 169.395
52.0998 38.0866 12.7833 3.55441 169.36
52.1998 38.0858 12.8183 3.55961 169.325
52.2998 38.085 12.8534 3.5648 169.29
52.3998 38.084 12.8885 3.56999 169.254
52.4998 38.0828 12.9237 3.57516 169.219
52.5998 38.0815 12.9589 3.58032 169.184
52.6998 38.0801 12.9942 3.58548 169.149
52.7998 38.0786 13.0295 3.59062 169.114
52.8998 38.0769 13.0648 3.59576 169.078
52.9998 38.0751 13.1002 3.60089 169.043
53.0998 38.0732 13.1357 3.606 169.007
53.1998 38.0712 13.1712 3.61111 168.972
53.2998 38.069 13.2067 3.61621 168.936
53.3998 38.0666 13.2423 3.6213 168.901
53.4998 38.0642 13.2779 3.62638 168.865
53.5998 38.0616 13.3136 3.63145 168.829
53.6998 38.0589 13.3493 3.63651 168.794
53.7998 38.0561 13.3851 3.64156 168.758
53.8997 38.0532 13.4209 3.64661 168.722
53.9997 38.0501 13.4568 3.65164 168.686
54.0997 38.0469 13.4927 3.65666 168.65
54.1997 38.0435 13.5286 3.66167 168.614
54.2997 38.0401 13.5646 3.66668 168.578
54.3997 38.0365 13.6007 3.67167 168.542
54.4997 38.0328 13.6368 3.67666 168.506
54.5997 38.029 13.6729 3.68163 168.47
54.6997 38.0251 13.7091 3.6866 168.434
54.7997 38.021 13.7453 3.69156 168.398
54.8997 38.0168 13.7816 3.6965 168.361
54.9997 38.0125 13.8179 3.70144 168.325
55.0997 38.0081 13.8542 3.70637 168.289
55.1997 38.0035 13.8906 3.71129 168.252
55.2997 37.9989 13.9271 3.71619 168.216
55.3997 37.9941 13.9635 3.72109 168.179
55.4997 37.9892 14.0001 3.72598 168.143
55.5997 37.9842 14.0367 3.73086 168.106
55.6997 37.979 14.0733 3.73573 168.07
55.7997 37.9738 14.1099 3.74059 168.033
55.8997 37.9684 14.1466 3.74544 167.996
55.9997 37.9629 14.1834 3.75028 167.96
56.0997 37.9573 14.2202 3.75511 167.923
56.1997 37.9516 14.257 3.75993 167.886
56.2997 37.9458 14.2939 3.76474 167.849
56.3997 37.9399 14.3308 3.76954 167.812
56.4997 37.9338 14.3678 3.77433 167.775
56.5997 37.9276 14.4048 3.77911 167.738
56.6997 37.9214 14.4419 3.78388 167.701
56.7997 37.915 14.4789 3.78864 167.664
56.8997 37.9085 14.5161 3.79339 167.627
56.9997 37.9019 14.5533 3.79813 167.59
57.0997 37.8951 14.5905 3.80286 167.553
57.1997 37.8883 14.6277 3.80758 167.515
57.2997 37.8813 14.665 3.81229 167.478
57.3997 37.8743 14.7024 3.817 167.441
57.4997 37.8671 14.7398 3.82169 167.403
57.5997 37.8598 14.7772 3.82637 167.366
57.6997 37.8525 14.8147 3.83104 167.328
57.7997 37.845 14.8522 3.8357 167.291
57.8997 37.8374 14.8897 3.84035 167.253
57.9997 37.8297 14.9273 3.84499 167.216
58.0997 37.8219 14.965 3.84962 167.178
58.1997 37.814 15.0027 3.85424 167.14
58.2997 37.8059 15.0404 3.85885 167.103
58.3997 37.7978 15.0781 3.86345 167.065
58.4997 37.7896 15.1159 3.86804 167.027
58.5997 37.7812 15.1538 3.87262 166.989
58.6997 37.7728 15.1916 3.87719 166.951
58.7997 37.7643 15.2296 3.88175 166.913
58.8997 37.7556 15.2675 3.88629 166.875
58.9997 37.7469 15.3055 3.89083 166.837
59.0997 37.738 15.3436 3.89536 166.799
59.1997 37.7291 15.3816 3.89988 166.761
59.2997 37.72 15.4198 3.90439 166.723
59.3997 37.7109 15.4579 3.90888 166.685
59.4997 37.7016 15.4961 3.91337 166.647
59.5997 37.6922 15.5344 3.91785 166.609
59.6997 37.6828 15.5726 3.92231 166.57
59.7997 37.6732 15.6109 3.92677 166.532
59.8997 37.6636 15.6493 3.93121 166.494
59.9997 37.6538 15.6877 3.93565 166.455
60.0997 37.644 15.7261 3.94007 166.417
60.1997 37.634 15.7646 3.94449 166.378
60.2997 37.624 15.8031 3.94889 166.34
60.3997 37.6138 15.8416 3.95328 166.301
60.4996 37.6036 15.8802 3.95767 166.263
60.5996 37.5933 15.9189 3.96204 166.224
60.6996 37.5828 15.9575 3.9664 166.186
60.7996 37.5723 15.9962 3.97075 166.147
60.8996 37.5617 16.035 3.97509 166.108
60.9996 37.551 16.0737 3.97942 166.069
61.0996 37.5401 16.1125 3.98374 166.03
61.1996 37.5292 16.1514 3.98805 165.992
61.2996 37.5182 16.1903 3.99235 165.953
61.3996 37.5071 16.2292 3.99663 165.914
61.4996 37.496 16.2682 4.00091 165.875
61.5996 37.4847 16.3072 4.00517 165.836
61.6996 37.4733 16.3462 4.00943 165.797
61.7996 37.4618 16.3853 4.01367 165.758
61.8996 37.4503 16.4244 4.01791 165.719
61.9996 37.4386 16.4635 4.02213 165.679
62.0996 37.4269 16.5027 4.02634 165.64
62.1996 37.4151 16.5419 4.03055 165.601
62.2996 37.4031 16.5812 4.03474 165.562
62.3996 37.3911 16.6205 4.03892 165.523
62.4996 37.379 16.6598 4.04309 165.483
62.5996 37.3668 16.6991 4.04724 165.444
62.6996 37.3546 16.7385 4.05139 165.404
62.7996 37.3422 16.778 4.05553 165.365
62.8996 37.3297 16.8174 4.05965 165.326
62.9996 37.3172 16.8569 4.06377 165.286
63.0996 37.3046 16.8965 4.06787 165.247
63.1996 37.2919 16.9361 4.07197 165.207
63.2996 37.279 16.9757 4.07605 165.167
63.3996 37.2662 17.0153 4.08012 165.128
63.4996 37.2532 17.055 4.08418 165.088
63.5996 37.2401 17.0947 4.08823 165.048
63.6996 37.227 17.1344 4.09227 165.009
63.7996 37.2137 17.1742 4.09629 164.969
63.8996 37.2004 17.214 4.10031 164.929
63.9996 37.187 17.2539 4.10432 164.889
64.0996 37.1735 17.2938 4.10831 164.849
64.1996 37.16 17.3337 4.11229 164.809
64.2996 37.1463 17.3736 4.11626 164.769
64.3996 37.1326 17.4136 4.12023 164.729
64.4996 37.1187 17.4536 4.12418 164.689
64.5996 37.1048 17.4937 4.12811 164.649
64.6996 37.0909 17.5338 4.13204 164.609
64.7996 37.0768 17.5739 4.13596 164.569
64.8996 37.0626 17.614 4.13986 164.529
64.9996 37.0484 17.6542 4.14376 164.489
65.0996 37.0341 17.6944 4.14764 164.449
65.1996 37.0197 17.7347 4.15151 164.408
65.2996 37.0052 17.775 4.15537 164.368
65.3996 36.9907 17.8153 4.15922 164.328
65.4996 36.976 17.8556 4.16306 164.287
65.5996 36.9613 17.896 4.16689 164.247
65.6996 36.9465 17.9364 4.1707 164.207
65.7996 36.9317 17.9769 4.17451 164.166
65.8996 36.9167 18.0173 4.1783 164.126
65.9996 36.9017 18.0578 4.18208 164.085
66.0996 36.8866 18.0984 4.18585 164.045
66.1996 36.8714 18.1389 4.18961 164.004
66.2996 36.8561 18.1795 4.19336 163.963
66.3996 36.8408 18.2202 4.19709 163.923
66.4996 36.8254 18.2608 4.20082 163.882
66.5996 36.8099 18.3015 4.20453 163.842
66.6996 36.7943 18.3422 4.20823 163.801
66.7996 36.7787 18.383 4.21192 163.76
66.8996 36.7629 18.4238 4.2156 163.719
66.9995 36.7471 18.4646 4.21927 163.678
67.0995 36.7313 18.5054 4.22293 163.638
67.1995 36.7153 18.5463 4.22657 163.597
67.2995 36.6993 18.5872 4.2302 163.556
67.3995 36.6832 18.6281 4.23383 163.515
67.4995 36.667 18.6691 4.23744 163.474
67.5995 36.6508 18.7101 4.24103 163.433
67.6995 36.6345 18.7511 4.24462 163.392
67.7995 36.6181 18.7922 4.2482 163.351
67.8995 36.6016 18.8333 4.25176 163.31
67.9995 36.5851 18.8744 4.25531 163.269
68.0995 36.5684 18.9155 4.25885 163.228
68.1995 36.5518 18.9567 4.26238 163.186
68.2995 36.535 18.9979 4.2659 163.145
68.3995 36.5182 19.0391 4.2694 163.104
68.4995 36.5013 19.0803 4.2729 163.063
68.5995 36.4843 19.1216 4.27638 163.021
68.6995 36.4673 19.1629 4.27985 162.98
68.7995 36.4502 19.2043 4.28331 162.939
68.8995 36.433 19.2456 4.28676 162.897
68.9995 36.4157 19.287 4.29019 162.856
69.0995 36.3984 19.3285 4.29361 162.815
69.1995 36.381 19.3699 4.29703 162.773
69.2995 36.3636 19.4114 4.30043 162.732
69.3995 36.346 19.4529 4.30381 162.69
69.4995 36.3284 19.4944 4.30719 162.649
69.5995 36.3108 19.536 4.31055 162.607
69.6995 36.293 19.5776 4.31391 162.565
69.7995 36.2752 19.6192 4.31725 162.524
69.8995 36.2573 19.6608 4.32058 162.482
69.9995 36.2394 19.7025 4.32389 162.441
70.0995 36.2214 19.7442 4.3272 162.399
70.1995 36.2033 19.7859 4.33049 162.357
70.2995 36.1852 19.8277 4.33377 162.315
70.3995 36.167 19.8694 4.33704 162.274
70.4995 36.1487 19.9112 4.3403 162.232
70.5995 36.1304 19.953 4.34355 162.19
70.6995 36.112 19.9949 4.34678 162.148
70.7995 36.0935 20.0368 4.35 162.106
70.8995 36.0749 20.0787 4.35321 162.064
70.9995 36.0563 20.1206 4.35641 162.022
71.0995 36.0377 20.1626 4.35959 161.98
71.1995 36.0189 20.2045 4.36276 161.938
71.2995 36.0001 20.2465 4.36593 161.896
71.3995 35.9813 20.2886 4.36908 161.854
71.4995 35.9623 20.3306 4.37221 161.812
71.5995 35.9434 20.3727 4.37534 161.77
71.6995 35.9243 20.4148 4.37845 161.728
71.7995 35.9052 20.4569 4.38155 161.686
71.8995 35.886 20.499 4.38464 161.644
71.9995 35.8668 20.5412 4.38772 161.602
72.0995 35.8475 20.5834 4.39078 161.56
72.1995 35.8281 20.6256 4.39383 161.517
72.2995 35.8087 20.6679 4.39687 161.475
72.3995 35.7892 20.7101 4.3999 161.433
72.4995 35.7696 20.7524 4.40291 161.391
72.5995 35.75 20.7948 4.40592 161.348
72.6995 35.7303 20.8371 4.40891 161.306
72.7995 35.7106 20.8794 4.41189 161.264
72.8995 35.6908 20.9218 4.41485 161.221
72.9995 35.6709 20.9642 4.41781 161.179
73.0995 35.651 21.0067 4.42075 161.136
73.1995 35.631 21.0491 4.42368 161.094
73.2995 35.611 21.0916 4.4266 161.051
73.3995 35.5909 21.1341 4.4295 161.009
73.4995 35.5707 21.1766 4.43239 160.966
73.5994 35.5505 21.2191 4.43527 160.924
73.6994 35.5302 21.2617 4.43814 160.881
73.7994 35.5099 21.3043 4.441 160.839
73.8994 35.4895 21.3469 4.44384 160.796
73.9994 35.469 21.3895 4.44667 160.754
74.0994 35.4485 21.4322 4.44949 160.711
74.1994 35.4279 21.4748 4.45229 160.668
74.2994 35.4073 21.5175 4.45508 160.626
74.3994 35.3866 21.5602 4.45787 160.583
74.4994 35.3659 21.603 4.46063 160.54
74.5994 35.345 21.6457 4.46339 160.497
74.6994 35.3242 21.6885 4.46613 160.455
74.7994 35.3033 21.7313 4.46886 160.412
74.8994 35.2823 21.7741 4.47158 160.369
74.9994 35.2613 21.8169 4.47429 160.326
75.0994 35.2402 21.8598 4.47698 160.283
75.1994 35.219 21.9026 4.47966 160.24
75.2994 35.1978 21.9455 4.48233 160.197
75.3994 35.1766 21.9885 4.48498 160.155
75.4994 35.1553 22.0314 4.48763 160.112
75.5994 35.1339 22.0743 4.49026 160.069
75.6994 35.1125 22.1173 4.49287 160.026
75.7994 35.091 22.1603 4.49548 159.983
75.8994 35.0695 22.2033 4.49807 159.94
75.9994 35.0479 22.2463 4.50065 159.897
76.0994 35.0262 22.2894 4.50322 159.854
76.1994 35.0045 22.3324 4.50577 159.811
76.2994 34.9828 22.3755 4.50831 159.767
76.3994 34.961 22.4186 4.51084 159.724
76.4994 34.9391 22.4618 4.51335 159.681
76.5994 34.9172 22.5049 4.51586 159.638
76.6994 34.8952 22.5481 4.51835 159.595
76.7994 34.8732 22.5912 4.52083 159.552
76.8994 34.8511 22.6344 4.52329 159.509
76.9994 34.829 22.6776 4.52574 159.465
77.0994 34.8068 22.7209 4.52818 159.422
77.1994 34.7846 22.7641 4.53061 159.379
77.2994 34.7623 22.8074 4.53302 159.336
77.3994 34.74 22.8506 4.53542 159.292
77.4994 34.7176 22.8939 4.53781 159.249
77.5994 34.6952 22.9372 4.54018 159.206
77.6994 34.6727 22.9806 4.54255 159.162
77.7994 34.6501 23.0239 4.5449 159.119
77.8994 34.6276 23.0673 4.54723 159.076
77.9994 34.6049 23.1107 4.54955 159.032
78.0994 34.5822 23.154 4.55187 158.989
78.1994 34.5595 23.1975 4.55416 158.946
78.2994 34.5367 23.2409 4.55645 158.902
78.3994 34.5138 23.2843 4.55872 158.859
78.4994 34.4909 23.3278 4.56098 158.815
78.5994 34.468 23.3713 4.56322 158.772
78.6994 34.445 23.4147 4.56546 158.728
78.7994 34.422 23.4582 4.56767 158.685
78.8994 34.3989 23.5018 4.56988 158.641
78.9994 34.3757 23.5453 4.57207 158.598
79.0994 34.3525 23.5888 4.57425 158.554
79.1994 34.3293 23.6324 4.57642 158.511
79.2994 34.306 23.676 4.57858 158.467
79.3994 34.2826 23.7196 4.58072 158.423
79.4994 34.2593 23.7632 4.58285 158.38
79.5994 34.2358 23.8068 4.58496 158.336
79.6994 34.2123 23.8504 4.58706 158.293
79.7994 34.1888 23.8941 4.58915 158.249
79.8994 34.1652 23.9377 4.59123 158.205
79.9994 34.1416 23.9814 4.59329 158.162
80.0993 34.1179 24.0251 4.59534 158.118
80.1993 34.0942 24.0688 4.59738 158.074
80.2993 34.0704 24.1125 4.5994 158.031
80.3993 34.0466 24.1562 4.60141 157.987
80.4993 34.0228 24.2 4.6034 157.943
80.5993 33.9988 24.2437 4.60539 157.899
80.6993 33.9749 24.2875 4.60736 157.856
80.7993 33.9509 24.3313 4.60931 157.812
80.8993 33.9268 24.3751 4.61126 157.768
80.9993 33.9027 24.4189 4.61319 157.724
81.0993 33.8786 24.4627 4.61511 157.68
81.1993 33.8544 24.5065 4.61701 157.637
81.2993 33.8302 24.5503 4.6189 157.593
81.3993 33.8059 24.5942 4.62078 157.549
81.4993 33.7816 24.6381 4.62264 157.505
81.5993 33.7572 24.6819 4.62449 157.461
81.6993 33.7328 24.7258 4.62633 157.417
81.7993 33.7083 24.7697 4.62815 157.373
81.8993 33.6838 24.8136 4.62996 157.329
81.9993 33.6593 24.8575 4.63176 157.285
82.0993 33.6347 24.9015 4.63354 157.242
82.1993 33.61 24.9454 4.63531 157.198
82.2993 33.5854 24.9894 4.63707 157.154
82.3993 33.5606 25.0333 4.63882 157.11
82.4993 33.5359 25.0773 4.64055 157.066
82.5993 33.5111 25.1213 4.64226 157.022
82.6993 33.4862 25.1653 4.64397 156.978
82.7993 33.4613 25.2093 4.64566 156.934
82.8993 33.4364 25.2533 4.64733 156.89
82.9993 33.4114 25.2973 4.64899 156.846
83.0993 33.3863 25.3413 4.65064 156.802
83.1993 33.3613 25.3854 4.65228 156.758
83.2993 33.3362 25.4294 4.6539 156.714
83.3993 33.311 25.4735 4.65551 156.67
83.4993 33.2858 25.5175 4.65711 156.625
83.5993 33.2606 25.5616 4.65869 156.581
83.6993 33.2353 25.6057 4.66026 156.537
83.7993 33.21 25.6498 4.66181 156.493
83.8993 33.1846 25.6939 4.66335 156.449
83.9993 33.1592 25.738 4.66488 156.405
84.0993 33.1337 25.7821 4.66639 156.361
84.1993 33.1082 25.8262 4.66789 156.317
84.2993 33.0827 25.8704 4.66938 156.273
84.3993 33.0571 25.9145 4.67085 156.229
84.4993 33.0315 25.9586 4.67231 156.184
84.5993 33.0058 26.0028 4.67376 156.14
84.6993 32.9802 26.047 4.67519 156.096
84.7993 32.9544 26.0911 4.67661 156.052
84.8993 32.9286 26.1353 4.67801 156.008
84.9993 32.9028 26.1795 4.6794 155.964
85.0993 32.877 26.2237 4.68078 155.919
85.1993 32.8511 26.2679 4.68215 155.875
85.2993 32.8251 26.3121 4.6835 155.831
85.3993 32.7991 26.3563 4.68483 155.787
85.4993 32.7731 26.4005 4.68615 155.743
85.5993 32.7471 26.4447 4.68746 155.698
85.6993 32.721 26.4889 4.68876 155.654
85.7993 32.6948 26.5332 4.69004 155.61
85.8993 32.6686 26.5774 4.69131 155.566
85.9993 32.6424 26.6217 4.69256 155.521
86.0993 32.6162 26.6659 4.6938 155.477
86.1993 32.5899 26.7102 4.69503 155.433
86.2993 32.5635 26.7544 4.69624 155.389
86.3993 32.5372 26.7987 4.69744 155.344
86.4993 32.5108 26.843 4.69862 155.3
86.5993 32.4843 26.8872 4.69979 155.256
86.6992 32.4578 26.9315 4.70095 155.212
86.7992 32.4313 26.9758 4.70209 155.167
86.8992 32.4048 27.0201 4.70322 155.123
86.9992 32.3782 27.0644 4.70434 155.079
87.0992 32.3515 27.1087 4.70544 155.034
87.1992 32.3248 27.153 4.70653 154.99
87.2992 32.2981 27.1973 4.7076 154.946
87.3992 32.2714 27.2416 4.70866 154.901
87.4992 32.2446 27.2859 4.70971 154.857
87.5992 32.2178 27.3302 4.71074 154.813
87.6992 32.1909 27.3745 4.71176 154.768
87.7992 32.164 27.4188 4.71276 154.724
87.8992 32.1371 27.4632 4.71375 154.68
87.9992 32.1101 27.5075 4.71473 154.636
88.0992 32.0831 27.5518 4.71569 154.591
88.1992 32.056 27.5962 4.71664 154.547
88.2992 32.029 27.6405 4.71757 154.503
88.3992 32.0019 27.6848 4.71849 154.458
88.4992 31.9747 27.7292 4.7194 154.414
88.5992 31.9475 27.7735 4.72029 154.37
88.6992 31.9203 27.8178 4.72117 154.325
88.7992 31.893 27.8622 4.72203 154.281
88.8992 31.8657 27.9065 4.72288 154.236
88.9992 31.8384 27.9509 4.72372 154.192
89.0992 31.811 27.9952 4.72454 154.148
89.1992 31.7836 28.0396 4.72535 154.103
89.2992 31.7562 28.0839 4.72614 154.059
89.3992 31.7287 28.1283 4.72692 154.015
89.4992 31.7012 28.1726 4.72769 153.97
89.5992 31.6737 28.217 4.72844 153.926
89.6992 31.6461 28.2613 4.72917 153.882
89.7992 31.6185 28.3057 4.7299 153.837
89.8992 31.5908 28.3501 4.73061 153.793
89.9992 31.5632 28.3944 4.7313 153.749
90.0992 31.5354 28.4388 4.73198 153.704
90.1992 31.5077 28.4831 4.73265 153.66
90.2992 31.4799 28.5275 4.7333 153.616
90.3992 31.4521 28.5718 4.73394 153.571
90.4992 31.4242 28.6162 4.73456 153.527
90.5992 31.3964 28.6605 4.73517 153.482
90.6992 31.3684 28.7049 4.73577 153.438
90.7992 31.3405 28.7492 4.73635 153.394
90.8992 31.3125 28.7936 4.73692 153.349
90.9992 31.2845 28.8379 4.73747 153.305
91.0992 31.2564 28.8823 4.73801 153.261
91.1992 31.2284 28.9266 4.73854 153.216
91.2992 31.2002 28.971 4.73905 153.172
91.3992 31.1721 29.0153 4.73954 153.128
91.4992 31.1439 29.0597 4.74002 153.083
91.5992 31.1157 29.104 4.74049 153.039
91.6992 31.0875 29.1483 4.74095 152.995
91.7992 31.0592 29.1927 4.74138 152.95
91.8992 31.0309 29.237 4.74181 152.906
91.9992 31.0025 29.2813 4.74222 152.862
92.0992 30.9741 29.3257 4.74262 152.817
92.1992 30.9457 29.37 4.743 152.773
92.2992 30.9173 29.4143 4.74337 152.729
92.3992 30.8888 29.4586 4.74372 152.684
92.4992 30.8603 29.5029 4.74406 152.64
92.5992 30.8318 29.5472 4.74438 152.596
92.6992 30.8032 29.5916 4.74469 152.551
92.7992 30.7746 29.6359 4.74499 152.507
92.8992 30.746 29.6802 4.74527 152.463
92.9992 30.7173 29.7245 4.74554 152.419
93.0992 30.6886 29.7687 4.74579 152.374
93.1992 30.6599 29.813 4.74603 152.33
93.2991 30.6311 29.8573 4.74625 152.286
93.3991 30.6024 29.9016 4.74646 152.241
93.4991 30.5735 29.9459 4.74666 152.197
93.5991 30.5447 29.9901 4.74684 152.153
93.6991 30.5158 30.0344 4.747 152.109
93.7991 30.4869 30.0787 4.74716 152.064
93.8991 30.458 30.1229 4.74729 152.02
93.9991 30.429 30.1672 4.74742 151.976
94.0991 30.4 30.2114 4.74752 151.932
94.1991 30.371 30.2557 4.74762 151.887
94.2991 30.3419 30.2999 4.7477 151.843
94.3991 30.3128 30.3441 4.74776 151.799
94.4991 30.2837 30.3883 4.74781 151.755
94.5991 30.2546 30.4325 4.74785 151.71
94.6991 30.2254 30.4768 4.74787 151.666
94.7991 30.1962 30.521 4.74788 151.622
94.8991 30.1669 30.5652 4.74787 151.578
94.9991 30.1377 30.6093 4.74785 151.534
95.0991 30.1084 30.6535 4.74781 151.489
95.1991 30.079 30.6977 4.74776 151.445
95.2991 30.0497 30.7419 4.7477 151.401
95.3991 30.0203 30.786 4.74762 151.357
95.4991 29.9909 30.8302 4.74752 151.313
95.5991 29.9615 30.8743 4.74742 151.269
95.6991 29.932 30.9185 4.74729 151.225
95.7991 29.9025 30.9626 4.74715 151.18
95.8991 29.873 31.0067 4.747 151.136
95.9991 29.8434 31.0508 4.74683 151.092
96.0991 29.8138 31.095 4.74665 151.048
96.1991 29.7842 31.1391 4.74646 151.004
96.2991 29.7546 31.1831 4.74625 150.96
96.3991 29.7249 31.2272 4.74602 150.916
96.4991 29.6952 31.2713 4.74578 150.872
96.5991 29.6655 31.3154 4.74553 150.828
96.6991 29.6357 31.3594 4.74526 150.784
96.7991 29.6059 31.4035 4.74497 150.74
96.8991 29.5761 31.4475 4.74467 150.696
96.9991 29.5463 31.4915 4.74436 150.651
97.0991 29.5164 31.5356 4.74403 150.607
97.1991 29.4866 31.5796 4.74369 150.563
97.2991 29.4566 31.6236 4.74333 150.519
97.3991 29.4267 31.6676 4.74296 150.475
97.4991 29.3967 31.7115 4.74258 150.431
97.5991 29.3667 31.7555 4.74218 150.388
97.6991 29.3367 31.7995 4.74176 150.344
97.7991 29.3066 31.8434 4.74133 150.3
97.8991 29.2766 31.8874 4.74088 150.256
97.9991 29.2464 31.9313 4.74043 150.212
98.0991 29.2163 31.9752 4.73995 150.168
98.1991 29.1862 32.0191 4.73946 150.124
98.2991 29.156 32.063 4.73896 150.08
98.3991 29.1258 32.1069 4.73844 150.036
98.4991 29.0955 32.1508 4.73791 149.992
98.5991 29.0652 32.1946 4.73736 149.948
98.6991 29.035 32.2385 4.7368 149.905
98.7991 29.0046 32.2823 4.73622 149.861
98.8991 28.9743 32.3261 4.73563 149.817
98.9991 28.9439 32.37 4.73502 149.773
99.0991 28.9135 32.4138 4.7344 149.729
99.1991 28.8831 32.4576 4.73376 149.685
99.2991 28.8527 32.5013 4.73311 149.642
99.3991 28.8222 32.5451 4.73245 149.598
99.4991 28.7917 32.5889 4.73177 149.554
99.5991 28.7612 32.6326 4.73107 149.51
99.6991 28.7306 32.6763 4.73036 149.467
99.799 28.7 32.72 4.72964 149.423
99.899 28.6694 32.7637 4.7289 149.379
99.999 28.6388 32.8074 4.72814 149.336
100.099 28.6082 32.8511 4.72738 149.292
100.199 28.5775 32.8948 4.72659 149.248
100.299 28.5468 32.9384 4.72579 149.205
100.399 28.5161 32.982 4.72498 149.161
100.499 28.4853 33.0257 4.72415 149.117
100.599 28.4545 33.0693 4.72331 149.074
100.699 28.4237 33.1129 4.72245 149.03
100.799 28.3929 33.1564 4.72158 148.987
100.899 28.3621 33.2 4.72069 148.943
100.999 28.3312 33.2435 4.71979 148.899
101.099 28.3003 33.2871 4.71887 148.856
101.199 28.2694 33.3306 4.71794 148.812
101.299 28.2384 33.3741 4.717 148.769
101.399 28.2074 33.4176 4.71603 148.725
101.499 28.1764 33.4611 4.71506 148.682
101.599 28.1454 33.5045 4.71407 148.639
101.699 28.1144 33.548 4.71306 148.595
101.799 28.0833 33.5914 4.71204 148.552
101.899 28.0522 33.6348 4.71101 148.508
101.999 28.0211 33.6782 4.70996 148.465
102.099 27.99 33.7216 4.70889 148.421
102.199 27.9588 33.7649 4.70781 148.378
102.299 27.9276 33.8083 4.70672 148.335
102.399 27.8964 33.8516 4.70561 148.291
102.499 27.8652 33.8949 4.70448 148.248
102.599 27.8339 33.9382 4.70334 148.205
102.699 27.8027 33.9815 4.70219 148.162
102.799 27.7714 34.0247 4.70102 148.118
102.899 27.74 34.068 4.69983 148.075
102.999 27.7087 34.1112 4.69864 148.032
103.099 27.6773 34.1544 4.69742 147.989
103.199 27.6459 34.1976 4.69619 147.945
103.299 27.6145 34.2408 4.69495 147.902
103.399 27.5831 34.2839 4.69369 147.859
103.499 27.5516 34.3271 4.69242 147.816
103.599 27.5201 34.3702 4.69113 147.773
103.699 27.4886 34.4133 4.68983 147.73
103.799 27.4571 34.4564 4.68851 147.687
103.899 27.4255 34.4995 4.68718 147.644
103.999 27.394 34.5425 4.68583 147.601
104.099 27.3624 34.5855 4.68447 147.557
104.199 27.3307 34.6285 4.68309 147.514
104.299 27.2991 34.6715 4.6817 147.471
104.399 27.2674 34.7145 4.68029 147.429
104.499 27.2358 34.7575 4.67887 147.386
104.599 27.2041 34.8004 4.67743 147.343
104.699 27.1723 34.8433 4.67598 147.3
104.799 27.1406 34.8862 4.67451 147.257
104.899 27.1088 34.9291 4.67303 147.214
104.999 27.077 34.9719 4.67153 147.171
105.099 27.0452 35.0148 4.67002 147.128
105.199 27.0134 35.0576 4.66849 147.085
105.299 26.9815 35.1004 4.66695 147.043
105.399 26.9496 35.1431 4.66539 147
105.499 26.9177 35.1859 4.66382 146.957
105.599 26.8858 35.2286 4.66224 146.914
105.699 26.8539 35.2713 4.66064 146.872
105.799 26.8219 35.314 4.65902 146.829
105.899 26.7899 35.3567 4.65739 146.786
105.999 26.7579 35.3993 4.65574 146.744
106.099 26.7259 35.442 4.65408 146.701
106.199 26.6938 35.4846 4.65241 146.658
106.299 26.6617 35.5272 4.65071 146.616
106.399 26.6297 35.5697 4.64901 146.573
106.499 26.5975 35.6123 4.64729 146.531
106.599 26.5654 35.6548 4.64555 146.488
106.699 26.5333 35.6973 4.6438 146.446
106.799 26.5011 35.7397 4.64204 146.403
106.899 26.4689 35.7822 4.64025 146.361
106.999 26.4367 35.8246 4.63846 146.318
107.099 26.4044 35.867 4.63665 146.276
107.199 26.3722 35.9094 4.63482 146.234
107.299 26.3399 35.9518 4.63298 146.191
107.399 26.3076 35.9941 4.63113 146.149
107.499 26.2753 36.0364 4.62926 146.107
107.599 26.243 36.0787 4.62737 146.064
107.699 26.2106 36.121 4.62547 146.022
107.799 26.1782 36.1632 4.62356 145.98
107.899 26.1458 36.2054 4.62163 145.938
107.999 26.1134 36.2476 4.61968 145.895
108.099 26.081 36.2898 4.61772 145.853
108.199 26.0485 36.332 4.61575 145.811
108.299 26.0161 36.3741 4.61376 145.769
108.399 25.9836 36.4162 4.61175 145.727
108.499 25.9511 36.4583 4.60973 145.685
108.599 25.9185 36.5003 4.6077 145.643
108.699 25.886 36.5423 4.60565 145.601
108.799 25.8534 36.5843 4.60358 145.559
108.899 25.8208 36.6263 4.6015 145.517
108.999 25.7882 36.6683 4.59941 145.475
109.099 25.7556 36.7102 4.5973 145.433
109.199 25.7229 36.7521 4.59518 145.391
109.299 25.6903 36.794 4.59304 145.349
109.399 25.6576 36.8358 4.59088 145.307
109.499 25.6249 36.8776 4.58871 145.265
109.599 25.5921 36.9194 4.58653 145.224
109.699 25.5594 36.9612 4.58433 145.182
109.799 25.5266 37.003 4.58212 145.14
109.899 25.4939 37.0447 4.57989 145.098
109.999 25.4611 37.0864 4.57764 145.057
110.099 25.4282 37.128 4.57538 145.015
110.199 25.3954 37.1697 4.57311 144.973
110.299 25.3625 37.2113 4.57082 144.932
110.399 25.3297 37.2529 4.56852 144.89
110.499 25.2968 37.2944 4.5662 144.849
110.599 25.2639 37.336 4.56386 144.807
110.699 25.2309 37.3775 4.56152 144.766
110.799 25.198 37.419 4.55915 144.724
110.899 25.165 37.4604 4.55677 144.683
110.999 25.132 37.5018 4.55438 144.641
111.099 25.099 37.5432 4.55197 144.6
111.199 25.066 37.5846 4.54955 144.558
111.299 25.033 37.6259 4.54711 144.517
111.399 24.9999 37.6672 4.54466 144.476
111.499 24.9669 37.7085 4.54219 144.434
111.599 24.9338 37.7498 4.53971 144.393
111.699 24.9007 37.791 4.53721 144.352
111.799 24.8675 37.8322 4.5347 144.311
111.899 24.8344 37.8734 4.53217 144.27
111.999 24.8012 37.9145 4.52963 144.229
112.099 24.768 37.9556 4.52707 144.187
112.199 24.7348 37.9967 4.5245 144.146
112.299 24.7016 38.0378 4.52191 144.105
112.399 24.6684 38.0788 4.51931 144.064
112.499 24.6351 38.1198 4.51669 144.023
112.599 24.6019 38.1607 4.51406 143.982
112.699 24.5686 38.2017 4.51141 143.941
112.799 24.5353 38.2426 4.50875 143.9
112.899 24.502 38.2835 4.50607 143.86
112.999 24.4686 38.3243 4.50338 143.819
113.099 24.4353 38.3651 4.50067 143.778
113.199 24.4019 38.4059 4.49795 143.737
113.299 24.3685 38.4466 4.49522 143.696
113.399 24.3351 38.4874 4.49246 143.656
113.499 24.3017 38.5281 4.4897 143.615
113.599 24.2683 38.5687 4.48692 143.574
113.699 24.2348 38.6094 4.48412 143.534
113.799 24.2013 38.65 4.48131 143.493
113.899 24.1679 38.6905 4.47849 143.453
113.999 24.1343 38.7311 4.47564 143.412
114.099 24.1008 38.7716 4.47279 143.371
114.199 24.0673 38.812 4.46992 143.331
114.299 24.0337 38.8525 4.46703 143.291
114.399 24.0002 38.8929 4.46413 143.25
114.499 23.9666 38.9333 4.46122 143.21
114.599 23.933 38.9736 4.45829 143.169
114.699 23.8994 39.0139 4.45535 143.129
114.799 23.8657 39.0542 4.45239 143.089
114.899 23.8321 39.0945 4.44941 143.049
114.999 23.7984 39.1347 4.44642 143.008
115.099 23.7647 39.1748 4.44342 142.968
115.199 23.731 39.215 4.4404 142.928
115.299 23.6973 39.2551 4.43737 142.888
115.399 23.6636 39.2952 4.43432 142.848
115.499 23.6298 39.3353 4.43126 142.808
115.599 23.5961 39.3753 4.42818 142.768
115.699 23.5623 39.4153 4.42508 142.728
115.799 23.5285 39.4552 4.42198 142.688
115.899 23.4947 39.4951 4.41885 142.648
115.999 23.4609 39.535 4.41572 142.608
116.099 23.427 39.5749 4.41257 142.568
116.199 23.3932 39.6147 4.4094 142.528
116.299 23.3593 39.6545 4.40622 142.489
116.399 23.3254 39.6942 4.40302 142.449
116.499 23.2915 39.7339 4.39981 142.409
116.599 23.2576 39.7736 4.39658 142.369
116.699 23.2236 39.8132 4.39334 142.33
116.799 23.1897 39.8528 4.39009 142.29
116.899 23.1557 39.8924 4.38682 142.251
116.999 23.1217 39.932 4.38353 142.211
117.099 23.0877 39.9715 4.38023 142.172
117.199 23.0537 40.0109 4.37692 142.132
117.299 23.0197 40.0504 4.37359 142.093
117.399 22.9857 40.0898 4.37025 142.053
117.499 22.9516 40.1291 4.36689 142.014
117.599 22.9175 40.1684 4.36351 141.975
117.699 22.8834 40.2077 4.36013 141.935
117.799 22.8493 40.247 4.35672 141.896
117.899 22.8152 40.2862 4.35331 141.857
117.999 22.7811 40.3254 4.34987 141.818
118.099 22.747 40.3645 4.34643 141.778
118.199 22.7128 40.4036 4.34297 141.739
118.299 22.6786 40.4427 4.33949 141.7
118.399 22.6444 40.4817 4.336 141.661
118.499 22.6102 40.5207 4.33249 141.622
118.599 22.576 40.5597 4.32897 141.583
118.699 22.5418 40.5986 4.32544 141.544
118.799 22.5075 40.6375 4.32189 141.505
118.899 22.4733 40.6764 4.31833 141.467
118.999 22.439 40.7152 4.31475 141.428
119.099 22.4047 40.754 4.31115 141.389
119.199 22.3704 40.7927 4.30755 141.35
119.299 22.3361 40.8314 4.30392 141.312
119.399 22.3017 40.8701 4.30029 141.273
119.499 22.2674 40.9087 4.29663 141.234
119.599 22.233 40.9473 4.29297 141.196
119.699 22.1987 40.9858 4.28929 141.157
119.799 22.1643 41.0243 4.28559 141.119
119.899 22.1299 41.0628 4.28188 141.08
119.999 22.0955 41.1012 4.27816 141.042
120.099 22.061 41.1396 4.27442 141.003
120.199 22.0266 41.178 4.27066 140.965
120.299 21.9921 41.2163 4.26689 140.927
120.399 21.9576 41.2546 4.26311 140.888
120.499 21.9232 41.2928 4.25931 140.85
120.599 21.8887 41.331 4.2555 140.812
120.699 21.8541 41.3692 4.25167 140.774
120.799 21.8196 41.4073 4.24783 140.736
120.899 21.7851 41.4454 4.24398 140.698
120.999 21.7505 41.4834 4.24011 140.66
121.099 21.716 41.5214 4.23622 140.622
121.199 21.6814 41.5594 4.23232 140.584
121.299 21.6468 41.5973 4.22841 140.546
121.399 21.6122 41.6352 4.22448 140.508
121.499 21.5776 41.673 4.22054 140.47
121.599 21.5429 41.7108 4.21658 140.432
121.699 21.5083 41.7486 4.21261 140.394
121.799 21.4736 41.7863 4.20862 140.357
121.899 21.4389 41.824 4.20462 140.319
121.999 21.4042 41.8616 4.20061 140.281
122.099 21.3695 41.8992 4.19658 140.244
122.199 21.3348 41.9367 4.19254 140.206
122.299 21.3001 41.9743 4.18848 140.169
122.399 21.2654 42.0117 4.1844 140.131
122.499 21.2306 42.0492 4.18032 140.094
122.599 21.1959 42.0865 4.17622 140.056
122.699 21.1611 42.1239 4.1721 140.019
122.799 21.1263 42.1612 4.16797 139.982
122.899 21.0915 42.1985 4.16383 139.945
122.999 21.0567 42.2357 4.15967 139.907
123.099 21.0218 42.2729 4.15549 139.87
123.199 20.987 42.31 4.15131 139.833
123.299 20.9521 42.3471 4.14711 139.796
123.399 20.9173 42.3841 4.14289 139.759
123.499 20.8824 42.4211 4.13866 139.722
123.599 20.8475 42.4581 4.13441 139.685
123.699 20.8126 42.495 4.13016 139.648
123.799 20.7777 42.5319 4.12588 139.611
123.899 20.7427 42.5688 4.12159 139.574
123.999 20.7078 42.6055 4.11729 139.537
124.099 20.6728 42.6423 4.11298 139.501
124.199 20.6379 42.679 4.10865 139.464
124.299 20.6029 42.7157 4.1043 139.427
124.399 20.5679 42.7523 4.09994 139.391
124.499 20.5329 42.7889 4.09557 139.354
124.599 20.4979 42.8254 4.09118 139.318
124.699 20.4629 42.8619 4.08678 139.281
124.799 20.4278 42.8983 4.08237 139.245
124.899 20.3928 42.9347 4.07794 139.208
124.999 20.3577 42.9711 4.07349 139.172
125.099 20.3226 43.0074 4.06903 139.136
125.199 20.2875 43.0437 4.06456 139.099
125.299 20.2524 43.0799 4.06008 139.063
125.399 20.2173 43.1161 4.05558 139.027
125.499 20.1822 43.1522 4.05106 138.991
125.599 20.1471 43.1883 4.04653 138.955
125.699 20.1119 43.2243 4.04199 138.919
125.799 20.0768 43.2603 4.03743 138.883
125.899 20.0416 43.2963 4.03286 138.847
125.999 20.0064 43.3322 4.02828 138.811
126.099 19.9712 43.3681 4.02368 138.775
126.199 19.936 43.4039 4.01906 138.739
126.299 19.9008 43.4396 4.01444 138.703
126.399 19.8656 43.4754 4.0098 138.668
126.499 19.8303 43.511 4.00514 138.632
126.599 19.7951 43.5467 4.00047 138.596
126.699 19.7598 43.5823 3.99579 138.561
126.799 19.7245 43.6178 3.99109 138.525
126.899 19.6893 43.6533 3.98638 138.49
126.999 19.654 43.6887 3.98165 138.454
127.099 19.6187 43.7241 3.97692 138.419
127.199 19.5833 43.7595 3.97216 138.384
127.299 19.548 43.7948 3.9674 138.348
127.399 19.5127 43.8301 3.96261 138.313
127.499 19.4773 43.8653 3.95782 138.278
127.599 19.4419 43.9004 3.95301 138.243
127.699 19.4066 43.9356 3.94819 138.207
127.799 19.3712 43.9706 3.94335 138.172
127.899 19.3358 44.0057 3.9385 138.137
127.999 19.3004 44.0406 3.93364 138.102
128.099 19.265 44.0756 3.92876 138.067
128.199 19.2295 44.1105 3.92387 138.033
128.299 19.1941 44.1453 3.91896 137.998
128.399 19.1586 44.1801 3.91404 137.963
128.499 19.1232 44.2148 3.90911 137.928
128.599 19.0877 44.2495 3.90416 137.894
128.699 19.0522 44.2842 3.8992 137.859
128.799 19.0167 44.3187 3.89423 137.824
128.899 18.9812 44.3533 3.88924 137.79
128.999 18.9457 44.3878 3.88424 137.755
129.099 18.9101 44.4222 3.87922 137.721
129.199 18.8746 44.4566 3.87419 137.686
129.299 18.8391 44.491 3.86915 137.652
129.399 18.8035 44.5253 3.86409 137.618
129.499 18.7679 44.5595 3.85902 137.583
129.599 18.7323 44.5937 3.85393 137.549
129.699 18.6967 44.6279 3.84884 137.515
129.799 18.6611 44.662 3.84372 137.481
129.899 18.6255 44.6961 3.8386 137.447
129.999 18.5899 44.7301 3.83346 137.413
130.099 18.5543 44.764 3.82831 137.379
130.199 18.5186 44.7979 3.82314 137.345
130.299 18.483 44.8318 3.81796 137.311
130.399 18.4473 44.8656 3.81277 137.277
130.499 18.4116 44.8994 3.80756 137.244
130.599 18.3759 44.9331 3.80234 137.21
130.699 18.3402 44.9667 3.79711 137.176
130.799 18.3045 45.0003 3.79186 137.143
130.899 18.2688 45.0339 3.7866 137.109
130.999 18.2331 45.0674 3.78133 137.076
131.099 18.1974 45.1008 3.77604 137.042
131.199 18.1616 45.1342 3.77074 137.009
131.299 18.1259 45.1676 3.76543 136.975
131.399 18.0901 45.2009 3.7601 136.942
131.499 18.0543 45.2341 3.75476 136.909
131.599 18.0185 45.2673 3.7494 136.876
131.699 17.9827 45.3005 3.74403 136.843
131.799 17.9469 45.3336 3.73865 136.809
131.899 17.9111 45.3666 3.73326 136.776
131.999 17.8753 45.3996 3.72785 136.743
132.099 17.8395 45.4325 3.72243 136.71
132.199 17.8036 45.4654 3.71699 136.678
132.299 17.7678 45.4983 3.71155 136.645
132.399 17.7319 45.531 3.70609 136.612
132.499 17.696 45.5638 3.70061 136.579
132.599 17.6602 45.5965 3.69512 136.547
132.699 17.6243 45.6291 3.68962 136.514
132.799 17.5884 45.6617 3.68411 136.481
132.899 17.5525 45.6942 3.67858 136.449
132.999 17.5165 45.7266 3.67304 136.416
133.099 17.4806 45.7591 3.66749 136.384
133.199 17.4447 45.7914 3.66192 136.352
133.299 17.4087 45.8237 3.65634 136.319
133.399 17.3728 45.856 3.65075 136.287
133.499 17.3368 45.8882 3.64514 136.255
133.599 17.3008 45.9203 3.63952 136.223
133.699 17.2648 45.9524 3.63389 136.191
133.799 17.2288 45.9845 3.62825 136.159
133.899 17.1928 46.0165 3.62259 136.127
133.999 17.1568 46.0484 3.61692 136.095
134.099 17.1208 46.0803 3.61123 136.063
134.199 17.0848 46.1121 3.60554 136.031
134.299 17.0487 46.1439 3.59983 135.999
134.399 17.0127 46.1756 3.5941 135.967
134.499 16.9766 46.2073 3.58837 135.936
134.599 16.9406 46.2389 3.58262 135.904
134.699 16.9045 46.2705 3.57686 135.873
134.799 16.8684 46.302 3.57108 135.841
134.899 16.8323 46.3334 3.56529 135.81
134.999 16.7962 46.3648 3.55949 135.778
135.099 16.7601 46.3961 3.55368 135.747
135.199 16.724 46.4274 3.54785 135.716
135.299 16.6878 46.4587 3.54201 135.684
135.399 16.6517 46.4898 3.53616 135.653
135.499 16.6156 46.5209 3.5303 135.622
135.599 16.5794 46.552 3.52442 135.591
135.699 16.5432 46.583 3.51853 135.56
135.799 16.5071 46.614 3.51263 135.529
135.899 16.4709 46.6449 3.50671 135.498
135.999 16.4347 46.6757 3.50078 135.467
136.099 16.3985 46.7065 3.49484 135.437
136.199 16.3623 46.7372 3.48889 135.406
136.299 16.3261 46.7679 3.48292 135.375
136.399 16.2899 46.7985 3.47694 135.344
136.499 16.2536 46.8291 3.47095 135.314
136.599 16.2174 46.8596 3.46495 135.283
136.699 16.1811 46.89 3.45893 135.253
136.799 16.1449 46.9204 3.4529 135.223
136.899 16.1086 46.9508 3.44686 135.192
136.999 16.0723 46.9811 3.44081 135.162
137.099 16.0361 47.0113 3.43474 135.132
137.199 15.9998 47.0414 3.42866 135.102
137.299 15.9635 47.0716 3.42257 135.071
137.399 15.9272 47.1016 3.41646 135.041
137.499 15.8908 47.1316 3.41035 135.011
137.599 15.8545 47.1616 3.40422 134.981
137.699 15.8182 47.1914 3.39808 134.952
137.799 15.7818 47.2213 3.39192 134.922
137.899 15.7455 47.251 3.38576 134.892
137.999 15.7091 47.2807 3.37958 134.862
138.099 15.6728 47.3104 3.37339 134.833
138.199 15.6364 47.34 3.36718 134.803
138.299 15.6 47.3695 3.36097 134.773
138.399 15.5636 47.399 3.35474 134.744
138.499 15.5272 47.4284 3.3485 134.715
138.599 15.4908 47.4578 3.34225 134.685
138.699 15.4544 47.4871 3.33599 134.656
138.799 15.418 47.5163 3.32971 134.627
138.899 15.3816 47.5455 3.32342 134.597
138.999 15.3452 47.5747 3.31712 134.568
139.099 15.3087 47.6037 3.31081 134.539
139.199 15.2723 47.6328 3.30448 134.51
139.299 15.2358 47.6617 3.29814 134.481
139.399 15.1993 47.6906 3.29179 134.452
139.499 15.1629 47.7194 3.28543 134.424
139.599 15.1264 47.7482 3.27906 134.395
139.699 15.0899 47.7769 3.27267 134.366
139.799 15.0534 47.8056 3.26628 134.337
139.899 15.0169 47.8342 3.25987 134.309
139.999 14.9804 47.8628 3.25345 134.28
140.099 14.9439 47.8912 3.24701 134.252
140.199 14.9073 47.9197 3.24057 134.223
140.299 14.8708 47.948 3.23411 134.195
140.399 14.8343 47.9763 3.22764 134.167
140.499 14.7977 48.0046 3.22116 134.138
140.599 14.7612 48.0328 3.21467 134.11
140.699 14.7246 48.0609 3.20816 134.082
140.799 14.688 48.089 3.20165 134.054
140.899 14.6515 48.117 3.19512 134.026
140.999 14.6149 48.1449 3.18858 133.998
141.099 14.5783 48.1728 3.18203 133.97
141.199 14.5417 48.2006 3.17547 133.942
141.299 14.5051 48.2284 3.16889 133.915
141.399 14.4685 48.2561 3.1623 133.887
141.499 14.4318 48.2837 3.15571 133.859
141.599 14.3952 48.3113 3.1491 133.832
141.699 14.3586 48.3388 3.14247 133.804
141.799 14.3219 48.3663 3.13584 133.777
141.899 14.2853 48.3937 3.1292 133.749
141.999 14.2486 48.421 3.12254 133.722
142.099 14.212 48.4483 3.11587 133.695
142.199 14.1753 48.4755 3.10919 133.667
142.299 14.1386 48.5027 3.1025 133.64
142.399 14.1019 48.5298 3.0958 133.613
142.499 14.0652 48.5568 3.08909 133.586
142.6 14.0285 48.5838 3.08236 133.559
142.7 13.9918 48.6107 3.07562 133.532
142.8 13.9551 48.6376 3.06888 133.505
142.9 13.9184 48.6644 3.06212 133.479
143 13.8817 48.6911 3.05535 133.452
143.1 13.8449 48.7177 3.04857 133.425
143.2 13.8082 48.7443 3.04177 133.399
143.3 13.7715 48.7709 3.03497 133.372
143.4 13.7347 48.7974 3.02815 133.346
143.5 13.698 48.8238 3.02132 133.319
143.6 13.6612 48.8501 3.01449 133.293
143.7 13.6244 48.8764 3.00764 133.267
143.8 13.5876 48.9027 3.00078 133.24
143.9 13.5509 48.9288 2.9939 133.214
144 13.5141 48.9549 2.98702 133.188
144.1 13.4773 48.981 2.98013 133.162
144.2 13.4405 49.007 2.97322 133.136
144.3 13.4036 49.0329 2.96631 133.11
144.4 13.3668 49.0587 2.95938 133.084
144.5 13.33 49.0845 2.95244 133.059
144.6 13.2932 49.1102 2.94549 133.033
144.7 13.2563 49.1359 2.93853 133.007
144.8 13.2195 49.1615 2.93156 132.982
144.9 13.1826 49.187 2.92458 132.956
145 13.1458 49.2125 2.91759 132.931
145.1 13.1089 49.2379 2.91058 132.905
145.2 13.072 49.2633 2.90357 132.88
145.3 13.0352 49.2886 2.89654 132.854
145.4 12.9983 49.3138 2.88951 132.829
145.5 12.9614 49.3389 2.88246 132.804
145.6 12.9245 49.364 2.8754 132.779
145.7 12.8876 49.3891 2.86834 132.754
145.8 12.8507 49.414 2.86126 132.729
145.9 12.8138 49.4389 2.85417 132.704
146 12.7769 49.4638 2.84707 132.679
146.1 12.7399 49.4885 2.83995 132.654
146.2 12.703 49.5132 2.83283 132.63
146.3 12.6661 49.5379 2.8257 132.605
146.4 12.6291 49.5625 2.81856 132.581
146.5 12.5922 49.587 2.8114 132.556
146.6 12.5552 49.6114 2.80424 132.532
146.7 12.5183 49.6358 2.79707 132.507
146.8 12.4813 49.6601 2.78988 132.483
146.9 12.4443 49.6844 2.78269 132.459
147 12.4073 49.7086 2.77548 132.434
147.1 12.3704 49.7327 2.76826 132.41
147.2 12.3334 49.7568 2.76104 132.386
147.3 12.2964 49.7808 2.7538 132.362
147.4 12.2594 49.8047 2.74655 132.338
147.5 12.2224 49.8286 2.7393 132.314
147.6 12.1854 49.8524 2.73203 132.291
147.7 12.1483 49.8761 2.72475 132.267
147.8 12.1113 49.8998 2.71746 132.243
147.9 12.0743 49.9234 2.71016 132.22
148 12.0372 49.9469 2.70285 132.196
148.1 12.0002 49.9704 2.69554 132.173
148.2 11.9631 49.9938 2.68821 132.149
148.3 11.9261 50.0172 2.68087 132.126
148.4 11.889 50.0404 2.67352 132.103
148.5 11.852 50.0636 2.66616 132.079
148.6 11.8149 50.0868 2.65879 132.056
148.7 11.7778 50.1099 2.65141 132.033
148.8 11.7407 50.1329 2.64402 132.01
148.9 11.7037 50.1558 2.63662 131.987
149 11.6666 50.1787 2.62921 131.964
149.1 11.6295 50.2015 2.62179 131.942
149.2 11.5924 50.2243 2.61436 131.919
149.3 11.5553 50.2469 2.60693 131.896
149.4 11.5181 50.2696 2.59948 131.873
149.5 11.481 50.2921 2.59202 131.851
149.6 11.4439 50.3146 2.58455 131.828
149.7 11.4068 50.337 2.57707 131.806
149.8 11.3696 50.3593 2.56959 131.784
149.9 11.3325 50.3816 2.56209 131.761
150 11.2953 50.4038 2.55458 131.739
150.1 11.2582 50.426 2.54706 131.717
150.2 11.221 50.4481 2.53954 131.695
150.3 11.1839 50.4701 2.532 131.673
150.4 11.1467 50.492 2.52446 131.651
150.5 11.1095 50.5139 2.5169 131.629
150.6 11.0724 50.5357 2.50934 131.607
150.7 11.0352 50.5574 2.50176 131.586
150.8 10.998 50.5791 2.49418 131.564
150.9 10.9608 50.6007 2.48659 131.542
151 10.9236 50.6223 2.47898 131.521
151.1 10.8864 50.6437 2.47137 131.499
151.2 10.8492 50.6651 2.46375 131.478
151.3 10.812 50.6865 2.45612 131.457
151.4 10.7748 50.7077 2.44848 131.435
151.5 10.7375 50.7289 2.44083 131.414
151.6 10.7003 50.7501 2.43317 131.393
151.7 10.6631 50.7711 2.42551 131.372
151.8 10.6258 50.7921 2.41783 131.351
151.9 10.5886 50.8131 2.41014 131.33
152 10.5514 50.8339 2.40245 131.309
152.1 10.5141 50.8547 2.39474 131.288
152.2 10.4768 50.8754 2.38703 131.268
152.3 10.4396 50.8961 2.37931 131.247
152.4 10.4023 50.9167 2.37158 131.226
152.5 10.3651 50.9372 2.36384 131.206
152.6 10.3278 50.9576 2.35609 131.185
152.7 10.2905 50.978 2.34833 131.165
152.8 10.2532 50.9983 2.34056 131.145
152.9 10.2159 51.0186 2.33279 131.124
153 10.1786 51.0387 2.325 131.104
153.1 10.1413 51.0588 2.31721 131.084
153.2 10.104 51.0789 2.3094 131.064
153.3 10.0667 51.0988 2.30159 131.044
153.4 10.0294 51.1187 2.29377 131.024
153.5 9.99209 51.1386 2.28594 131.004
153.6 9.95477 51.1583 2.27811 130.985
153.7 9.91744 51.178 2.27026 130.965
153.8 9.88011 51.1976 2.2624 130.945
153.9 9.84278 51.2172 2.25454 130.926
154 9.80544 51.2367 2.24667 130.906
154.1 9.76809 51.2561 2.23879 130.887
154.2 9.73074 51.2754 2.2309 130.868
154.3 9.69339 51.2947 2.223 130.848
154.4 9.65603 51.3139 2.21509 130.829
154.5 9.61867 51.333 2.20718 130.81
154.6 9.58131 51.3521 2.19926 130.791
154.7 9.54394 51.3711 2.19132 130.772
154.8 9.50656 51.39 2.18338 130.753
154.9 9.46918 51.4088 2.17544 130.734
155 9.4318 51.4276 2.16748 130.715
155.1 9.39441 51.4463 2.15951 130.697
155.2 9.35702 51.465 2.15154 130.678
155.3 9.31962 51.4835 2.14356 130.659
155.4 9.28223 51.502 2.13557 130.641
155.5 9.24482 51.5205 2.12757 130.623
155.6 9.20741 51.5388 2.11957 130.604
155.7 9.17 51.5571 2.11155 130.586
155.8 9.13258 51.5753 2.10353 130.568
155.9 9.09516 51.5935 2.0955 130.55
156 9.05774 51.6116 2.08746 130.531
156.1 9.02031 51.6296 2.07941 130.513
156.2 8.98288 51.6475 2.07136 130.496
156.3 8.94544 51.6654 2.0633 130.478
156.4 8.908 51.6832 2.05523 130.46
156.5 8.87056 51.7009 2.04715 130.442
156.6 8.83311 51.7185 2.03906 130.424
156.7 8.79565 51.7361 2.03097 130.407
156.8 8.7582 51.7536 2.02287 130.389
156.9 8.72074 51.7711 2.01476 130.372
157 8.68327 51.7884 2.00664 130.355
157.1 8.6458 51.8057 1.99852 130.337
157.2 8.60833 51.823 1.99039 130.32
157.3 8.57086 51.8401 1.98225 130.303
157.4 8.53338 51.8572 1.9741 130.286
157.5 8.49589 51.8742 1.96594 130.269
157.6 8.45841 51.8912 1.95778 130.252
157.7 8.42092 51.908 1.94961 130.235
157.8 8.38342 51.9248 1.94143 130.218
157.9 8.34592 51.9415 1.93325 130.201
158 8.30842 51.9582 1.92506 130.185
158.1 8.27091 51.9748 1.91686 130.168
158.2 8.2334 51.9913 1.90865 130.152
158.3 8.19589 52.0077 1.90043 130.135
158.4 8.15837 52.0241 1.89221 130.119
158.5 8.12085 52.0404 1.88398 130.103
158.6 8.08333 52.0566 1.87575 130.086
158.7 8.0458 52.0727 1.8675 130.07
158.8 8.00827 52.0888 1.85925 130.054
158.9 7.97074 52.1048 1.85099 130.038
159.001 7.9332 52.1208 1.84273 130.022
159.101 7.89566 52.1366 1.83446 130.006
159.201 7.85811 52.1524 1.82618 129.991
159.301 7.82056 52.1681 1.81789 129.975
159.401 7.78301 52.1838 1.8096 129.959
159.501 7.74546 52.1993 1.8013 129.944
159.601 7.7079 52.2148 1.79299 129.928
159.701 7.67034 52.2303 1.78467 129.913
159.801 7.63277 52.2456 1.77635 129.897
159.901 7.5952 52.2609 1.76802 129.882
160.001 7.55763 52.2761 1.75969 129.867
160.101 7.52005 52.2912 1.75135 129.852
160.201 7.48247 52.3063 1.743 129.837
160.301 7.44489 52.3213 1.73464 129.822
160.401 7.40731 52.3362 1.72628 129.807
160.501 7.36972 52.351 1.71791 129.792
160.601 7.33213 52.3658 1.70954 129.777
160.701 7.29453 52.3805 1.70116 129.763
160.801 7.25693 52.3951 1.69277 129.748
160.901 7.21933 52.4097 1.68437 129.733
161.001 7.18173 52.4242 1.67597 129.719
161.101 7.14412 52.4386 1.66756 129.704
161.201 7.10651 52.4529 1.65915 129.69
161.301 7.06889 52.4672 1.65073 129.676
161.401 7.03128 52.4813 1.6423 129.662
161.501 6.99366 52.4955 1.63387 129.648
161.601 6.95603 52.5095 1.62543 129.634
161.701 6.91841 52.5235 1.61698 129.62
161.801 6.88078 52.5373 1.60853 129.606
161.901 6.84315 52.5512 1.60007 129.592
162.001 6.80551 52.5649 1.59161 129.578
162.101 6.76787 52.5786 1.58314 129.564
162.201 6.73023 52.5922 1.57466 129.551
162.301 6.69259 52.6057 1.56618 129.537
162.401 6.65494 52.6191 1.55769 129.524
162.501 6.61729 52.6325 1.54919 129.51
162.601 6.57964 52.6458 1.54069 129.497
162.701 6.54198 52.6591 1.53218 129.484
162.801 6.50432 52.6722 1.52367 129.471
162.901 6.46666 52.6853 1.51515 129.458
163.001 6.429 52.6983 1.50662 129.445
163.101 6.39133 52.7112 1.49809 129.432
163.201 6.35366 52.7241 1.48956 129.419
163.301 6.31599 52.7369 1.48101 129.406
163.401 6.27831 52.7496 1.47247 129.393
163.501 6.24064 52.7622 1.46391 129.381
163.601 6.20295 52.7748 1.45535 129.368
163.701 6.16527 52.7873 1.44679 129.356
163.801 6.12759 52.7997 1.43822 129.343
163.901 6.0899 52.812 1.42964 129.331
164.001 6.05221 52.8243 1.42106 129.319
164.101 6.01451 52.8365 1.41247 129.307
164.201 5.97682 52.8486 1.40388 129.294
164.301 5.93912 52.8606 1.39528 129.282
164.401 5.90142 52.8726 1.38667 129.27
164.501 5.86371 52.8845 1.37807 129.259
164.601 5.826 52.8963 1.36945 129.247
164.701 5.7883 52.908 1.36083 129.235
164.801 5.75058 52.9197 1.35221 129.223
164.901 5.71287 52.9313 1.34358 129.212
165.001 5.67515 52.9428 1.33494 129.2
165.101 5.63743 52.9542 1.3263 129.189
165.201 5.59971 52.9656 1.31765 129.177
165.301 5.56199 52.9769 1.309 129.166
165.401 5.52426 52.9881 1.30034 129.155
165.501 5.48653 52.9993 1.29168 129.144
165.601 5.4488 53.0103 1.28302 129.133
165.701 5.41107 53.0213 1.27435 129.122
165.801 5.37333 53.0322 1.26567 129.111
165.901 5.3356 53.0431 1.25699 129.1
166.001 5.29786 53.0539 1.2483 129.089
166.101 5.26011 53.0646 1.23961 129.078
166.201 5.22237 53.0752 1.23091 129.068
166.301 5.18462 53.0857 1.22221 129.057
166.401 5.14687 53.0962 1.21351 129.047
166.501 5.10912 53.1066 1.2048 129.036
166.601 5.07137 53.1169 1.19608 129.026
166.701 5.03361 53.1271 1.18736 129.016
166.801 4.99585 53.1373 1.17864 129.006
166.901 4.95809 53.1474 1.16991 128.996
167.001 4.92033 53.1574 1.16118 128.986
167.101 4.88257 53.1673 1.15244 128.976
167.201 4.8448 53.1772 1.1437 128.966
167.301 4.80703 53.187 1.13495 128.956
167.401 4.76926 53.1967 1.1262 128.946
167.501 4.73149 53.2063 1.11744 128.937
167.601 4.69371 53.2159 1.10868 128.927
167.701 4.65594 53.2254 1.09992 128.918
167.801 4.61816 53.2348 1.09115 128.908
167.901 4.58038 53.2441 1.08238 128.899
168.001 4.5426 53.2534 1.0736 128.89
168.101 4.50481 53.2626 1.06482 128.88
168.201 4.46702 53.2717 1.05603 128.871
168.301 4.42924 53.2807 1.04724 128.862
168.401 4.39145 53.2897 1.03845 128.853
168.501 4.35365 53.2986 1.02965 128.844
168.601 4.31586 53.3074 1.02085 128.836
168.701 4.27806 53.3161 1.01204 128.827
168.801 4.24027 53.3247 1.00323 128.818
168.901 4.20247 53.3333 0.994421 128.81
169.001 4.16467 53.3418 0.985603 128.801
169.101 4.12686 53.3503 0.976782 128.793
169.201 4.08906 53.3586 0.967957 128.784
169.301 4.05125 53.3669 0.959128 128.776
169.401 4.01344 53.3751 0.950295 128.768
169.501 3.97563 53.3832 0.941459 128.76
169.601 3.93782 53.3912 0.932618 128.752
169.701 3.90001 53.3992 0.923775 128.744
169.801 3.86219 53.4071 0.914927 128.736
169.901 3.82438 53.4149 0.906076 128.728
170.001 3.78656 53.4227 0.897222 128.72
170.101 3.74874 53.4303 0.888364 128.713
170.201 3.71092 53.4379 0.879502 128.705
170.301 3.6731 53.4454 0.870637 128.698
170.401 3.63527 53.4529 0.861769 128.69
170.501 3.59745 53.4602 0.852897 128.683
170.601 3.55962 53.4675 0.844022 128.676
170.701 3.52179 53.4747 0.835144 128.668
170.801 3.48396 53.4818 0.826262 128.661
170.901 3.44613 53.4889 0.817377 128.654
171.001 3.40829 53.4959 0.808489 128.647
171.101 3.37046 53.5028 0.799598 128.64
171.201 3.33262 53.5096 0.790703 128.633
171.301 3.29478 53.5163 0.781806 128.627
171.401 3.25694 53.523 0.772905 128.62
171.501 3.2191 53.5296 0.764002 128.613
171.601 3.18126 53.5361 0.755095 128.607
171.701 3.14342 53.5425 0.746186 128.6
171.801 3.10557 53.5489 0.737273 128.594
171.901 3.06773 53.5552 0.728358 128.588
172.001 3.02988 53.5614 0.71944 128.582
172.101 2.99203 53.5675 0.710519 128.575
172.201 2.95418 53.5736 0.701595 128.569
172.301 2.91633 53.5796 0.692668 128.563
172.401 2.87848 53.5855 0.683739 128.558
172.501 2.84063 53.5913 0.674807 128.552
172.601 2.80277 53.5971 0.665872 128.546
172.701 2.76492 53.6027 0.656935 128.54
172.801 2.72706 53.6083 0.647995 128.535
172.901 2.6892 53.6139 0.639053 128.529
173.001 2.65134 53.6193 0.630108 128.524
173.101 2.61348 53.6247 0.621161 128.518
173.201 2.57562 53.63 0.612211 128.513
173.301 2.53776 53.6352 0.603259 128.508
173.401 2.49989 53.6403 0.594305 128.503
173.501 2.46203 53.6454 0.585348 128.498
173.601 2.42416 53.6503 0.576389 128.493
173.701 2.38629 53.6553 0.567427 128.488
173.801 2.34843 53.6601 0.558464 128.483
173.901 2.31056 53.6648 0.549498 128.478
174.001 2.27269 53.6695 0.54053 128.474
174.101 2.23482 53.6741 0.53156 128.469
174.201 2.19695 53.6786 0.522588 128.464
174.301 2.15907 53.6831 0.513613 128.46
174.401 2.1212 53.6874 0.504637 128.456
174.501 2.08333 53.6917 0.495659 128.451
174.601 2.04545 53.6959 0.486679 128.447
174.701 2.00757 53.7001 0.477697 128.443
174.801 1.9697 53.7041 0.468713 128.439
174.901 1.93182 53.7081 0.459727 128.435
175.001 1.89394 53.712 0.450739 128.431
175.101 1.85606 53.7158 0.44175 128.427
175.201 1.81818 53.7196 0.432759 128.423
175.301 1.7803 53.7233 0.423766 128.42
175.402 1.74242 53.7269 0.414772 128.416
175.502 1.70454 53.7304 0.405776 128.413
175.602 1.66665 53.7338 0.396778 128.409
175.702 1.62877 53.7372 0.387779 128.406
175.802 1.59088 53.7405 0.378778 128.403
175.902 1.553 53.7437 0.369776 128.399
176.002 1.51511 53.7468 0.360772 128.396
176.102 1.47723 53.7499 0.351767 128.393
176.202 1.43934 53.7528 0.34276 128.39
176.302 1.40145 53.7557 0.333752 128.387
176.402 1.36356 53.7586 0.324743 128.384
176.502 1.32567 53.7613 0.315733 128.382
176.602 1.28778 53.764 0.306721 128.379
176.702 1.24989 53.7666 0.297708 128.376
176.802 1.212 53.7691 0.288694 128.374
176.902 1.17411 53.7715 0.279679 128.372
177.002 1.13622 53.7739 0.270663 128.369
177.102 1.09833 53.7761 0.261645 128.367
177.202 1.06044 53.7784 0.252627 128.365
177.302 1.02254 53.7805 0.243608 128.363
177.402 0.98465 53.7825 0.234587 128.36
177.502 0.946756 53.7845 0.225566 128.359
177.602 0.908862 53.7864 0.216544 128.357
177.702 0.870968 53.7882 0.207521 128.355
177.802 0.833073 53.79 0.198497 128.353
177.902 0.795177 53.7916 0.189472 128.351
178.002 0.757282 53.7932 0.180447 128.35
178.102 0.719386 53.7947 0.171421 128.348
178.202 0.68149 53.7961 0.162394 128.347
178.302 0.643593 53.7975 0.153367 128.346
178.402 0.605696 53.7988 0.144339 128.344
178.502 0.567799 53.8 0.135311 128.343
178.602 0.529902 53.8011 0.126281 128.342
178.702 0.492004 53.8021 0.117252 128.341
178.802 0.454107 53.8031 0.108222 128.34
178.902 0.416209 53.804 0.0991915 128.339
179.002 0.378311 53.8048 0.0901607 128.338
179.102 0.340412 53.8055 0.0811295 128.337
179.202 0.302514 53.8062 0.072098 128.337
179.302 0.264615 53.8068 0.0630662 128.336
179.402 0.226717 53.8073 0.0540342 128.336
179.502 0.188818 53.8077 0.0450019 128.335
179.602 0.150919 53.808 0.0359695 128.335
179.702 0.11302 53.8083 0.0269369 128.335
179.802 0.0751214 53.8085 0.0179043 128.335
179.902 0.0372225 53.8086 0.00887154 128.334
