0 5.0792e-15 6.88231 0 170.481
0.1 0.0723871 6.88234 0.00531542 170.481
0.2 0.144773 6.88242 0.0106308 170.481
0.3 0.217157 6.88255 0.0159462 170.48
0.4 0.289539 6.88273 0.0212615 170.48
0.5 0.361917 6.88297 0.0265768 170.48
0.6 0.43429 6.88326 0.031892 170.48
0.7 0.506657 6.8836 0.0372072 170.479
0.8 0.579018 6.88399 0.0425222 170.479
0.9 0.651371 6.88444 0.0478371 170.479
1 0.723716 6.88494 0.0531519 170.478
1.1 0.796052 6.88549 0.0584666 170.478
1.2 0.868377 6.8861 0.0637811 170.477
1.3 0.940691 6.88675 0.0690955 170.476
1.4 1.01299 6.88746 0.0744096 170.476
1.5 1.08528 6.88823 0.0797236 170.475
1.6 1.15756 6.88904 0.0850374 170.474
1.7 1.22982 6.88991 0.0903509 170.473
1.8 1.30206 6.89083 0.0956643 170.472
1.9 1.37429 6.8918 0.100977 170.471
2 1.4465 6.89282 0.10629 170.47
2.1 1.51869 6.8939 0.111603 170.469
2.2 1.59086 6.89503 0.116915 170.468
2.3 1.66301 6.89621 0.122227 170.467
2.4 1.73514 6.89745 0.127539 170.466
2.5 1.80725 6.89873 0.13285 170.464
2.6 1.87933 6.90007 0.138161 170.463
2.7 1.95139 6.90147 0.143471 170.462
2.8 2.02342 6.90291 0.148782 170.46
2.9 2.09543 6.90441 0.154092 170.459
3 2.16741 6.90596 0.159401 170.457
3.1 2.23937 6.90756 0.16471 170.455
3.2 2.31129 6.90922 0.170019 170.454
3.3 2.38319 6.91092 0.175327 170.452
3.4 2.45505 6.91268 0.180635 170.45
3.5 2.52689 6.91449 0.185942 170.449
3.6 2.59869 6.91636 0.191249 170.447
3.7 2.67045 6.91828 0.196555 170.445
3.8 2.74219 6.92025 0.201861 170.443
3.9 2.81388 6.92227 0.207166 170.441
4 2.88555 6.92434 0.212471 170.439
4.1 2.95717 6.92647 0.217775 170.437
4.2 3.02876 6.92865 0.223079 170.434
4.3 3.10031 6.93088 0.228382 170.432
4.4 3.17181 6.93316 0.233684 170.43
4.5 3.24328 6.9355 0.238986 170.428
4.6 3.31471 6.93789 0.244287 170.425
4.7 3.38609 6.94033 0.249588 170.423
4.8 3.45744 6.94282 0.254888 170.42
4.9 3.52873 6.94537 0.260187 170.418
5 3.59998 6.94797 0.265486 170.415
5.1 3.67119 6.95062 0.270784 170.412
5.2 3.74235 6.95332 0.276081 170.41
5.3 3.81346 6.95608 0.281378 170.407
5.4 3.88453 6.95888 0.286674 170.404
5.5 3.95554 6.96174 0.291969 170.401
5.6 4.0265 6.96466 0.297263 170.398
5.7 4.09742 6.96762 0.302557 170.395
5.8 4.16828 6.97064 0.30785 170.392
5.9 4.23909 6.97371 0.313142 170.389
6 4.30984 6.97683 0.318433 170.386
6.1 4.38054 6.98 0.323723 170.383
6.2 4.45118 6.98323 0.329013 170.38
6.3 4.52177 6.98651 0.334302 170.377
6.4 4.5923 6.98984 0.339589 170.373
6.5 4.66278 6.99322 0.344876 170.37
6.6 4.73319 6.99666 0.350162 170.366
6.7 4.80355 7.00014 0.355448 170.363
6.8 4.87384 7.00368 0.360732 170.359
6.9 4.94407 7.00727 0.366015 170.356
7 5.01425 7.01092 0.371298 170.352
7.1 5.08435 7.01461 0.376579 170.348
7.2 5.1544 7.01836 0.38186 170.345
7.3 5.22438 7.02216 0.387139 170.341
7.4 5.29429 7.02601 0.392418 170.337
7.5 5.36414 7.02992 0.397695 170.333
7.6 5.43392 7.03388 0.402972 170.329
7.7 5.50363 7.03788 0.408247 170.325
7.79999 5.57328 7.04195 0.413521 170.321
7.89999 5.64285 7.04606 0.418795 170.317
7.99999 5.71236 7.05022 0.424067 170.313
8.09999 5.78179 7.05444 0.429338 170.309
8.2 5.85115 7.05871 0.434608 170.304
8.3 5.92044 7.06303 0.439877 170.3
8.4 5.98966 7.0674 0.445145 170.296
8.5 6.0588 7.07183 0.450412 170.291
8.6 6.12786 7.07631 0.455677 170.287
8.7 6.19686 7.08083 0.460941 170.282
8.8 6.26577 7.08542 0.466205 170.278
8.9 6.33461 7.09005 0.471466 170.273
9 6.40336 7.09473 0.476727 170.268
9.1 6.47204 7.09947 0.481987 170.264
9.2 6.54064 7.10426 0.487245 170.259
9.3 6.60916 7.1091 0.492502 170.254
9.4 6.6776 7.11399 0.497758 170.249
9.5 6.74596 7.11894 0.503012 170.244
9.6 6.81423 7.12393 0.508265 170.239
9.7 6.88242 7.12898 0.513517 170.234
9.8 6.95053 7.13408 0.518768 170.229
9.9 7.01855 7.13923 0.524017 170.224
10 7.08648 7.14443 0.529265 170.219
10.1 7.15433 7.14969 0.534511 170.213
10.2 7.22209 7.155 0.539756 170.208
10.3 7.28977 7.16035 0.545 170.203
10.4 7.35735 7.16576 0.550242 170.197
10.5 7.42485 7.17123 0.555483 170.192
10.6 7.49226 7.17674 0.560722 170.186
10.7 7.55957 7.1823 0.56596 170.181
10.8 7.6268 7.18792 0.571197 170.175
10.9 7.69393 7.19359 0.576432 170.169
11 7.76097 7.19931 0.581665 170.164
11.1 7.82791 7.20508 0.586898 170.158
11.2 7.89477 7.2109 0.592128 170.152
11.3 7.96152 7.21678 0.597357 170.146
11.4 8.02818 7.22271 0.602585 170.14
11.5 8.09475 7.22868 0.607811 170.134
11.6 8.16122 7.23471 0.613035 170.128
11.7 8.22759 7.24079 0.618258 170.122
11.8 8.29386 7.24693 0.623479 170.116
11.9 8.36003 7.25311 0.628698 170.11
12 8.42611 7.25935 0.633916 170.104
12.1 8.49208 7.26563 0.639133 170.097
12.2 8.55796 7.27197 0.644347 170.091
12.3 8.62373 7.27836 0.64956 170.085
12.4 8.6894 7.2848 0.654772 170.078
12.5 8.75496 7.29129 0.659981 170.072
12.6 8.82043 7.29784 0.665189 170.065
12.7 8.88579 7.30443 0.670395 170.059
12.8 8.95104 7.31108 0.6756 170.052
12.9 9.01619 7.31777 0.680803 170.045
13 9.08123 7.32452 0.686004 170.038
13.1 9.14617 7.33132 0.691203 170.032
13.2 9.211 7.33817 0.6964 170.025
13.3 9.27572 7.34507 0.701596 170.018
13.4 9.34034 7.35203 0.70679 170.011
13.5 9.40484 7.35903 0.711982 170.004
13.6 9.46924 7.36609 0.717172 169.997
13.7 9.53353 7.37319 0.72236 169.99
13.8 9.5977 7.38035 0.727547 169.983
13.9 9.66176 7.38756 0.732731 169.975
14 9.72572 7.39482 0.737914 169.968
14.1 9.78956 7.40213 0.743094 169.961
14.2 9.85328 7.40949 0.748273 169.954
14.3 9.9169 7.4169 0.75345 169.946
14.4 9.9804 7.42437 0.758625 169.939
14.5 10.0438 7.43188 0.763798 169.931
14.6 10.1071 7.43945 0.768969 169.924
14.7 10.1702 7.44706 0.774138 169.916
14.8 10.2332 7.45473 0.779305 169.908
14.9 10.2962 7.46245 0.78447 169.901
15 10.359 7.47022 0.789633 169.893
15.1 10.4217 7.47804 0.794794 169.885
15.2 10.4842 7.48591 0.799953 169.877
15.3 10.5467 7.49383 0.80511 169.869
15.4 10.609 7.5018 0.810265 169.861
15.5 10.6712 7.50982 0.815417 169.853
15.6 10.7333 7.51789 0.820568 169.845
15.7 10.7953 7.52602 0.825716 169.837
15.8 10.8571 7.53419 0.830862 169.829
15.9 10.9188 7.54241 0.836007 169.821
16 10.9805 7.55069 0.841148 169.812
16.1 11.0419 7.55902 0.846288 169.804
16.2 11.1033 7.56739 0.851426 169.796
16.3 11.1645 7.57582 0.856561 169.787
16.4 11.2256 7.58429 0.861694 169.779
16.5 11.2866 7.59282 0.866825 169.77
16.6 11.3475 7.6014 0.871954 169.762
16.7 11.4082 7.61003 0.87708 169.753
16.8 11.4688 7.61871 0.882205 169.744
16.9 11.5293 7.62744 0.887327 169.736
17 11.5897 7.63621 0.892446 169.727
17.1 11.6499 7.64504 0.897563 169.718
17.2 11.71 7.65392 0.902678 169.709
17.3 11.77 7.66285 0.907791 169.7
17.4 11.8298 7.67183 0.912901 169.691
17.5 11.8895 7.68086 0.918009 169.682
17.6 11.9491 7.68994 0.923115 169.673
17.7 12.0086 7.69907 0.928218 169.664
17.8 12.0679 7.70826 0.933318 169.655
17.9 12.1271 7.71749 0.938417 169.646
18 12.1861 7.72677 0.943513 169.636
18.1 12.2451 7.7361 0.948606 169.627
18.2 12.3039 7.74548 0.953697 169.618
18.3 12.3625 7.75491 0.958785 169.608
18.4 12.4211 7.76439 0.963872 169.599
18.5 12.4795 7.77392 0.968955 169.589
18.6 12.5378 7.7835 0.974036 169.58
18.7 12.5959 7.79313 0.979114 169.57
18.8 12.6539 7.80281 0.98419 169.56
18.9 12.7118 7.81254 0.989264 169.55
19 12.7695 7.82232 0.994335 169.541
19.1 12.8271 7.83214 0.999403 169.531
19.2 12.8846 7.84202 1.00447 169.521
19.3 12.9419 7.85195 1.00953 169.511
19.4 12.9991 7.86193 1.01459 169.501
19.5 13.0561 7.87196 1.01965 169.491
19.6 13.113 7.88203 1.0247 169.481
19.7 13.1698 7.89216 1.02976 169.471
19.8 13.2265 7.90234 1.03481 169.461
19.9 13.283 7.91256 1.03985 169.45
20 13.3393 7.92284 1.0449 169.44
20.1 13.3956 7.93316 1.04994 169.43
20.2 13.4517 7.94353 1.05498 169.419
20.3 13.5076 7.95396 1.06002 169.409
20.4 13.5634 7.96443 1.06505 169.399
20.5 13.6191 7.97495 1.07008 169.388
20.6 13.6746 7.98552 1.07511 169.378
20.7 13.73 7.99614 1.08013 169.367
20.8 13.7853 8.00681 1.08516 169.356
20.9 13.8404 8.01753 1.09017 169.345
21 13.8954 8.02829 1.09519 169.335
21.1 13.9502 8.03911 1.10021 169.324
21.2 14.0049 8.04997 1.10522 169.313
21.3 14.0594 8.06089 1.11022 169.302
21.4 14.1138 8.07185 1.11523 169.291
21.5 14.1681 8.08286 1.12023 169.28
21.6 14.2222 8.09393 1.12523 169.269
21.7 14.2762 8.10504 1.13023 169.258
21.8 14.33 8.11619 1.13522 169.247
21.9 14.3837 8.1274 1.14021 169.236
22 14.4373 8.13866 1.1452 169.224
22.1 14.4907 8.14996 1.15018 169.213
22.2 14.5439 8.16132 1.15517 169.202
22.3 14.597 8.17272 1.16014 169.19
22.4 14.65 8.18417 1.16512 169.179
22.5 14.7028 8.19567 1.17009 169.167
22.6 14.7555 8.20722 1.17506 169.156
22.7001 14.8081 8.21881 1.18003 169.144
22.8001 14.8605 8.23046 1.18499 169.133
22.9001 14.9127 8.24215 1.18995 169.121
23.0001 14.9648 8.2539 1.19491 169.109
23.1001 15.0168 8.26569 1.19986 169.097
23.2001 15.0686 8.27752 1.20482 169.085
23.3001 15.1202 8.28941 1.20976 169.074
23.4001 15.1718 8.30135 1.21471 169.062
23.5001 15.2231 8.31333 1.21965 169.05
23.6001 15.2744 8.32536 1.22459 169.038
23.7001 15.3254 8.33744 1.22952 169.026
23.8001 15.3764 8.34957 1.23446 169.013
23.9001 15.4272 8.36175 1.23938 169.001
24.0001 15.4778 8.37397 1.24431 168.989
24.1001 15.5283 8.38624 1.24923 168.977
24.2001 15.5786 8.39856 1.25415 168.964
24.3001 15.6288 8.41093 1.25907 168.952
24.4001 15.6789 8.42335 1.26398 168.94
24.5001 15.7288 8.43581 1.26889 168.927
24.6001 15.7785 8.44832 1.27379 168.915
24.7001 15.8281 8.46088 1.2787 168.902
24.8001 15.8776 8.47349 1.2836 168.89
24.9001 15.9269 8.48614 1.28849 168.877
25.0001 15.9761 8.49885 1.29338 168.864
25.1001 16.0251 8.5116 1.29827 168.851
25.2001 16.0739 8.52439 1.30316 168.839
25.3001 16.1227 8.53724 1.30804 168.826
25.4001 16.1712 8.55013 1.31292 168.813
25.5001 16.2196 8.56307 1.3178 168.8
25.6001 16.2679 8.57606 1.32267 168.787
25.7001 16.316 8.5891 1.32754 168.774
25.8001 16.364 8.60218 1.3324 168.761
25.9001 16.4118 8.61531 1.33726 168.748
26.0001 16.4595 8.62849 1.34212 168.735
26.1001 16.507 8.64171 1.34698 168.721
26.2001 16.5544 8.65498 1.35183 168.708
26.3001 16.6016 8.6683 1.35668 168.695
26.4001 16.6487 8.68167 1.36152 168.681
26.5001 16.6956 8.69508 1.36636 168.668
26.6001 16.7424 8.70854 1.3712 168.654
26.7001 16.789 8.72205 1.37603 168.641
26.8001 16.8355 8.7356 1.38086 168.627
26.9001 16.8818 8.7492 1.38569 168.614
27.0001 16.928 8.76285 1.39051 168.6
27.1001 16.974 8.77654 1.39533 168.586
27.2001 17.0199 8.79029 1.40014 168.573
27.3001 17.0656 8.80407 1.40495 168.559
27.4001 17.1112 8.81791 1.40976 168.545
27.5001 17.1566 8.83179 1.41457 168.531
27.6001 17.2019 8.84572 1.41937 168.517
27.7001 17.247 8.85969 1.42416 168.503
27.8001 17.292 8.87371 1.42896 168.489
27.9001 17.3368 8.88778 1.43375 168.475
28.0001 17.3814 8.9019 1.43853 168.461
28.1001 17.426 8.91606 1.44331 168.447
28.2001 17.4703 8.93026 1.44809 168.433
28.3001 17.5146 8.94452 1.45287 168.419
28.4001 17.5586 8.95882 1.45764 168.404
28.5001 17.6026 8.97316 1.4624 168.39
28.6001 17.6463 8.98755 1.46717 168.375
28.7001 17.6899 9.00199 1.47192 168.361
28.8001 17.7334 9.01648 1.47668 168.347
28.9001 17.7767 9.03101 1.48143 168.332
29.0001 17.8199 9.04558 1.48618 168.317
29.1001 17.8629 9.06021 1.49092 168.303
29.2001 17.9058 9.07487 1.49566 168.288
29.3001 17.9485 9.08959 1.5004 168.273
29.4001 17.9911 9.10435 1.50513 168.259
29.5001 18.0335 9.11915 1.50986 168.244
29.6001 18.0757 9.134 1.51458 168.229
29.7001 18.1179 9.1489 1.5193 168.214
29.8001 18.1598 9.16384 1.52402 168.199
29.9001 18.2016 9.17883 1.52873 168.184
30.0001 18.2433 9.19387 1.53343 168.169
30.1001 18.2848 9.20895 1.53814 168.154
30.2001 18.3262 9.22407 1.54284 168.139
30.3001 18.3674 9.23924 1.54753 168.124
30.4001 18.4085 9.25446 1.55223 168.109
30.5001 18.4494 9.26972 1.55691 168.093
30.6001 18.4901 9.28502 1.5616 168.078
30.7001 18.5308 9.30038 1.56628 168.063
30.8001 18.5712 9.31577 1.57095 168.047
30.9001 18.6115 9.33121 1.57562 168.032
31.0001 18.6517 9.3467 1.58029 168.016
31.1001 18.6917 9.36223 1.58495 168.001
31.2001 18.7316 9.37781 1.58961 167.985
31.3001 18.7713 9.39343 1.59426 167.97
31.4001 18.8109 9.4091 1.59891 167.954
31.5001 18.8503 9.42481 1.60356 167.938
31.6001 18.8896 9.44057 1.6082 167.922
31.7001 18.9287 9.45637 1.61284 167.907
31.8001 18.9676 9.47222 1.61747 167.891
31.9001 19.0065 9.48811 1.6221 167.875
32.0001 19.0451 9.50404 1.62673 167.859
32.1001 19.0837 9.52002 1.63135 167.843
32.2001 19.122 9.53604 1.63596 167.827
32.3001 19.1603 9.55211 1.64058 167.811
32.4001 19.1983 9.56823 1.64518 167.795
32.5001 19.2363 9.58438 1.64979 167.779
32.6001 19.274 9.60059 1.65439 167.762
32.7001 19.3117 9.61683 1.65898 167.746
32.8001 19.3492 9.63312 1.66357 167.73
32.9001 19.3865 9.64946 1.66816 167.714
33.0001 19.4237 9.66583 1.67274 167.697
33.1001 19.4607 9.68226 1.67731 167.681
33.2001 19.4976 9.69872 1.68189 167.664
33.3001 19.5344 9.71523 1.68645 167.648
33.4001 19.571 9.73179 1.69102 167.631
33.5001 19.6074 9.74839 1.69558 167.615
33.6001 19.6437 9.76503 1.70013 167.598
33.7001 19.6799 9.78172 1.70468 167.581
33.8001 19.7159 9.79845 1.70923 167.565
33.9001 19.7517 9.81522 1.71377 167.548
34.0001 19.7874 9.83204 1.71831 167.531
34.1001 19.823 9.8489 1.72284 167.514
34.2001 19.8584 9.8658 1.72736 167.497
34.3 19.8937 9.88275 1.73189 167.48
34.4 19.9288 9.89974 1.73641 167.463
34.5 19.9638 9.91677 1.74092 167.446
34.6 19.9986 9.93385 1.74543 167.429
34.7 20.0333 9.95097 1.74993 167.412
34.8 20.0679 9.96814 1.75443 167.395
34.9 20.1023 9.98534 1.75893 167.378
35 20.1365 10.0026 1.76342 167.36
35.1 20.1706 10.0199 1.76791 167.343
35.2 20.2046 10.0372 1.77239 167.326
35.3 20.2384 10.0546 1.77686 167.308
35.4 20.2721 10.072 1.78134 167.291
35.5 20.3056 10.0895 1.7858 167.274
35.6 20.339 10.107 1.79027 167.256
35.7 20.3722 10.1246 1.79472 167.238
35.8 20.4053 10.1421 1.79918 167.221
35.9 20.4383 10.1598 1.80362 167.203
36 20.4711 10.1775 1.80807 167.186
36.1 20.5037 10.1952 1.81251 167.168
36.2 20.5362 10.2129 1.81694 167.15
36.3 20.5686 10.2307 1.82137 167.132
36.4 20.6008 10.2486 1.82579 167.114
36.5 20.6329 10.2665 1.83021 167.097
36.6 20.6649 10.2844 1.83463 167.079
36.7 20.6967 10.3024 1.83904 167.061
36.8 20.7283 10.3204 1.84344 167.043
36.9 20.7598 10.3385 1.84784 167.025
37 20.7912 10.3566 1.85224 167.006
37.1 20.8224 10.3747 1.85663 166.988
37.2 20.8535 10.3929 1.86101 166.97
37.3 20.8845 10.4111 1.86539 166.952
37.4 20.9153 10.4294 1.86977 166.934
37.5 20.9459 10.4477 1.87414 166.915
37.6 20.9764 10.4661 1.8785 166.897
37.7 21.0068 10.4845 1.88286 166.879
37.8 21.0371 10.5029 1.88722 166.86
37.9 21.0672 10.5214 1.89157 166.842
38 21.0971 10.5399 1.89592 166.823
38.1 21.1269 10.5584 1.90026 166.805
38.2 21.1566 10.577 1.90459 166.786
38.3 21.1861 10.5957 1.90892 166.767
38.4 21.2155 10.6144 1.91325 166.749
38.5 21.2448 10.6331 1.91757 166.73
38.6 21.2739 10.6519 1.92188 166.711
38.7 21.3029 10.6707 1.92619 166.692
38.8 21.3317 10.6895 1.9305 166.673
38.9 21.3604 10.7084 1.9348 166.655
39 21.389 10.7273 1.93909 166.636
39.1 21.4174 10.7463 1.94338 166.617
39.2 21.4457 10.7653 1.94766 166.598
39.3 21.4738 10.7844 1.95194 166.579
39.4 21.5018 10.8035 1.95622 166.56
39.5 21.5297 10.8226 1.96048 166.54
39.6 21.5574 10.8418 1.96475 166.521
39.7 21.585 10.861 1.96901 166.502
39.8 21.6124 10.8802 1.97326 166.483
39.9 21.6398 10.8995 1.97751 166.463
40 21.6669 10.9189 1.98175 166.444
40.1 21.694 10.9383 1.98598 166.425
40.2 21.7209 10.9577 1.99022 166.405
40.3 21.7477 10.9771 1.99444 166.386
40.4 21.7743 10.9966 1.99866 166.366
40.5 21.8008 11.0162 2.00288 166.347
40.6 21.8272 11.0357 2.00709 166.327
40.7 21.8534 11.0554 2.01129 166.308
40.7999 21.8795 11.075 2.01549 166.288
40.8999 21.9054 11.0947 2.01969 166.268
40.9999 21.9313 11.1144 2.02388 166.249
41.0999 21.9569 11.1342 2.02806 166.229
41.1999 21.9825 11.154 2.03224 166.209
41.2999 22.0079 11.1739 2.03641 166.189
41.3999 22.0332 11.1938 2.04058 166.169
41.4999 22.0583 11.2137 2.04474 166.149
41.5999 22.0834 11.2337 2.0489 166.129
41.6999 22.1082 11.2537 2.05305 166.109
41.7999 22.133 11.2738 2.05719 166.089
41.8999 22.1576 11.2938 2.06133 166.069
41.9999 22.1821 11.314 2.06547 166.049
42.0999 22.2064 11.3341 2.0696 166.029
42.1999 22.2307 11.3543 2.07372 166.009
42.2999 22.2547 11.3746 2.07784 165.988
42.3999 22.2787 11.3949 2.08195 165.968
42.4999 22.3025 11.4152 2.08605 165.948
42.5999 22.3262 11.4356 2.09016 165.927
42.6999 22.3498 11.456 2.09425 165.907
42.7999 22.3732 11.4764 2.09834 165.887
42.8999 22.3965 11.4969 2.10242 165.866
42.9999 22.4197 11.5174 2.1065 165.846
43.0999 22.4427 11.538 2.11058 165.825
43.1999 22.4656 11.5586 2.11464 165.804
43.2999 22.4884 11.5792 2.1187 165.784
43.3999 22.511 11.5999 2.12276 165.763
43.4999 22.5336 11.6206 2.12681 165.742
43.5999 22.556 11.6413 2.13085 165.722
43.6999 22.5782 11.6621 2.13489 165.701
43.7999 22.6003 11.6829 2.13893 165.68
43.8999 22.6223 11.7038 2.14295 165.659
43.9999 22.6442 11.7247 2.14697 165.638
44.0999 22.666 11.7456 2.15099 165.617
44.1999 22.6876 11.7666 2.155 165.596
44.2999 22.7091 11.7876 2.159 165.575
44.3999 22.7304 11.8087 2.163 165.554
44.4999 22.7517 11.8297 2.16699 165.533
44.5999 22.7728 11.8509 2.17098 165.512
44.6999 22.7938 11.872 2.17496 165.491
44.7999 22.8146 11.8932 2.17894 165.47
44.8999 22.8353 11.9145 2.18291 165.449
44.9999 22.856 11.9357 2.18687 165.427
45.0999 22.8764 11.9571 2.19083 165.406
45.1999 22.8968 11.9784 2.19478 165.385
45.2999 22.917 11.9998 2.19872 165.363
45.3999 22.9371 12.0212 2.20266 165.342
45.4999 22.9571 12.0427 2.2066 165.32
45.5999 22.9769 12.0642 2.21052 165.299
45.6999 22.9967 12.0857 2.21445 165.277
45.7999 23.0163 12.1073 2.21836 165.256
45.8999 23.0357 12.1289 2.22227 165.234
45.9999 23.0551 12.1505 2.22618 165.212
46.0999 23.0743 12.1722 2.23007 165.191
46.1999 23.0934 12.1939 2.23397 165.169
46.2999 23.1124 12.2157 2.23785 165.147
46.3999 23.1313 12.2375 2.24173 165.126
46.4999 23.15 12.2593 2.2456 165.104
46.5999 23.1686 12.2811 2.24947 165.082
46.6999 23.1871 12.303 2.25333 165.06
46.7999 23.2055 12.325 2.25719 165.038
46.8999 23.2238 12.3469 2.26104 165.016
46.9999 23.2419 12.3689 2.26488 164.994
47.0999 23.2599 12.391 2.26872 164.972
47.1999 23.2778 12.4131 2.27255 164.95
47.2999 23.2956 12.4352 2.27637 164.928
47.3998 23.3132 12.4573 2.28019 164.906
47.4998 23.3307 12.4795 2.28401 164.884
47.5998 23.3481 12.5017 2.28781 164.861
47.6998 23.3654 12.524 2.29161 164.839
47.7998 23.3826 12.5463 2.29541 164.817
47.8998 23.3996 12.5686 2.29919 164.794
47.9998 23.4166 12.591 2.30298 164.772
48.0998 23.4334 12.6134 2.30675 164.75
48.1998 23.4501 12.6358 2.31052 164.727
48.2998 23.4667 12.6583 2.31428 164.705
48.3998 23.4831 12.6808 2.31804 164.682
48.4998 23.4994 12.7033 2.32179 164.66
48.5998 23.5157 12.7259 2.32553 164.637
48.6998 23.5318 12.7485 2.32927 164.615
48.7998 23.5478 12.7711 2.333 164.592
48.8998 23.5636 12.7938 2.33673 164.569
48.9998 23.5794 12.8165 2.34045 164.547
49.0998 23.595 12.8392 2.34416 164.524
49.1998 23.6105 12.862 2.34786 164.501
49.2998 23.6259 12.8848 2.35156 164.478
49.3998 23.6412 12.9077 2.35526 164.455
49.4998 23.6564 12.9305 2.35894 164.432
49.5998 23.6714 12.9535 2.36262 164.41
49.6998 23.6864 12.9764 2.3663 164.387
49.7998 23.7012 12.9994 2.36997 164.364
49.8998 23.7159 13.0224 2.37363 164.341
49.9998 23.7305 13.0455 2.37728 164.318
50.0998 23.745 13.0685 2.38093 164.294
50.1998 23.7594 13.0917 2.38457 164.271
50.2998 23.7736 13.1148 2.38821 164.248
50.3998 23.7878 13.138 2.39184 164.225
50.4998 23.8018 13.1612 2.39546 164.202
50.5998 23.8157 13.1845 2.39907 164.179
50.6998 23.8295 13.2078 2.40268 164.155
50.7998 23.8432 13.2311 2.40629 164.132
50.8998 23.8568 13.2544 2.40988 164.109
50.9998 23.8703 13.2778 2.41347 164.085
51.0998 23.8836 13.3012 2.41705 164.062
51.1998 23.8969 13.3247 2.42063 164.038
51.2998 23.91 13.3482 2.4242 164.015
51.3998 23.923 13.3717 2.42776 163.991
51.4998 23.9359 13.3952 2.43132 163.968
51.5998 23.9487 13.4188 2.43487 163.944
51.6998 23.9614 13.4424 2.43841 163.921
51.7998 23.974 13.4661 2.44195 163.897
51.8998 23.9865 13.4898 2.44548 163.873
51.9998 23.9988 13.5135 2.449 163.85
52.0998 24.0111 13.5372 2.45252 163.826
52.1998 24.0232 13.561 2.45603 163.802
52.2998 24.0353 13.5848 2.45953 163.778
52.3998 24.0472 13.6087 2.46303 163.754
52.4998 24.059 13.6325 2.46652 163.73
52.5998 24.0707 13.6564 2.47 163.707
52.6998 24.0823 13.6804 2.47348 163.683
52.7998 24.0938 13.7043 2.47695 163.659
52.8998 24.1052 13.7283 2.48041 163.635
52.9998 24.1165 13.7524 2.48387 163.611
53.0998 24.1277 13.7764 2.48732 163.587
53.1998 24.1387 13.8005 2.49076 163.562
53.2998 24.1497 13.8247 2.49419 163.538
53.3998 24.1605 13.8488 2.49762 163.514
53.4998 24.1713 13.873 2.50104 163.49
53.5998 24.1819 13.8972 2.50446 163.466
53.6998 24.1925 13.9215 2.50787 163.442
53.7998 24.2029 13.9458 2.51127 163.417
53.8997 24.2132 13.9701 2.51466 163.393
53.9997 24.2234 13.9944 2.51805 163.369
54.0997 24.2335 14.0188 2.52143 163.344
54.1997 24.2436 14.0432 2.5248 163.32
54.2997 24.2535 14.0677 2.52817 163.295
54.3997 24.2633 14.0921 2.53153 163.271
54.4997 24.273 14.1166 2.53488 163.246
54.5997 24.2826 14.1412 2.53823 163.222
54.6997 24.292 14.1657 2.54157 163.197
54.7997 24.3014 14.1903 2.5449 163.173
54.8997 24.3107 14.2149 2.54823 163.148
54.9997 24.3199 14.2396 2.55154 163.123
55.0997 24.329 14.2643 2.55485 163.099
55.1997 24.338 14.289 2.55816 163.074
55.2997 24.3468 14.3137 2.56146 163.049
55.3997 24.3556 14.3385 2.56475 163.025
55.4997 24.3643 14.3633 2.56803 163
55.5997 24.3729 14.3881 2.5713 162.975
55.6997 24.3813 14.413 2.57457 162.95
55.7997 24.3897 14.4379 2.57783 162.925
55.8997 24.398 14.4628 2.58109 162.9
55.9997 24.4061 14.4877 2.58434 162.875
56.0997 24.4142 14.5127 2.58758 162.85
56.1997 24.4222 14.5377 2.59081 162.825
56.2997 24.4301 14.5628 2.59403 162.8
56.3997 24.4378 14.5878 2.59725 162.775
56.4997 24.4455 14.6129 2.60047 162.75
56.5997 24.4531 14.6381 2.60367 162.725
56.6997 24.4606 14.6632 2.60687 162.7
56.7997 24.4679 14.6884 2.61006 162.675
56.8997 24.4752 14.7136 2.61324 162.649
56.9997 24.4824 14.7388 2.61642 162.624
57.0997 24.4895 14.7641 2.61958 162.599
57.1997 24.4965 14.7894 2.62275 162.574
57.2997 24.5033 14.8147 2.6259 162.548
57.3997 24.5101 14.8401 2.62905 162.523
57.4997 24.5168 14.8655 2.63219 162.498
57.5997 24.5234 14.8909 2.63532 162.472
57.6997 24.5299 14.9163 2.63844 162.447
57.7997 24.5363 14.9418 2.64156 162.421
57.8997 24.5426 14.9673 2.64467 162.396
57.9997 24.5489 14.9928 2.64777 162.37
58.0997 24.555 15.0184 2.65087 162.345
58.1997 24.561 15.0439 2.65396 162.319
58.2997 24.5669 15.0695 2.65704 162.293
58.3997 24.5727 15.0952 2.66011 162.268
58.4997 24.5785 15.1208 2.66318 162.242
58.5997 24.5841 15.1465 2.66624 162.216
58.6997 24.5897 15.1722 2.66929 162.191
58.7997 24.5951 15.198 2.67233 162.165
58.8997 24.6005 15.2238 2.67537 162.139
58.9997 24.6058 15.2496 2.6784 162.113
59.0997 24.6109 15.2754 2.68142 162.088
59.1997 24.616 15.3012 2.68443 162.062
59.2997 24.621 15.3271 2.68744 162.036
59.3997 24.6259 15.353 2.69044 162.01
59.4997 24.6307 15.379 2.69343 161.984
59.5997 24.6354 15.4049 2.69642 161.958
59.6997 24.64 15.4309 2.69939 161.932
59.7997 24.6446 15.4569 2.70236 161.906
59.8997 24.649 15.483 2.70533 161.88
59.9997 24.6533 15.509 2.70828 161.854
60.0997 24.6576 15.5351 2.71123 161.828
60.1997 24.6618 15.5612 2.71417 161.802
60.2997 24.6658 15.5874 2.7171 161.776
60.3997 24.6698 15.6135 2.72002 161.749
60.4996 24.6737 15.6397 2.72294 161.723
60.5996 24.6775 15.666 2.72585 161.697
60.6996 24.6812 15.6922 2.72875 161.671
60.7996 24.6848 15.7185 2.73164 161.645
60.8996 24.6884 15.7448 2.73453 161.618
60.9996 24.6918 15.7711 2.73741 161.592
61.0996 24.6952 15.7974 2.74028 161.566
61.1996 24.6984 15.8238 2.74314 161.539
61.2996 24.7016 15.8502 2.746 161.513
61.3996 24.7047 15.8767 2.74885 161.486
61.4996 24.7077 15.9031 2.75169 161.46
61.5996 24.7106 15.9296 2.75452 161.433
61.6996 24.7134 15.9561 2.75734 161.407
61.7996 24.7162 15.9826 2.76016 161.38
61.8996 24.7188 16.0092 2.76297 161.354
61.9996 24.7214 16.0357 2.76577 161.327
62.0996 24.7238 16.0623 2.76857 161.301
62.1996 24.7262 16.089 2.77135 161.274
62.2996 24.7285 16.1156 2.77413 161.247
62.3996 24.7307 16.1423 2.7769 161.221
62.4996 24.7329 16.169 2.77967 161.194
62.5996 24.7349 16.1957 2.78242 161.167
62.6996 24.7369 16.2224 2.78517 161.141
62.7996 24.7387 16.2492 2.78791 161.114
62.8996 24.7405 16.276 2.79064 161.087
62.9996 24.7422 16.3028 2.79337 161.06
63.0996 24.7439 16.3297 2.79608 161.033
63.1996 24.7454 16.3565 2.79879 161.006
63.2996 24.7468 16.3834 2.80149 160.98
63.3996 24.7482 16.4103 2.80418 160.953
63.4996 24.7495 16.4373 2.80687 160.926
63.5996 24.7507 16.4642 2.80955 160.899
63.6996 24.7518 16.4912 2.81222 160.872
63.7996 24.7528 16.5182 2.81488 160.845
63.8996 24.7538 16.5453 2.81753 160.818
63.9996 24.7546 16.5723 2.82018 160.791
64.0996 24.7554 16.5994 2.82281 160.764
64.1996 24.7561 16.6265 2.82544 160.737
64.2996 24.7567 16.6536 2.82806 160.709
64.3996 24.7572 16.6808 2.83068 160.682
64.4996 24.7577 16.7079 2.83328 160.655
64.5996 24.7581 16.7351 2.83588 160.628
64.6996 24.7584 16.7623 2.83847 160.601
64.7996 24.7586 16.7896 2.84105 160.573
64.8996 24.7587 16.8168 2.84363 160.546
64.9996 24.7587 16.8441 2.84619 160.519
65.0996 24.7587 16.8714 2.84875 160.492
65.1996 24.7586 16.8987 2.8513 160.464
65.2996 24.7584 16.9261 2.85384 160.437
65.3996 24.7581 16.9534 2.85638 160.41
65.4996 24.7577 16.9808 2.8589 160.382
65.5996 24.7573 17.0082 2.86142 160.355
65.6996 24.7568 17.0357 2.86393 160.327
65.7996 24.7562 17.0631 2.86643 160.3
65.8996 24.7555 17.0906 2.86892 160.272
65.9996 24.7548 17.1181 2.87141 160.245
66.0996 24.7539 17.1456 2.87389 160.217
66.1996 24.753 17.1732 2.87636 160.19
66.2996 24.752 17.2007 2.87882 160.162
66.3996 24.7509 17.2283 2.88127 160.135
66.4996 24.7498 17.2559 2.88371 160.107
66.5996 24.7486 17.2835 2.88615 160.079
66.6996 24.7473 17.3112 2.88858 160.052
66.7996 24.7459 17.3389 2.891 160.024
66.8996 24.7444 17.3666 2.89341 159.996
66.9995 24.7429 17.3943 2.89582 159.969
67.0995 24.7413 17.422 2.89821 159.941
67.1995 24.7396 17.4497 2.9006 159.913
67.2995 24.7378 17.4775 2.90298 159.886
67.3995 24.736 17.5053 2.90535 159.858
67.4995 24.7341 17.5331 2.90771 159.83
67.5995 24.7321 17.5609 2.91007 159.802
67.6995 24.73 17.5888 2.91241 159.774
67.7995 24.7279 17.6167 2.91475 159.746
67.8995 24.7256 17.6446 2.91708 159.718
67.9995 24.7233 17.6725 2.9194 159.691
68.0995 24.721 17.7004 2.92171 159.663
68.1995 24.7185 17.7283 2.92402 159.635
68.2995 24.716 17.7563 2.92632 159.607
68.3995 24.7134 17.7843 2.9286 159.579
68.4995 24.7107 17.8123 2.93088 159.551
68.5995 24.708 17.8403 2.93316 159.523
68.6995 24.7052 17.8684 2.93542 159.495
68.7995 24.7023 17.8964 2.93767 159.467
68.8995 24.6993 17.9245 2.93992 159.438
68.9995 24.6963 17.9526 2.94216 159.41
69.0995 24.6932 17.9808 2.94439 159.382
69.1995 24.69 18.0089 2.94661 159.354
69.2995 24.6867 18.0371 2.94882 159.326
69.3995 24.6834 18.0652 2.95103 159.298
69.4995 24.68 18.0934 2.95322 159.27
69.5995 24.6765 18.1216 2.95541 159.241
69.6995 24.673 18.1499 2.95759 159.213
69.7995 24.6693 18.1781 2.95976 159.185
69.8995 24.6657 18.2064 2.96193 159.157
69.9995 24.6619 18.2347 2.96408 159.128
70.0995 24.6581 18.263 2.96622 159.1
70.1995 24.6542 18.2913 2.96836 159.072
70.2995 24.6502 18.3197 2.97049 159.043
70.3995 24.6461 18.348 2.97261 159.015
70.4995 24.642 18.3764 2.97472 158.987
70.5995 24.6378 18.4048 2.97683 158.958
70.6995 24.6336 18.4332 2.97892 158.93
70.7995 24.6292 18.4616 2.98101 158.901
70.8995 24.6248 18.4901 2.98308 158.873
70.9995 24.6204 18.5185 2.98515 158.844
71.0995 24.6158 18.547 2.98721 158.816
71.1995 24.6112 18.5755 2.98927 158.788
71.2995 24.6065 18.604 2.99131 158.759
71.3995 24.6018 18.6326 2.99335 158.73
71.4995 24.597 18.6611 2.99537 158.702
71.5995 24.5921 18.6897 2.99739 158.673
71.6995 24.5871 18.7183 2.9994 158.645
71.7995 24.5821 18.7469 3.0014 158.616
71.8995 24.577 18.7755 3.00339 158.588
71.9995 24.5719 18.8041 3.00537 158.559
72.0995 24.5666 18.8327 3.00735 158.53
72.1995 24.5613 18.8614 3.00932 158.502
72.2995 24.556 18.8901 3.01127 158.473
72.3995 24.5506 18.9188 3.01322 158.444
72.4995 24.5451 18.9475 3.01516 158.416
72.5995 24.5395 18.9762 3.01709 158.387
72.6995 24.5339 19.005 3.01902 158.358
72.7995 24.5282 19.0337 3.02093 158.329
72.8995 24.5224 19.0625 3.02284 158.301
72.9995 24.5166 19.0913 3.02473 158.272
73.0995 24.5107 19.1201 3.02662 158.243
73.1995 24.5047 19.1489 3.0285 158.214
73.2995 24.4987 19.1777 3.03037 158.185
73.3995 24.4926 19.2066 3.03223 158.156
73.4995 24.4864 19.2355 3.03409 158.128
73.5994 24.4802 19.2643 3.03593 158.099
73.6994 24.4739 19.2932 3.03777 158.07
73.7994 24.4676 19.3221 3.03959 158.041
73.8994 24.4611 19.3511 3.04141 158.012
73.9994 24.4546 19.38 3.04322 157.983
74.0994 24.4481 19.409 3.04502 157.954
74.1994 24.4415 19.4379 3.04681 157.925
74.2994 24.4348 19.4669 3.0486 157.896
74.3994 24.4281 19.4959 3.05037 157.867
74.4994 24.4213 19.5249 3.05214 157.838
74.5994 24.4144 19.5539 3.05389 157.809
74.6994 24.4074 19.583 3.05564 157.78
74.7994 24.4004 19.612 3.05738 157.751
74.8994 24.3934 19.6411 3.05911 157.722
74.9994 24.3863 19.6702 3.06083 157.693
75.0994 24.3791 19.6993 3.06255 157.664
75.1994 24.3718 19.7284 3.06425 157.635
75.2994 24.3645 19.7575 3.06594 157.606
75.3994 24.3571 19.7866 3.06763 157.576
75.4994 24.3497 19.8158 3.06931 157.547
75.5994 24.3422 19.8449 3.07098 157.518
75.6994 24.3346 19.8741 3.07263 157.489
75.7994 24.327 19.9033 3.07429 157.46
75.8994 24.3193 19.9325 3.07593 157.431
75.9994 24.3116 19.9617 3.07756 157.401
76.0994 24.3038 19.9909 3.07918 157.372
76.1994 24.2959 20.0202 3.0808 157.343
76.2994 24.2879 20.0494 3.0824 157.314
76.3994 24.28 20.0787 3.084 157.284
76.4994 24.2719 20.108 3.08559 157.255
76.5994 24.2638 20.1372 3.08717 157.226
76.6994 24.2556 20.1665 3.08874 157.196
76.7994 24.2474 20.1958 3.0903 157.167
76.8994 24.2391 20.2252 3.09185 157.138
76.9994 24.2307 20.2545 3.09339 157.109
77.0994 24.2223 20.2839 3.09493 157.079
77.1994 24.2138 20.3132 3.09645 157.05
77.2994 24.2053 20.3426 3.09797 157.02
77.3994 24.1967 20.372 3.09947 156.991
77.4994 24.188 20.4014 3.10097 156.962
77.5994 24.1793 20.4308 3.10246 156.932
77.6994 24.1705 20.4602 3.10394 156.903
77.7994 24.1617 20.4896 3.10541 156.873
77.8994 24.1528 20.519 3.10687 156.844
77.9994 24.1439 20.5485 3.10833 156.815
78.0994 24.1349 20.578 3.10977 156.785
78.1994 24.1258 20.6074 3.1112 156.756
78.2994 24.1167 20.6369 3.11263 156.726
78.3994 24.1075 20.6664 3.11405 156.697
78.4994 24.0983 20.6959 3.11545 156.667
78.5994 24.089 20.7254 3.11685 156.638
78.6994 24.0796 20.7549 3.11824 156.608
78.7994 24.0702 20.7845 3.11962 156.579
78.8994 24.0607 20.814 3.12099 156.549
78.9994 24.0512 20.8436 3.12235 156.519
79.0994 24.0416 20.8731 3.12371 156.49
79.1994 24.032 20.9027 3.12505 156.46
79.2994 24.0223 20.9323 3.12638 156.431
79.3994 24.0125 20.9619 3.12771 156.401
79.4994 24.0027 20.9915 3.12902 156.372
79.5994 23.9928 21.0211 3.13033 156.342
79.6994 23.9829 21.0507 3.13163 156.312
79.7994 23.9729 21.0804 3.13292 156.283
79.8994 23.9629 21.11 3.1342 156.253
79.9994 23.9528 21.1397 3.13547 156.223
80.0993 23.9426 21.1693 3.13673 156.194
80.1993 23.9324 21.199 3.13798 156.164
80.2993 23.9222 21.2287 3.13922 156.134
80.3993 23.9119 21.2583 3.14046 156.105
80.4993 23.9015 21.288 3.14168 156.075
80.5993 23.8911 21.3177 3.14289 156.045
80.6993 23.8806 21.3475 3.1441 156.016
80.7993 23.8701 21.3772 3.1453 155.986
80.8993 23.8595 21.4069 3.14648 155.956
80.9993 23.8488 21.4366 3.14766 155.926
81.0993 23.8381 21.4664 3.14883 155.897
81.1993 23.8274 21.4961 3.14999 155.867
81.2993 23.8166 21.5259 3.15114 155.837
81.3993 23.8057 21.5557 3.15228 155.807
81.4993 23.7948 21.5855 3.15341 155.778
81.5993 23.7839 21.6152 3.15453 155.748
81.6993 23.7728 21.645 3.15565 155.718
81.7993 23.7618 21.6748 3.15675 155.688
81.8993 23.7506 21.7046 3.15784 155.658
81.9993 23.7395 21.7345 3.15893 155.629
82.0993 23.7282 21.7643 3.16 155.599
82.1993 23.717 21.7941 3.16107 155.569
82.2993 23.7056 21.824 3.16213 155.539
82.3993 23.6942 21.8538 3.16318 155.509
82.4993 23.6828 21.8836 3.16421 155.479
82.5993 23.6713 21.9135 3.16524 155.45
82.6993 23.6597 21.9434 3.16626 155.42
82.7993 23.6482 21.9732 3.16727 155.39
82.8993 23.6365 22.0031 3.16827 155.36
82.9993 23.6248 22.033 3.16927 155.33
83.0993 23.6131 22.0629 3.17025 155.3
83.1993 23.6012 22.0928 3.17122 155.27
83.2993 23.5894 22.1227 3.17218 155.24
83.3993 23.5775 22.1526 3.17314 155.21
83.4993 23.5655 22.1825 3.17408 155.18
83.5993 23.5535 22.2124 3.17502 155.151
83.6993 23.5415 22.2424 3.17594 155.121
83.7993 23.5294 22.2723 3.17686 155.091
83.8993 23.5172 22.3022 3.17777 155.061
83.9993 23.505 22.3322 3.17866 155.031
84.0993 23.4927 22.3621 3.17955 155.001
84.1993 23.4804 22.3921 3.18043 154.971
84.2993 23.4681 22.4221 3.1813 154.941
84.3993 23.4556 22.452 3.18216 154.911
84.4993 23.4432 22.482 3.18301 154.881
84.5993 23.4307 22.512 3.18385 154.851
84.6993 23.4181 22.542 3.18468 154.821
84.7993 23.4055 22.5719 3.1855 154.791
84.8993 23.3928 22.6019 3.18632 154.761
84.9993 23.3801 22.6319 3.18712 154.731
85.0993 23.3674 22.6619 3.18791 154.701
85.1993 23.3546 22.6919 3.1887 154.671
85.2993 23.3417 22.7219 3.18947 154.641
85.3993 23.3288 22.752 3.19024 154.611
85.4993 23.3159 22.782 3.19099 154.581
85.5993 23.3029 22.812 3.19174 154.551
85.6993 23.2898 22.842 3.19247 154.521
85.7993 23.2767 22.8721 3.1932 154.491
85.8993 23.2636 22.9021 3.19392 154.461
85.9993 23.2504 22.9321 3.19463 154.431
86.0993 23.2371 22.9622 3.19532 154.401
86.1993 23.2239 22.9922 3.19601 154.371
86.2993 23.2105 23.0223 3.19669 154.341
86.3993 23.1971 23.0523 3.19736 154.311
86.4993 23.1837 23.0824 3.19802 154.281
86.5993 23.1702 23.1124 3.19867 154.251
86.6992 23.1567 23.1425 3.19931 154.221
86.7992 23.1431 23.1725 3.19995 154.19
86.8992 23.1295 23.2026 3.20057 154.16
86.9992 23.1159 23.2327 3.20118 154.13
87.0992 23.1021 23.2628 3.20178 154.1
87.1992 23.0884 23.2928 3.20238 154.07
87.2992 23.0746 23.3229 3.20296 154.04
87.3992 23.0607 23.353 3.20353 154.01
87.4992 23.0468 23.3831 3.2041 153.98
87.5992 23.0329 23.4132 3.20465 153.95
87.6992 23.0189 23.4432 3.2052 153.92
87.7992 23.0049 23.4733 3.20573 153.89
87.8992 22.9908 23.5034 3.20626 153.86
87.9992 22.9767 23.5335 3.20677 153.829
88.0992 22.9625 23.5636 3.20728 153.799
88.1992 22.9483 23.5937 3.20778 153.769
88.2992 22.934 23.6238 3.20827 153.739
88.3992 22.9197 23.6539 3.20874 153.709
88.4992 22.9054 23.684 3.20921 153.679
88.5992 22.891 23.7141 3.20967 153.649
88.6992 22.8765 23.7442 3.21012 153.619
88.7992 22.862 23.7743 3.21056 153.589
88.8992 22.8475 23.8044 3.21099 153.559
88.9992 22.8329 23.8345 3.21141 153.528
89.0992 22.8183 23.8647 3.21182 153.498
89.1992 22.8036 23.8948 3.21222 153.468
89.2992 22.7889 23.9249 3.21261 153.438
89.3992 22.7742 23.955 3.21299 153.408
89.4992 22.7594 23.9851 3.21336 153.378
89.5992 22.7445 24.0152 3.21372 153.348
89.6992 22.7297 24.0453 3.21407 153.318
89.7992 22.7147 24.0754 3.21442 153.288
89.8992 22.6998 24.1055 3.21475 153.257
89.9992 22.6848 24.1357 3.21507 153.227
90.0992 22.6697 24.1658 3.21539 153.197
90.1992 22.6546 24.1959 3.21569 153.167
90.2992 22.6395 24.226 3.21598 153.137
90.3992 22.6243 24.2561 3.21627 153.107
90.4992 22.609 24.2862 3.21654 153.077
90.5992 22.5938 24.3163 3.21681 153.047
90.6992 22.5785 24.3464 3.21706 153.017
90.7992 22.5631 24.3765 3.21731 152.986
90.8992 22.5477 24.4067 3.21754 152.956
90.9992 22.5323 24.4368 3.21777 152.926
91.0992 22.5168 24.4669 3.21798 152.896
91.1992 22.5012 24.497 3.21819 152.866
91.2992 22.4857 24.5271 3.21838 152.836
91.3992 22.4701 24.5572 3.21857 152.806
91.4992 22.4544 24.5873 3.21875 152.776
91.5992 22.4387 24.6174 3.21892 152.746
91.6992 22.423 24.6475 3.21907 152.716
91.7992 22.4072 24.6776 3.21922 152.685
91.8992 22.3914 24.7077 3.21936 152.655
91.9992 22.3755 24.7378 3.21949 152.625
92.0992 22.3596 24.7679 3.2196 152.595
92.1992 22.3437 24.798 3.21971 152.565
92.2992 22.3277 24.8281 3.21981 152.535
92.3992 22.3117 24.8581 3.2199 152.505
92.4992 22.2956 24.8882 3.21998 152.475
92.5992 22.2795 24.9183 3.22005 152.445
92.6992 22.2634 24.9484 3.22011 152.415
92.7992 22.2472 24.9785 3.22016 152.385
92.8992 22.231 25.0086 3.2202 152.354
92.9992 22.2147 25.0386 3.22023 152.324
93.0992 22.1984 25.0687 3.22025 152.294
93.1992 22.1821 25.0988 3.22026 152.264
93.2991 22.1657 25.1288 3.22026 152.234
93.3991 22.1493 25.1589 3.22025 152.204
93.4991 22.1328 25.1889 3.22023 152.174
93.5991 22.1163 25.219 3.2202 152.144
93.6991 22.0998 25.2491 3.22016 152.114
93.7991 22.0832 25.2791 3.22011 152.084
93.8991 22.0666 25.3091 3.22006 152.054
93.9991 22.0499 25.3392 3.21999 152.024
94.0991 22.0332 25.3692 3.21991 151.994
94.1991 22.0165 25.3993 3.21982 151.964
94.2991 21.9997 25.4293 3.21972 151.934
94.3991 21.9829 25.4593 3.21962 151.904
94.4991 21.966 25.4893 3.2195 151.874
94.5991 21.9491 25.5194 3.21937 151.844
94.6991 21.9322 25.5494 3.21924 151.814
94.7991 21.9152 25.5794 3.21909 151.784
94.8991 21.8982 25.6094 3.21893 151.754
94.9991 21.8812 25.6394 3.21876 151.724
95.0991 21.8641 25.6694 3.21859 151.694
95.1991 21.847 25.6994 3.2184 151.664
95.2991 21.8298 25.7294 3.21821 151.634
95.3991 21.8126 25.7593 3.218 151.604
95.4991 21.7954 25.7893 3.21778 151.574
95.5991 21.7781 25.8193 3.21756 151.544
95.6991 21.7608 25.8493 3.21732 151.514
95.7991 21.7434 25.8792 3.21708 151.484
95.8991 21.726 25.9092 3.21682 151.454
95.9991 21.7086 25.9391 3.21655 151.424
96.0991 21.6912 25.9691 3.21628 151.394
96.1991 21.6737 25.999 3.21599 151.364
96.2991 21.6561 26.0289 3.2157 151.334
96.3991 21.6386 26.0589 3.21539 151.304
96.4991 21.6209 26.0888 3.21508 151.274
96.5991 21.6033 26.1187 3.21475 151.244
96.6991 21.5856 26.1486 3.21442 151.214
96.7991 21.5679 26.1785 3.21407 151.185
96.8991 21.5501 26.2084 3.21372 151.155
96.9991 21.5324 26.2383 3.21335 151.125
97.0991 21.5145 26.2682 3.21298 151.095
97.1991 21.4967 26.2981 3.2126 151.065
97.2991 21.4788 26.3279 3.2122 151.035
97.3991 21.4608 26.3578 3.2118 151.005
97.4991 21.4429 26.3877 3.21138 150.975
97.5991 21.4248 26.4175 3.21096 150.945
97.6991 21.4068 26.4474 3.21053 150.916
97.7991 21.3887 26.4772 3.21008 150.886
97.8991 21.3706 26.507 3.20963 150.856
97.9991 21.3525 26.5369 3.20916 150.826
98.0991 21.3343 26.5667 3.20869 150.796
98.1991 21.3161 26.5965 3.20821 150.767
98.2991 21.2978 26.6263 3.20771 150.737
98.3991 21.2795 26.6561 3.20721 150.707
98.4991 21.2612 26.6859 3.2067 150.677
98.5991 21.2428 26.7156 3.20617 150.647
98.6991 21.2244 26.7454 3.20564 150.618
98.7991 21.206 26.7752 3.2051 150.588
98.8991 21.1875 26.8049 3.20454 150.558
98.9991 21.169 26.8347 3.20398 150.528
99.0991 21.1505 26.8644 3.20341 150.499
99.1991 21.1319 26.8941 3.20283 150.469
99.2991 21.1133 26.9239 3.20223 150.439
99.3991 21.0947 26.9536 3.20163 150.409
99.4991 21.076 26.9833 3.20102 150.38
99.5991 21.0573 27.013 3.2004 150.35
99.6991 21.0386 27.0427 3.19976 150.32
99.799 21.0198 27.0723 3.19912 150.291
99.899 21.001 27.102 3.19847 150.261
99.999 20.9822 27.1317 3.19781 150.231
100.099 20.9633 27.1613 3.19713 150.202
100.199 20.9444 27.191 3.19645 150.172
100.299 20.9255 27.2206 3.19576 150.142
100.399 20.9065 27.2502 3.19506 150.113
100.499 20.8875 27.2798 3.19434 150.083
100.599 20.8684 27.3094 3.19362 150.054
100.699 20.8494 27.339 3.19289 150.024
100.799 20.8303 27.3686 3.19215 149.994
100.899 20.8111 27.3982 3.1914 149.965
100.999 20.7919 27.4277 3.19063 149.935
101.099 20.7727 27.4573 3.18986 149.906
101.199 20.7535 27.4868 3.18908 149.876
101.299 20.7342 27.5164 3.18829 149.847
101.399 20.7149 27.5459 3.18749 149.817
101.499 20.6956 27.5754 3.18667 149.788
101.599 20.6762 27.6049 3.18585 149.758
101.699 20.6568 27.6344 3.18502 149.729
101.799 20.6374 27.6639 3.18418 149.699
101.899 20.6179 27.6934 3.18333 149.67
101.999 20.5984 27.7228 3.18247 149.64
102.099 20.5789 27.7523 3.18159 149.611
102.199 20.5594 27.7817 3.18071 149.581
102.299 20.5398 27.8111 3.17982 149.552
102.399 20.5201 27.8406 3.17892 149.522
102.499 20.5005 27.87 3.17801 149.493
102.599 20.4808 27.8994 3.17709 149.464
102.699 20.4611 27.9287 3.17616 149.434
102.799 20.4413 27.9581 3.17522 149.405
102.899 20.4215 27.9875 3.17426 149.376
102.999 20.4017 28.0168 3.1733 149.346
103.099 20.3819 28.0462 3.17233 149.317
103.199 20.362 28.0755 3.17135 149.288
103.299 20.3421 28.1048 3.17036 149.258
103.399 20.3222 28.1341 3.16936 149.229
103.499 20.3022 28.1634 3.16835 149.2
103.599 20.2822 28.1926 3.16733 149.17
103.699 20.2622 28.2219 3.1663 149.141
103.799 20.2421 28.2512 3.16526 149.112
103.899 20.222 28.2804 3.1642 149.083
103.999 20.2019 28.3096 3.16314 149.053
104.099 20.1818 28.3388 3.16207 149.024
104.199 20.1616 28.368 3.16099 148.995
104.299 20.1414 28.3972 3.1599 148.966
104.399 20.1211 28.4264 3.1588 148.937
104.499 20.1009 28.4556 3.15769 148.907
104.599 20.0806 28.4847 3.15657 148.878
104.699 20.0602 28.5138 3.15544 148.849
104.799 20.0399 28.543 3.1543 148.82
104.899 20.0195 28.5721 3.15315 148.791
104.999 19.9991 28.6012 3.15199 148.762
105.099 19.9786 28.6302 3.15082 148.733
105.199 19.9581 28.6593 3.14964 148.704
105.299 19.9376 28.6884 3.14845 148.675
105.399 19.9171 28.7174 3.14725 148.646
105.499 19.8965 28.7464 3.14604 148.617
105.599 19.8759 28.7754 3.14482 148.588
105.699 19.8553 28.8044 3.14359 148.559
105.799 19.8346 28.8334 3.14235 148.53
105.899 19.814 28.8624 3.1411 148.501
105.999 19.7932 28.8913 3.13984 148.472
106.099 19.7725 28.9203 3.13857 148.443
106.199 19.7517 28.9492 3.13729 148.414
106.299 19.7309 28.9781 3.136 148.385
106.399 19.7101 29.007 3.1347 148.356
106.499 19.6892 29.0359 3.13339 148.327
106.599 19.6684 29.0647 3.13207 148.298
106.699 19.6475 29.0936 3.13074 148.269
106.799 19.6265 29.1224 3.1294 148.241
106.899 19.6055 29.1512 3.12805 148.212
106.999 19.5845 29.1801 3.12669 148.183
107.099 19.5635 29.2088 3.12532 148.154
107.199 19.5425 29.2376 3.12394 148.125
107.299 19.5214 29.2664 3.12255 148.097
107.399 19.5003 29.2951 3.12116 148.068
107.499 19.4791 29.3238 3.11975 148.039
107.599 19.458 29.3526 3.11833 148.01
107.699 19.4368 29.3812 3.1169 147.982
107.799 19.4155 29.4099 3.11546 147.953
107.899 19.3943 29.4386 3.11401 147.924
107.999 19.373 29.4672 3.11255 147.896
108.099 19.3517 29.4959 3.11109 147.867
108.199 19.3304 29.5245 3.10961 147.839
108.299 19.309 29.5531 3.10812 147.81
108.399 19.2876 29.5817 3.10662 147.781
108.499 19.2662 29.6102 3.10511 147.753
108.599 19.2448 29.6388 3.10359 147.724
108.699 19.2233 29.6673 3.10207 147.696
108.799 19.2018 29.6958 3.10053 147.667
108.899 19.1803 29.7243 3.09898 147.639
108.999 19.1588 29.7528 3.09742 147.61
109.099 19.1372 29.7813 3.09586 147.582
109.199 19.1156 29.8097 3.09428 147.553
109.299 19.0939 29.8381 3.09269 147.525
109.399 19.0723 29.8666 3.09109 147.496
109.499 19.0506 29.8949 3.08949 147.468
109.599 19.0289 29.9233 3.08787 147.44
109.699 19.0072 29.9517 3.08624 147.411
109.799 18.9854 29.98 3.08461 147.383
109.899 18.9636 30.0084 3.08296 147.355
109.999 18.9418 30.0367 3.0813 147.326
110.099 18.92 30.0649 3.07964 147.298
110.199 18.8981 30.0932 3.07796 147.27
110.299 18.8762 30.1215 3.07628 147.242
110.399 18.8543 30.1497 3.07458 147.213
110.499 18.8324 30.1779 3.07287 147.185
110.599 18.8104 30.2061 3.07116 147.157
110.699 18.7884 30.2343 3.06943 147.129
110.799 18.7664 30.2624 3.0677 147.101
110.899 18.7443 30.2906 3.06595 147.072
110.999 18.7223 30.3187 3.0642 147.044
111.099 18.7002 30.3468 3.06243 147.016
111.199 18.678 30.3749 3.06066 146.988
111.299 18.6559 30.403 3.05887 146.96
111.399 18.6337 30.431 3.05708 146.932
111.499 18.6115 30.459 3.05527 146.904
111.599 18.5893 30.487 3.05346 146.876
111.699 18.567 30.515 3.05164 146.848
111.799 18.5448 30.543 3.0498 146.82
111.899 18.5225 30.571 3.04796 146.792
111.999 18.5002 30.5989 3.0461 146.764
112.099 18.4778 30.6268 3.04424 146.736
112.199 18.4554 30.6547 3.04237 146.708
112.299 18.433 30.6826 3.04049 146.68
112.399 18.4106 30.7104 3.03859 146.653
112.499 18.3882 30.7382 3.03669 146.625
112.599 18.3657 30.766 3.03478 146.597
112.699 18.3432 30.7938 3.03286 146.569
112.799 18.3207 30.8216 3.03092 146.541
112.899 18.2981 30.8494 3.02898 146.514
112.999 18.2756 30.8771 3.02703 146.486
113.099 18.253 30.9048 3.02507 146.458
113.199 18.2304 30.9325 3.0231 146.431
113.299 18.2077 30.9602 3.02112 146.403
113.399 18.1851 30.9878 3.01913 146.375
113.499 18.1624 31.0154 3.01713 146.348
113.599 18.1397 31.043 3.01512 146.32
113.699 18.1169 31.0706 3.0131 146.292
113.799 18.0942 31.0982 3.01107 146.265
113.899 18.0714 31.1257 3.00903 146.237
113.999 18.0486 31.1532 3.00698 146.21
114.099 18.0258 31.1807 3.00492 146.182
114.199 18.0029 31.2082 3.00285 146.155
114.299 17.98 31.2357 3.00077 146.127
114.399 17.9571 31.2631 2.99869 146.1
114.499 17.9342 31.2905 2.99659 146.073
114.599 17.9113 31.3179 2.99448 146.045
114.699 17.8883 31.3453 2.99236 146.018
114.799 17.8653 31.3726 2.99024 145.99
114.899 17.8423 31.4 2.9881 145.963
114.999 17.8192 31.4273 2.98595 145.936
115.099 17.7962 31.4545 2.9838 145.908
115.199 17.7731 31.4818 2.98163 145.881
115.299 17.75 31.509 2.97945 145.854
115.399 17.7268 31.5362 2.97727 145.827
115.499 17.7037 31.5634 2.97507 145.8
115.599 17.6805 31.5906 2.97287 145.772
115.699 17.6573 31.6177 2.97066 145.745
115.799 17.6341 31.6449 2.96843 145.718
115.899 17.6109 31.672 2.9662 145.691
115.999 17.5876 31.699 2.96395 145.664
116.099 17.5643 31.7261 2.9617 145.637
116.199 17.541 31.7531 2.95944 145.61
116.299 17.5177 31.7801 2.95717 145.583
116.399 17.4943 31.8071 2.95489 145.556
116.499 17.4709 31.8341 2.95259 145.529
116.599 17.4475 31.861 2.95029 145.502
116.699 17.4241 31.8879 2.94798 145.475
116.799 17.4007 31.9148 2.94566 145.448
116.899 17.3772 31.9417 2.94333 145.421
116.999 17.3537 31.9685 2.94099 145.394
117.099 17.3302 31.9954 2.93864 145.368
117.199 17.3067 32.0221 2.93628 145.341
117.299 17.2831 32.0489 2.93391 145.314
117.399 17.2595 32.0757 2.93154 145.287
117.499 17.2359 32.1024 2.92915 145.261
117.599 17.2123 32.1291 2.92675 145.234
117.699 17.1887 32.1558 2.92434 145.207
117.799 17.165 32.1824 2.92193 145.181
117.899 17.1413 32.209 2.9195 145.154
117.999 17.1176 32.2356 2.91707 145.127
118.099 17.0939 32.2622 2.91462 145.101
118.199 17.0702 32.2888 2.91217 145.074
118.299 17.0464 32.3153 2.9097 145.048
118.399 17.0226 32.3418 2.90723 145.021
118.499 16.9988 32.3683 2.90474 144.995
118.599 16.975 32.3947 2.90225 144.968
118.699 16.9511 32.4211 2.89975 144.942
118.799 16.9273 32.4475 2.89724 144.915
118.899 16.9034 32.4739 2.89472 144.889
118.999 16.8794 32.5003 2.89219 144.863
119.099 16.8555 32.5266 2.88964 144.836
119.199 16.8316 32.5529 2.88709 144.81
119.299 16.8076 32.5792 2.88454 144.784
119.399 16.7836 32.6054 2.88197 144.758
119.499 16.7596 32.6316 2.87939 144.731
119.599 16.7355 32.6578 2.8768 144.705
119.699 16.7115 32.684 2.8742 144.679
119.799 16.6874 32.7102 2.8716 144.653
119.899 16.6633 32.7363 2.86898 144.627
119.999 16.6392 32.7624 2.86635 144.601
120.099 16.6151 32.7884 2.86372 144.575
120.199 16.5909 32.8145 2.86107 144.549
120.299 16.5667 32.8405 2.85842 144.523
120.399 16.5425 32.8665 2.85576 144.497
120.499 16.5183 32.8924 2.85308 144.471
120.599 16.4941 32.9184 2.8504 144.445
120.699 16.4698 32.9443 2.84771 144.419
120.799 16.4455 32.9701 2.84501 144.393
120.899 16.4212 32.996 2.8423 144.367
120.999 16.3969 33.0218 2.83958 144.341
121.099 16.3726 33.0476 2.83685 144.315
121.199 16.3482 33.0734 2.83411 144.29
121.299 16.3238 33.0991 2.83136 144.264
121.399 16.2995 33.1249 2.8286 144.238
121.499 16.275 33.1505 2.82584 144.212
121.599 16.2506 33.1762 2.82306 144.187
121.699 16.2262 33.2018 2.82027 144.161
121.799 16.2017 33.2274 2.81748 144.136
121.899 16.1772 33.253 2.81468 144.11
121.999 16.1527 33.2786 2.81186 144.084
122.099 16.1281 33.3041 2.80904 144.059
122.199 16.1036 33.3296 2.80621 144.033
122.299 16.079 33.3551 2.80336 144.008
122.399 16.0544 33.3805 2.80051 143.983
122.499 16.0298 33.4059 2.79765 143.957
122.599 16.0052 33.4313 2.79478 143.932
122.699 15.9806 33.4566 2.79191 143.906
122.799 15.9559 33.482 2.78902 143.881
122.899 15.9312 33.5073 2.78612 143.856
122.999 15.9065 33.5325 2.78321 143.83
123.099 15.8818 33.5578 2.7803 143.805
123.199 15.8571 33.583 2.77737 143.78
123.299 15.8323 33.6082 2.77444 143.755
123.399 15.8075 33.6333 2.7715 143.73
123.499 15.7828 33.6585 2.76854 143.705
123.599 15.7579 33.6836 2.76558 143.679
123.699 15.7331 33.7086 2.76261 143.654
123.799 15.7083 33.7337 2.75963 143.629
123.899 15.6834 33.7587 2.75664 143.604
123.999 15.6585 33.7836 2.75364 143.579
124.099 15.6336 33.8086 2.75063 143.554
124.199 15.6087 33.8335 2.74762 143.529
124.299 15.5838 33.8584 2.74459 143.505
124.399 15.5588 33.8833 2.74156 143.48
124.499 15.5338 33.9081 2.73851 143.455
124.599 15.5088 33.9329 2.73546 143.43
124.699 15.4838 33.9577 2.7324 143.405
124.799 15.4588 33.9824 2.72932 143.381
124.899 15.4338 34.0071 2.72624 143.356
124.999 15.4087 34.0318 2.72315 143.331
125.099 15.3836 34.0565 2.72005 143.307
125.199 15.3585 34.0811 2.71695 143.282
125.299 15.3334 34.1057 2.71383 143.257
125.399 15.3083 34.1302 2.7107 143.233
125.499 15.2831 34.1548 2.70757 143.208
125.599 15.2579 34.1793 2.70442 143.184
125.699 15.2328 34.2037 2.70127 143.159
125.799 15.2076 34.2282 2.69811 143.135
125.899 15.1823 34.2526 2.69494 143.11
125.999 15.1571 34.277 2.69175 143.086
126.099 15.1318 34.3013 2.68856 143.062
126.199 15.1066 34.3256 2.68537 143.037
126.299 15.0813 34.3499 2.68216 143.013
126.399 15.056 34.3742 2.67894 142.989
126.499 15.0307 34.3984 2.67572 142.965
126.599 15.0053 34.4226 2.67248 142.94
126.699 14.98 34.4467 2.66924 142.916
126.799 14.9546 34.4709 2.66599 142.892
126.899 14.9292 34.495 2.66272 142.868
126.999 14.9038 34.519 2.65945 142.844
127.099 14.8784 34.5431 2.65617 142.82
127.199 14.8529 34.5671 2.65289 142.796
127.299 14.8275 34.591 2.64959 142.772
127.399 14.802 34.615 2.64628 142.748
127.499 14.7765 34.6389 2.64297 142.724
127.599 14.751 34.6628 2.63964 142.7
127.699 14.7255 34.6866 2.63631 142.676
127.799 14.6999 34.7104 2.63297 142.653
127.899 14.6744 34.7342 2.62962 142.629
127.999 14.6488 34.7579 2.62626 142.605
128.099 14.6232 34.7816 2.62289 142.581
128.199 14.5976 34.8053 2.61952 142.558
128.299 14.572 34.829 2.61613 142.534
128.399 14.5464 34.8526 2.61273 142.51
128.499 14.5207 34.8762 2.60933 142.487
128.599 14.495 34.8997 2.60592 142.463
128.699 14.4693 34.9233 2.6025 142.44
128.799 14.4436 34.9467 2.59907 142.416
128.899 14.4179 34.9702 2.59563 142.393
128.999 14.3922 34.9936 2.59218 142.369
129.099 14.3664 35.017 2.58872 142.346
129.199 14.3407 35.0404 2.58526 142.323
129.299 14.3149 35.0637 2.58179 142.299
129.399 14.2891 35.087 2.5783 142.276
129.499 14.2633 35.1102 2.57481 142.253
129.599 14.2375 35.1334 2.57131 142.23
129.699 14.2116 35.1566 2.5678 142.206
129.799 14.1858 35.1798 2.56429 142.183
129.899 14.1599 35.2029 2.56076 142.16
129.999 14.134 35.226 2.55723 142.137
130.099 14.1081 35.249 2.55368 142.114
130.199 14.0822 35.2721 2.55013 142.091
130.299 14.0562 35.2951 2.54657 142.068
130.399 14.0303 35.318 2.543 142.045
130.499 14.0043 35.3409 2.53942 142.022
130.599 13.9783 35.3638 2.53584 141.999
130.699 13.9523 35.3867 2.53224 141.976
130.799 13.9263 35.4095 2.52864 141.954
130.899 13.9003 35.4322 2.52503 141.931
130.999 13.8742 35.455 2.52141 141.908
131.099 13.8482 35.4777 2.51778 141.885
131.199 13.8221 35.5004 2.51414 141.863
131.299 13.796 35.523 2.51049 141.84
131.399 13.7699 35.5456 2.50684 141.817
131.499 13.7438 35.5682 2.50318 141.795
131.599 13.7177 35.5907 2.4995 141.772
131.699 13.6915 35.6132 2.49582 141.75
131.799 13.6654 35.6357 2.49213 141.727
131.899 13.6392 35.6581 2.48844 141.705
131.999 13.613 35.6805 2.48473 141.682
132.099 13.5868 35.7029 2.48102 141.66
132.199 13.5606 35.7252 2.47729 141.638
132.299 13.5343 35.7475 2.47356 141.615
132.399 13.5081 35.7698 2.46982 141.593
132.499 13.4818 35.792 2.46608 141.571
132.599 13.4556 35.8142 2.46232 141.549
132.699 13.4293 35.8363 2.45856 141.527
132.799 13.403 35.8585 2.45478 141.505
132.899 13.3766 35.8805 2.451 141.482
132.999 13.3503 35.9026 2.44721 141.46
133.099 13.324 35.9246 2.44341 141.438
133.199 13.2976 35.9466 2.43961 141.416
133.299 13.2712 35.9685 2.43579 141.395
133.399 13.2448 35.9904 2.43197 141.373
133.499 13.2184 36.0123 2.42814 141.351
133.599 13.192 36.0341 2.4243 141.329
133.699 13.1656 36.0559 2.42045 141.307
133.799 13.1391 36.0776 2.41659 141.285
133.899 13.1127 36.0993 2.41273 141.264
133.999 13.0862 36.121 2.40886 141.242
134.099 13.0597 36.1427 2.40498 141.22
134.199 13.0332 36.1643 2.40109 141.199
134.299 13.0067 36.1858 2.39719 141.177
134.399 12.9802 36.2074 2.39328 141.156
134.499 12.9536 36.2289 2.38937 141.134
134.599 12.9271 36.2503 2.38545 141.113
134.699 12.9005 36.2718 2.38152 141.091
134.799 12.8739 36.2932 2.37758 141.07
134.899 12.8473 36.3145 2.37363 141.049
134.999 12.8207 36.3358 2.36968 141.027
135.099 12.7941 36.3571 2.36572 141.006
135.199 12.7675 36.3783 2.36175 140.985
135.299 12.7408 36.3995 2.35777 140.963
135.399 12.7141 36.4207 2.35378 140.942
135.499 12.6875 36.4418 2.34979 140.921
135.599 12.6608 36.4629 2.34578 140.9
135.699 12.6341 36.484 2.34177 140.879
135.799 12.6074 36.505 2.33775 140.858
135.899 12.5806 36.526 2.33373 140.837
135.999 12.5539 36.5469 2.32969 140.816
136.099 12.5271 36.5678 2.32565 140.795
136.199 12.5004 36.5887 2.3216 140.774
136.299 12.4736 36.6095 2.31754 140.754
136.399 12.4468 36.6303 2.31347 140.733
136.499 12.42 36.651 2.3094 140.712
136.599 12.3932 36.6717 2.30532 140.691
136.699 12.3664 36.6924 2.30122 140.671
136.799 12.3395 36.713 2.29713 140.65
136.899 12.3127 36.7336 2.29302 140.629
136.999 12.2858 36.7542 2.2889 140.609
137.099 12.2589 36.7747 2.28478 140.588
137.199 12.232 36.7952 2.28065 140.568
137.299 12.2051 36.8156 2.27651 140.547
137.399 12.1782 36.836 2.27237 140.527
137.499 12.1513 36.8564 2.26822 140.507
137.599 12.1243 36.8767 2.26405 140.486
137.699 12.0974 36.897 2.25988 140.466
137.799 12.0704 36.9173 2.25571 140.446
137.899 12.0434 36.9375 2.25152 140.426
137.999 12.0164 36.9577 2.24733 140.405
138.099 11.9894 36.9778 2.24313 140.385
138.199 11.9624 36.9979 2.23892 140.365
138.299 11.9354 37.0179 2.23471 140.345
138.399 11.9083 37.0379 2.23048 140.325
138.499 11.8813 37.0579 2.22625 140.305
138.599 11.8542 37.0779 2.22201 140.285
138.699 11.8271 37.0977 2.21777 140.265
138.799 11.8 37.1176 2.21351 140.245
138.899 11.7729 37.1374 2.20925 140.226
138.999 11.7458 37.1572 2.20498 140.206
139.099 11.7187 37.1769 2.2007 140.186
139.199 11.6916 37.1966 2.19642 140.166
139.299 11.6644 37.2163 2.19213 140.147
139.399 11.6373 37.2359 2.18783 140.127
139.499 11.6101 37.2555 2.18352 140.108
139.599 11.5829 37.275 2.1792 140.088
139.699 11.5557 37.2945 2.17488 140.068
139.799 11.5285 37.314 2.17055 140.049
139.899 11.5013 37.3334 2.16622 140.03
139.999 11.4741 37.3528 2.16187 140.01
140.099 11.4468 37.3721 2.15752 139.991
140.199 11.4196 37.3914 2.15316 139.972
140.299 11.3923 37.4107 2.14879 139.952
140.399 11.365 37.4299 2.14442 139.933
140.499 11.3378 37.4491 2.14003 139.914
140.599 11.3105 37.4682 2.13564 139.895
140.699 11.2831 37.4873 2.13125 139.876
140.799 11.2558 37.5064 2.12684 139.857
140.899 11.2285 37.5254 2.12243 139.838
140.999 11.2012 37.5443 2.11801 139.819
141.099 11.1738 37.5633 2.11358 139.8
141.199 11.1464 37.5822 2.10915 139.781
141.299 11.1191 37.601 2.10471 139.762
141.399 11.0917 37.6198 2.10026 139.743
141.499 11.0643 37.6386 2.0958 139.724
141.599 11.0369 37.6573 2.09134 139.706
141.699 11.0095 37.676 2.08687 139.687
141.799 10.982 37.6946 2.08239 139.668
141.899 10.9546 37.7132 2.07791 139.65
141.999 10.9271 37.7318 2.07342 139.631
142.099 10.8997 37.7503 2.06892 139.613
142.199 10.8722 37.7688 2.06441 139.594
142.299 10.8447 37.7872 2.0599 139.576
142.399 10.8172 37.8056 2.05538 139.557
142.499 10.7897 37.824 2.05085 139.539
142.6 10.7622 37.8423 2.04631 139.521
142.7 10.7347 37.8606 2.04177 139.502
142.8 10.7071 37.8788 2.03722 139.484
142.9 10.6796 37.897 2.03267 139.466
143 10.652 37.9151 2.0281 139.448
143.1 10.6245 37.9332 2.02353 139.43
143.2 10.5969 37.9513 2.01895 139.412
143.3 10.5693 37.9693 2.01437 139.394
143.4 10.5417 37.9873 2.00978 139.376
143.5 10.5141 38.0052 2.00518 139.358
143.6 10.4865 38.0231 2.00057 139.34
143.7 10.4588 38.041 1.99596 139.322
143.8 10.4312 38.0588 1.99134 139.304
143.9 10.4036 38.0765 1.98671 139.286
144 10.3759 38.0943 1.98208 139.269
144.1 10.3482 38.1119 1.97744 139.251
144.2 10.3206 38.1296 1.97279 139.233
144.3 10.2929 38.1472 1.96814 139.216
144.4 10.2652 38.1647 1.96348 139.198
144.5 10.2375 38.1822 1.95881 139.181
144.6 10.2097 38.1997 1.95414 139.163
144.7 10.182 38.2171 1.94945 139.146
144.8 10.1543 38.2345 1.94477 139.129
144.9 10.1265 38.2518 1.94007 139.111
145 10.0988 38.2691 1.93537 139.094
145.1 10.071 38.2864 1.93066 139.077
145.2 10.0432 38.3036 1.92594 139.059
145.3 10.0154 38.3208 1.92122 139.042
145.4 9.98762 38.3379 1.91649 139.025
145.5 9.95982 38.355 1.91176 139.008
145.6 9.932 38.372 1.90702 138.991
145.7 9.90418 38.389 1.90227 138.974
145.8 9.87634 38.4059 1.89751 138.957
145.9 9.8485 38.4229 1.89275 138.94
146 9.82064 38.4397 1.88798 138.923
146.1 9.79278 38.4565 1.8832 138.906
146.2 9.7649 38.4733 1.87842 138.89
146.3 9.73702 38.49 1.87363 138.873
146.4 9.70913 38.5067 1.86884 138.856
146.5 9.68123 38.5234 1.86404 138.84
146.6 9.65332 38.54 1.85923 138.823
146.7 9.6254 38.5565 1.85441 138.806
146.8 9.59747 38.573 1.84959 138.79
146.9 9.56953 38.5895 1.84476 138.774
147 9.54159 38.6059 1.83993 138.757
147.1 9.51363 38.6223 1.83509 138.741
147.2 9.48566 38.6386 1.83024 138.724
147.3 9.45769 38.6549 1.82539 138.708
147.4 9.42971 38.6712 1.82053 138.692
147.5 9.40172 38.6874 1.81566 138.676
147.6 9.37371 38.7035 1.81079 138.659
147.7 9.3457 38.7197 1.80591 138.643
147.8 9.31769 38.7357 1.80102 138.627
147.9 9.28966 38.7518 1.79613 138.611
148 9.26162 38.7677 1.79123 138.595
148.1 9.23358 38.7837 1.78633 138.579
148.2 9.20552 38.7996 1.78142 138.563
148.3 9.17746 38.8154 1.7765 138.548
148.4 9.14939 38.8312 1.77158 138.532
148.5 9.12131 38.847 1.76665 138.516
148.6 9.09322 38.8627 1.76171 138.5
148.7 9.06513 38.8784 1.75677 138.485
148.8 9.03702 38.894 1.75182 138.469
148.9 9.00891 38.9096 1.74687 138.453
149 8.98078 38.9251 1.74191 138.438
149.1 8.95265 38.9406 1.73694 138.422
149.2 8.92452 38.956 1.73197 138.407
149.3 8.89637 38.9714 1.72699 138.392
149.4 8.86821 38.9868 1.722 138.376
149.5 8.84005 39.0021 1.71701 138.361
149.6 8.81188 39.0173 1.71202 138.346
149.7 8.78369 39.0326 1.70701 138.33
149.8 8.75551 39.0477 1.702 138.315
149.9 8.72731 39.0629 1.69699 138.3
150 8.6991 39.0779 1.69197 138.285
150.1 8.67089 39.093 1.68694 138.27
150.2 8.64267 39.108 1.68191 138.255
150.3 8.61444 39.1229 1.67687 138.24
150.4 8.5862 39.1378 1.67183 138.225
150.5 8.55796 39.1526 1.66677 138.21
150.6 8.5297 39.1675 1.66172 138.196
150.7 8.50144 39.1822 1.65666 138.181
150.8 8.47317 39.1969 1.65159 138.166
150.9 8.44489 39.2116 1.64651 138.151
151 8.41661 39.2262 1.64143 138.137
151.1 8.38832 39.2408 1.63635 138.122
151.2 8.36002 39.2553 1.63126 138.108
151.3 8.33171 39.2698 1.62616 138.093
151.4 8.30339 39.2843 1.62106 138.079
151.5 8.27507 39.2986 1.61595 138.064
151.6 8.24674 39.313 1.61083 138.05
151.7 8.2184 39.3273 1.60571 138.036
151.8 8.19005 39.3415 1.60059 138.021
151.9 8.1617 39.3558 1.59545 138.007
152 8.13333 39.3699 1.59032 137.993
152.1 8.10496 39.384 1.58517 137.979
152.2 8.07659 39.3981 1.58003 137.965
152.3 8.0482 39.4121 1.57487 137.951
152.4 8.01981 39.4261 1.56971 137.937
152.5 7.99141 39.44 1.56455 137.923
152.6 7.96301 39.4539 1.55938 137.909
152.7 7.93459 39.4677 1.5542 137.895
152.8 7.90617 39.4815 1.54902 137.881
152.9 7.87774 39.4953 1.54383 137.868
153 7.84931 39.509 1.53864 137.854
153.1 7.82086 39.5226 1.53344 137.84
153.2 7.79241 39.5362 1.52824 137.827
153.3 7.76396 39.5498 1.52303 137.813
153.4 7.73549 39.5633 1.51781 137.8
153.5 7.70702 39.5767 1.51259 137.786
153.6 7.67854 39.5902 1.50737 137.773
153.7 7.65006 39.6035 1.50214 137.759
153.8 7.62157 39.6168 1.4969 137.746
153.9 7.59307 39.6301 1.49166 137.733
154 7.56456 39.6433 1.48642 137.72
154.1 7.53605 39.6565 1.48116 137.707
154.2 7.50753 39.6696 1.47591 137.693
154.3 7.479 39.6827 1.47064 137.68
154.4 7.45047 39.6958 1.46538 137.667
154.5 7.42192 39.7088 1.46011 137.654
154.6 7.39338 39.7217 1.45483 137.641
154.7 7.36482 39.7346 1.44954 137.628
154.8 7.33626 39.7474 1.44426 137.616
154.9 7.30769 39.7602 1.43896 137.603
155 7.27912 39.773 1.43366 137.59
155.1 7.25054 39.7857 1.42836 137.577
155.2 7.22195 39.7983 1.42305 137.565
155.3 7.19336 39.811 1.41774 137.552
155.4 7.16476 39.8235 1.41242 137.54
155.5 7.13615 39.836 1.4071 137.527
155.6 7.10754 39.8485 1.40177 137.515
155.7 7.07892 39.8609 1.39643 137.502
155.8 7.05029 39.8733 1.3911 137.49
155.9 7.02166 39.8856 1.38575 137.477
156 6.99302 39.8979 1.3804 137.465
156.1 6.96437 39.9101 1.37505 137.453
156.2 6.93572 39.9223 1.36969 137.441
156.3 6.90706 39.9344 1.36433 137.429
156.4 6.8784 39.9465 1.35896 137.417
156.5 6.84973 39.9585 1.35359 137.405
156.6 6.82105 39.9705 1.34821 137.393
156.7 6.79237 39.9824 1.34283 137.381
156.8 6.76368 39.9943 1.33744 137.369
156.9 6.73498 40.0062 1.33205 137.357
157 6.70628 40.0179 1.32665 137.345
157.1 6.67758 40.0297 1.32125 137.333
157.2 6.64886 40.0414 1.31584 137.322
157.3 6.62014 40.053 1.31043 137.31
157.4 6.59142 40.0646 1.30502 137.298
157.5 6.56269 40.0762 1.2996 137.287
157.6 6.53395 40.0877 1.29417 137.275
157.7 6.50521 40.0991 1.28874 137.264
157.8 6.47646 40.1105 1.28331 137.252
157.9 6.4477 40.1219 1.27787 137.241
158 6.41894 40.1332 1.27243 137.23
158.1 6.39018 40.1444 1.26698 137.219
158.2 6.36141 40.1557 1.26153 137.207
158.3 6.33263 40.1668 1.25607 137.196
158.4 6.30384 40.1779 1.25061 137.185
158.5 6.27506 40.189 1.24514 137.174
158.6 6.24626 40.2 1.23967 137.163
158.7 6.21746 40.211 1.2342 137.152
158.8 6.18866 40.2219 1.22872 137.141
158.9 6.15984 40.2327 1.22324 137.13
159.001 6.13103 40.2436 1.21775 137.119
159.101 6.10221 40.2543 1.21226 137.109
159.201 6.07338 40.265 1.20676 137.098
159.301 6.04454 40.2757 1.20126 137.087
159.401 6.01571 40.2863 1.19575 137.077
159.501 5.98686 40.2969 1.19025 137.066
159.601 5.95801 40.3074 1.18473 137.056
159.701 5.92916 40.3179 1.17921 137.045
159.801 5.9003 40.3283 1.17369 137.035
159.901 5.87143 40.3387 1.16817 137.024
160.001 5.84256 40.349 1.16264 137.014
160.101 5.81369 40.3593 1.1571 137.004
160.201 5.78481 40.3695 1.15156 136.993
160.301 5.75592 40.3797 1.14602 136.983
160.401 5.72703 40.3898 1.14047 136.973
160.501 5.69813 40.3999 1.13492 136.963
160.601 5.66923 40.4099 1.12937 136.953
160.701 5.64033 40.4199 1.12381 136.943
160.801 5.61142 40.4298 1.11824 136.933
160.901 5.5825 40.4397 1.11268 136.923
161.001 5.55358 40.4495 1.10711 136.913
161.101 5.52465 40.4593 1.10153 136.904
161.201 5.49572 40.4691 1.09595 136.894
161.301 5.46679 40.4787 1.09037 136.884
161.401 5.43784 40.4884 1.08478 136.875
161.501 5.4089 40.4979 1.07919 136.865
161.601 5.37995 40.5075 1.0736 136.856
161.701 5.35099 40.517 1.068 136.846
161.801 5.32203 40.5264 1.0624 136.837
161.901 5.29307 40.5358 1.05679 136.827
162.001 5.2641 40.5451 1.05118 136.818
162.101 5.23513 40.5544 1.04557 136.809
162.201 5.20615 40.5636 1.03995 136.799
162.301 5.17717 40.5728 1.03433 136.79
162.401 5.14818 40.5819 1.0287 136.781
162.501 5.11919 40.591 1.02307 136.772
162.601 5.09019 40.6 1.01744 136.763
162.701 5.06119 40.609 1.01181 136.754
162.801 5.03218 40.6179 1.00617 136.745
162.901 5.00317 40.6268 1.00052 136.736
163.001 4.97416 40.6356 0.994877 136.727
163.101 4.94514 40.6444 0.989226 136.719
163.201 4.91612 40.6532 0.983573 136.71
163.301 4.88709 40.6618 0.977915 136.701
163.401 4.85806 40.6705 0.972255 136.693
163.501 4.82902 40.679 0.96659 136.684
163.601 4.79998 40.6876 0.960922 136.675
163.701 4.77093 40.696 0.955251 136.667
163.801 4.74189 40.7045 0.949576 136.659
163.901 4.71283 40.7128 0.943898 136.65
164.001 4.68378 40.7212 0.938217 136.642
164.101 4.65471 40.7294 0.932532 136.634
164.201 4.62565 40.7377 0.926844 136.625
164.301 4.59658 40.7458 0.921152 136.617
164.401 4.56751 40.754 0.915458 136.609
164.501 4.53843 40.762 0.909759 136.601
164.601 4.50935 40.7701 0.904058 136.593
164.701 4.48026 40.778 0.898353 136.585
164.801 4.45117 40.786 0.892646 136.577
164.901 4.42208 40.7938 0.886934 136.569
165.001 4.39298 40.8016 0.88122 136.561
165.101 4.36388 40.8094 0.875503 136.554
165.201 4.33478 40.8171 0.869782 136.546
165.301 4.30567 40.8248 0.864059 136.538
165.401 4.27656 40.8324 0.858332 136.531
165.501 4.24744 40.84 0.852602 136.523
165.601 4.21832 40.8475 0.846869 136.516
165.701 4.1892 40.855 0.841133 136.508
165.801 4.16007 40.8624 0.835394 136.501
165.901 4.13094 40.8697 0.829652 136.493
166.001 4.1018 40.877 0.823907 136.486
166.101 4.07267 40.8843 0.818159 136.479
166.201 4.04353 40.8915 0.812408 136.472
166.301 4.01438 40.8987 0.806654 136.464
166.401 3.98523 40.9058 0.800897 136.457
166.501 3.95608 40.9128 0.795138 136.45
166.601 3.92692 40.9198 0.789375 136.443
166.701 3.89777 40.9268 0.78361 136.436
166.801 3.8686 40.9337 0.777842 136.429
166.901 3.83944 40.9405 0.772071 136.422
167.001 3.81027 40.9473 0.766297 136.416
167.101 3.7811 40.9541 0.76052 136.409
167.201 3.75192 40.9608 0.754741 136.402
167.301 3.72274 40.9674 0.748959 136.396
167.401 3.69356 40.974 0.743174 136.389
167.501 3.66437 40.9806 0.737387 136.382
167.601 3.63519 40.9871 0.731597 136.376
167.701 3.60599 40.9935 0.725805 136.37
167.801 3.5768 40.9999 0.720009 136.363
167.901 3.5476 41.0062 0.714211 136.357
168.001 3.5184 41.0125 0.708411 136.351
168.101 3.4892 41.0187 0.702608 136.344
168.201 3.45999 41.0249 0.696803 136.338
168.301 3.43078 41.0311 0.690995 136.332
168.401 3.40157 41.0371 0.685184 136.326
168.501 3.37235 41.0432 0.679371 136.32
168.601 3.34313 41.0492 0.673556 136.314
168.701 3.31391 41.0551 0.667738 136.308
168.801 3.28468 41.061 0.661918 136.302
168.901 3.25546 41.0668 0.656095 136.296
169.001 3.22623 41.0725 0.65027 136.29
169.101 3.19699 41.0783 0.644443 136.285
169.201 3.16776 41.0839 0.638613 136.279
169.301 3.13852 41.0896 0.632781 136.273
169.401 3.10928 41.0951 0.626947 136.268
169.501 3.08003 41.1006 0.62111 136.262
169.601 3.05079 41.1061 0.615272 136.257
169.701 3.02154 41.1115 0.609431 136.252
169.801 2.99228 41.1169 0.603587 136.246
169.901 2.96303 41.1222 0.597742 136.241
170.001 2.93377 41.1274 0.591895 136.236
170.101 2.90451 41.1326 0.586045 136.23
170.201 2.87525 41.1378 0.580193 136.225
170.301 2.84598 41.1429 0.574339 136.22
170.401 2.81672 41.1479 0.568483 136.215
170.501 2.78745 41.1529 0.562625 136.21
170.601 2.75818 41.1579 0.556765 136.205
170.701 2.7289 41.1628 0.550903 136.2
170.801 2.69962 41.1676 0.545039 136.195
170.901 2.67034 41.1724 0.539173 136.191
171.001 2.64106 41.1771 0.533305 136.186
171.101 2.61178 41.1818 0.527436 136.181
171.201 2.58249 41.1864 0.521564 136.177
171.301 2.5532 41.191 0.51569 136.172
171.401 2.52391 41.1955 0.509815 136.167
171.501 2.49462 41.2 0.503937 136.163
171.601 2.46533 41.2044 0.498058 136.159
171.701 2.43603 41.2088 0.492177 136.154
171.801 2.40673 41.2131 0.486295 136.15
171.901 2.37743 41.2174 0.48041 136.146
172.001 2.34813 41.2216 0.474524 136.141
172.101 2.31882 41.2258 0.468636 136.137
172.201 2.28951 41.2299 0.462746 136.133
172.301 2.2602 41.234 0.456855 136.129
172.401 2.23089 41.238 0.450962 136.125
172.501 2.20158 41.2419 0.445068 136.121
172.601 2.17227 41.2458 0.439171 136.117
172.701 2.14295 41.2497 0.433274 136.113
172.801 2.11363 41.2535 0.427374 136.11
172.901 2.08431 41.2572 0.421473 136.106
173.001 2.05499 41.2609 0.415571 136.102
173.101 2.02566 41.2646 0.409667 136.098
173.201 1.99634 41.2682 0.403762 136.095
173.301 1.96701 41.2717 0.397855 136.091
173.401 1.93768 41.2752 0.391947 136.088
173.501 1.90835 41.2786 0.386037 136.084
173.601 1.87902 41.282 0.380126 136.081
173.701 1.84968 41.2853 0.374213 136.078
173.801 1.82035 41.2886 0.3683 136.074
173.901 1.79101 41.2918 0.362384 136.071
174.001 1.76167 41.295 0.356468 136.068
174.101 1.73233 41.2981 0.35055 136.065
174.201 1.70299 41.3012 0.344631 136.062
174.301 1.67365 41.3042 0.338711 136.059
174.401 1.6443 41.3072 0.332789 136.056
174.501 1.61495 41.3101 0.326867 136.053
174.601 1.58561 41.3129 0.320943 136.05
174.701 1.55626 41.3158 0.315018 136.047
174.801 1.52691 41.3185 0.309092 136.045
174.901 1.49756 41.3212 0.303164 136.042
175.001 1.4682 41.3239 0.297236 136.039
175.101 1.43885 41.3265 0.291307 136.037
175.201 1.40949 41.329 0.285376 136.034
175.301 1.38014 41.3315 0.279445 136.032
175.402 1.35078 41.3339 0.273512 136.029
175.502 1.32142 41.3363 0.267578 136.027
175.602 1.29206 41.3387 0.261644 136.024
175.702 1.2627 41.3409 0.255708 136.022
175.802 1.23334 41.3432 0.249772 136.02
175.902 1.20397 41.3454 0.243835 136.018
176.002 1.17461 41.3475 0.237897 136.016
176.102 1.14524 41.3496 0.231958 136.013
176.202 1.11588 41.3516 0.226018 136.011
176.302 1.08651 41.3535 0.220077 136.009
176.402 1.05714 41.3555 0.214136 136.008
176.502 1.02777 41.3573 0.208193 136.006
176.602 0.998402 41.3591 0.20225 136.004
176.702 0.969031 41.3609 0.196307 136.002
176.802 0.93966 41.3626 0.190362 136
176.902 0.910287 41.3643 0.184417 135.999
177.002 0.880914 41.3659 0.178471 135.997
177.102 0.85154 41.3674 0.172525 135.996
177.202 0.822165 41.3689 0.166578 135.994
177.302 0.792789 41.3703 0.16063 135.993
177.402 0.763413 41.3717 0.154682 135.991
177.502 0.734036 41.3731 0.148733 135.99
177.602 0.704659 41.3744 0.142784 135.989
177.702 0.675281 41.3756 0.136834 135.987
177.802 0.645902 41.3768 0.130883 135.986
177.902 0.616523 41.3779 0.124933 135.985
178.002 0.587143 41.379 0.118981 135.984
178.102 0.557763 41.38 0.11303 135.983
178.202 0.528382 41.381 0.107077 135.982
178.302 0.499001 41.3819 0.101125 135.981
178.402 0.469619 41.3828 0.095172 135.98
178.502 0.440237 41.3836 0.0892188 135.979
178.602 0.410855 41.3843 0.0832652 135.979
178.702 0.381472 41.3851 0.0773114 135.978
178.802 0.352089 41.3857 0.0713572 135.977
178.902 0.322705 41.3863 0.0654028 135.977
179.002 0.293322 41.3869 0.0594482 135.976
179.102 0.263938 41.3874 0.0534934 135.976
179.202 0.234554 41.3878 0.0475383 135.975
179.302 0.205169 41.3882 0.0415831 135.975
179.402 0.175785 41.3885 0.0356278 135.974
179.502 0.1464 41.3888 0.0296723 135.974
179.602 0.117015 41.3891 0.0237167 135.974
179.702 0.0876305 41.3892 0.017761 135.974
179.802 0.0582455 41.3894 0.0118053 135.974
179.902 0.0288605 41.3895 0.0058495 135.974
