0 3.5239e-15 13.5701 0 163.866
0.1 0.0502214 13.5702 0.00669183 163.866
0.2 0.100442 13.5703 0.0133836 163.866
0.3 0.150662 13.5704 0.0200754 163.866
0.4 0.200881 13.5706 0.0267671 163.866
0.5 0.251098 13.5709 0.0334588 163.865
0.6 0.301312 13.5713 0.0401504 163.865
0.7 0.351524 13.5717 0.0468419 163.865
0.8 0.401732 13.5721 0.0535332 163.864
0.9 0.451937 13.5727 0.0602245 163.864
1 0.502138 13.5733 0.0669156 163.863
1.1 0.552334 13.5739 0.0736065 163.862
1.2 0.602524 13.5747 0.0802972 163.862
1.3 0.65271 13.5754 0.0869878 163.861
1.4 0.702889 13.5763 0.0936781 163.86
1.5 0.753062 13.5772 0.100368 163.859
1.6 0.803228 13.5782 0.107058 163.858
1.7 0.853386 13.5792 0.113748 163.857
1.8 0.903537 13.5803 0.120437 163.856
1.9 0.953679 13.5814 0.127126 163.855
2 1.00381 13.5827 0.133815 163.854
2.1 1.05394 13.584 0.140503 163.852
2.2 1.10405 13.5853 0.147191 163.851
2.3 1.15416 13.5867 0.153879 163.85
2.4 1.20425 13.5882 0.160566 163.848
2.5 1.25433 13.5897 0.167253 163.847
2.6 1.3044 13.5913 0.173939 163.845
2.7 1.35446 13.593 0.180625 163.843
2.8 1.40451 13.5947 0.187311 163.842
2.9 1.45454 13.5965 0.193996 163.84
3 1.50456 13.5983 0.200681 163.838
3.1 1.55457 13.6002 0.207365 163.836
3.2 1.60456 13.6022 0.214049 163.834
3.3 1.65454 13.6043 0.220732 163.832
3.4 1.7045 13.6064 0.227415 163.83
3.5 1.75445 13.6085 0.234097 163.828
3.6 1.80438 13.6107 0.240778 163.825
3.7 1.85429 13.613 0.247459 163.823
3.8 1.90419 13.6154 0.254139 163.821
3.9 1.95407 13.6178 0.260819 163.818
4 2.00393 13.6203 0.267498 163.816
4.1 2.05377 13.6228 0.274176 163.813
4.2 2.1036 13.6254 0.280854 163.811
4.3 2.1534 13.6281 0.287531 163.808
4.4 2.20319 13.6308 0.294207 163.805
4.5 2.25295 13.6336 0.300883 163.803
4.6 2.3027 13.6364 0.307558 163.8
4.7 2.35242 13.6393 0.314232 163.797
4.8 2.40212 13.6423 0.320905 163.794
4.9 2.4518 13.6453 0.327577 163.791
5 2.50146 13.6484 0.334249 163.788
5.1 2.5511 13.6516 0.34092 163.785
5.2 2.60071 13.6548 0.34759 163.781
5.3 2.65029 13.6581 0.354259 163.778
5.4 2.69986 13.6614 0.360928 163.775
5.5 2.7494 13.6649 0.367595 163.771
5.6 2.79891 13.6683 0.374261 163.768
5.7 2.8484 13.6719 0.380927 163.764
5.8 2.89786 13.6755 0.387592 163.761
5.9 2.9473 13.6791 0.394255 163.757
6 2.9967 13.6828 0.400918 163.753
6.1 3.04609 13.6866 0.40758 163.75
6.2 3.09544 13.6905 0.414241 163.746
6.3 3.14477 13.6944 0.4209 163.742
6.4 3.19406 13.6984 0.427559 163.738
6.5 3.24333 13.7024 0.434217 163.734
6.6 3.29257 13.7065 0.440873 163.73
6.7 3.34178 13.7107 0.447529 163.726
6.8 3.39096 13.7149 0.454183 163.721
6.9 3.44011 13.7192 0.460837 163.717
7 3.48922 13.7235 0.467489 163.713
7.1 3.53831 13.7279 0.47414 163.708
7.2 3.58736 13.7324 0.48079 163.704
7.3 3.63638 13.7369 0.487438 163.699
7.4 3.68537 13.7415 0.494086 163.695
7.5 3.73432 13.7462 0.500732 163.69
7.6 3.78324 13.7509 0.507377 163.685
7.7 3.83213 13.7557 0.514021 163.681
7.79999 3.88098 13.7605 0.520663 163.676
7.89999 3.9298 13.7654 0.527304 163.671
7.99999 3.97858 13.7704 0.533944 163.666
8.09999 4.02732 13.7754 0.540583 163.661
8.2 4.07603 13.7805 0.54722 163.656
8.3 4.1247 13.7856 0.553856 163.651
8.4 4.17334 13.7909 0.560491 163.645
8.5 4.22194 13.7961 0.567124 163.64
8.6 4.2705 13.8015 0.573756 163.635
8.7 4.31902 13.8069 0.580386 163.629
8.8 4.3675 13.8123 0.587015 163.624
8.9 4.41595 13.8179 0.593643 163.618
9 4.46435 13.8234 0.600269 163.613
9.1 4.51271 13.8291 0.606894 163.607
9.2 4.56104 13.8348 0.613517 163.601
9.3 4.60932 13.8406 0.620138 163.596
9.4 4.65756 13.8464 0.626758 163.59
9.5 4.70576 13.8523 0.633377 163.584
9.6 4.75392 13.8583 0.639994 163.578
9.7 4.80203 13.8643 0.646609 163.572
9.8 4.85011 13.8704 0.653223 163.566
9.9 4.89814 13.8765 0.659835 163.56
10 4.94612 13.8827 0.666446 163.554
10.1 4.99406 13.889 0.673055 163.547
10.2 5.04196 13.8953 0.679662 163.541
10.3 5.08981 13.9017 0.686268 163.535
10.4 5.13762 13.9082 0.692872 163.528
10.5 5.18538 13.9147 0.699474 163.522
10.6 5.2331 13.9212 0.706074 163.515
10.7 5.28077 13.9279 0.712673 163.508
10.8 5.32839 13.9346 0.71927 163.502
10.9 5.37597 13.9413 0.725865 163.495
11 5.42349 13.9482 0.732459 163.488
11.1 5.47097 13.955 0.73905 163.481
11.2 5.5184 13.962 0.74564 163.474
11.3 5.56579 13.969 0.752228 163.467
11.4 5.61312 13.9761 0.758814 163.46
11.5 5.66041 13.9832 0.765398 163.453
11.6 5.70764 13.9904 0.771981 163.446
11.7 5.75482 13.9976 0.778561 163.439
11.8 5.80196 14.0049 0.78514 163.431
11.9 5.84904 14.0123 0.791716 163.424
12 5.89607 14.0197 0.798291 163.416
12.1 5.94305 14.0272 0.804864 163.409
12.2 5.98998 14.0348 0.811434 163.401
12.3 6.03686 14.0424 0.818003 163.394
12.4 6.08368 14.0501 0.82457 163.386
12.5 6.13045 14.0578 0.831134 163.378
12.6 6.17716 14.0656 0.837697 163.371
12.7 6.22383 14.0735 0.844257 163.363
12.8 6.27043 14.0814 0.850816 163.355
12.9 6.31699 14.0894 0.857372 163.347
13 6.36348 14.0975 0.863926 163.339
13.1 6.40993 14.1056 0.870479 163.331
13.2 6.45631 14.1137 0.877028 163.322
13.3 6.50265 14.122 0.883576 163.314
13.4 6.54892 14.1303 0.890122 163.306
13.5 6.59514 14.1386 0.896665 163.298
13.6 6.6413 14.147 0.903206 163.289
13.7 6.6874 14.1555 0.909745 163.281
13.8 6.73345 14.164 0.916282 163.272
13.9 6.77944 14.1726 0.922817 163.264
14 6.82537 14.1813 0.929349 163.255
14.1 6.87124 14.19 0.935879 163.246
14.2 6.91705 14.1988 0.942406 163.237
14.3 6.9628 14.2076 0.948931 163.229
14.4 7.00849 14.2165 0.955454 163.22
14.5 7.05413 14.2255 0.961975 163.211
14.6 7.0997 14.2345 0.968493 163.202
14.7 7.14521 14.2436 0.975009 163.193
14.8 7.19066 14.2527 0.981522 163.183
14.9 7.23605 14.2619 0.988033 163.174
15 7.28137 14.2712 0.994542 163.165
15.1 7.32664 14.2805 1.00105 163.156
15.2 7.37184 14.2899 1.00755 163.146
15.3 7.41698 14.2994 1.01405 163.137
15.4 7.46205 14.3089 1.02055 163.127
15.5 7.50707 14.3184 1.02705 163.118
15.6 7.55202 14.3281 1.03354 163.108
15.7 7.5969 14.3378 1.04003 163.098
15.8 7.64172 14.3475 1.04652 163.089
15.9 7.68648 14.3573 1.05301 163.079
16 7.73117 14.3672 1.05949 163.069
16.1 7.7758 14.3771 1.06597 163.059
16.2 7.82036 14.3871 1.07245 163.049
16.3 7.86485 14.3971 1.07892 163.039
16.4 7.90928 14.4072 1.0854 163.029
16.5 7.95364 14.4174 1.09187 163.019
16.6 7.99794 14.4276 1.09833 163.009
16.7 8.04217 14.4379 1.1048 162.998
16.8 8.08633 14.4483 1.11126 162.988
16.9 8.13042 14.4587 1.11772 162.978
17 8.17445 14.4692 1.12417 162.967
17.1 8.2184 14.4797 1.13063 162.957
17.2 8.26229 14.4903 1.13708 162.946
17.3 8.30611 14.5009 1.14353 162.935
17.4 8.34986 14.5116 1.14997 162.925
17.5 8.39354 14.5224 1.15641 162.914
17.6 8.43715 14.5332 1.16285 162.903
17.7 8.4807 14.5441 1.16929 162.892
17.8 8.52417 14.5551 1.17572 162.881
17.9 8.56757 14.5661 1.18215 162.87
18 8.6109 14.5771 1.18858 162.859
18.1 8.65416 14.5883 1.19501 162.848
18.2 8.69734 14.5995 1.20143 162.837
18.3 8.74046 14.6107 1.20785 162.826
18.4 8.7835 14.622 1.21426 162.814
18.5 8.82648 14.6334 1.22067 162.803
18.6 8.86938 14.6448 1.22708 162.791
18.7 8.9122 14.6563 1.23349 162.78
18.8 8.95496 14.6678 1.23989 162.768
18.9 8.99764 14.6794 1.2463 162.757
19 9.04025 14.6911 1.25269 162.745
19.1 9.08278 14.7028 1.25909 162.733
19.2 9.12524 14.7146 1.26548 162.722
19.3 9.16763 14.7264 1.27187 162.71
19.4 9.20994 14.7383 1.27825 162.698
19.5 9.25217 14.7503 1.28463 162.686
19.6 9.29433 14.7623 1.29101 162.674
19.7 9.33642 14.7744 1.29739 162.662
19.8 9.37843 14.7865 1.30376 162.65
19.9 9.42037 14.7987 1.31013 162.638
20 9.46223 14.811 1.31649 162.625
20.1 9.50401 14.8233 1.32286 162.613
20.2 9.54572 14.8356 1.32922 162.601
20.3 9.58735 14.8481 1.33557 162.588
20.4 9.6289 14.8606 1.34192 162.576
20.5 9.67037 14.8731 1.34827 162.563
20.6 9.71177 14.8857 1.35462 162.551
20.7 9.75309 14.8984 1.36096 162.538
20.8 9.79434 14.9111 1.3673 162.525
20.9 9.8355 14.9239 1.37364 162.512
21 9.87659 14.9367 1.37997 162.5
21.1 9.9176 14.9496 1.3863 162.487
21.2 9.95853 14.9626 1.39262 162.474
21.3 9.99938 14.9756 1.39895 162.461
21.4 10.0402 14.9887 1.40526 162.448
21.5 10.0808 15.0018 1.41158 162.434
21.6 10.1215 15.015 1.41789 162.421
21.7 10.162 15.0282 1.4242 162.408
21.8 10.2024 15.0415 1.4305 162.395
21.9 10.2428 15.0549 1.4368 162.381
22 10.2831 15.0683 1.4431 162.368
22.1 10.3233 15.0818 1.44939 162.354
22.2 10.3634 15.0953 1.45568 162.341
22.3 10.4035 15.1089 1.46197 162.327
22.4 10.4435 15.1226 1.46825 162.314
22.5 10.4834 15.1363 1.47453 162.3
22.6 10.5232 15.1501 1.48081 162.286
22.7001 10.5629 15.1639 1.48708 162.272
22.8001 10.6025 15.1778 1.49335 162.258
22.9001 10.6421 15.1917 1.49961 162.244
23.0001 10.6816 15.2057 1.50587 162.23
23.1001 10.721 15.2198 1.51213 162.216
23.2001 10.7603 15.2339 1.51838 162.202
23.3001 10.7995 15.2481 1.52463 162.188
23.4001 10.8386 15.2623 1.53088 162.174
23.5001 10.8777 15.2766 1.53712 162.16
23.6001 10.9167 15.291 1.54336 162.145
23.7001 10.9556 15.3054 1.54959 162.131
23.8001 10.9944 15.3198 1.55582 162.116
23.9001 11.0331 15.3344 1.56205 162.102
24.0001 11.0718 15.3489 1.56827 162.087
24.1001 11.1103 15.3636 1.57449 162.073
24.2001 11.1488 15.3783 1.5807 162.058
24.3001 11.1872 15.393 1.58691 162.043
24.4001 11.2255 15.4078 1.59312 162.028
24.5001 11.2637 15.4227 1.59932 162.014
24.6001 11.3019 15.4376 1.60552 161.999
24.7001 11.3399 15.4526 1.61172 161.984
24.8001 11.3779 15.4676 1.61791 161.969
24.9001 11.4157 15.4827 1.62409 161.954
25.0001 11.4535 15.4978 1.63028 161.938
25.1001 11.4912 15.5131 1.63645 161.923
25.2001 11.5289 15.5283 1.64263 161.908
25.3001 11.5664 15.5436 1.6488 161.893
25.4001 11.6039 15.559 1.65496 161.877
25.5001 11.6412 15.5744 1.66113 161.862
25.6001 11.6785 15.5899 1.66728 161.846
25.7001 11.7157 15.6055 1.67344 161.831
25.8001 11.7528 15.6211 1.67959 161.815
25.9001 11.7898 15.6367 1.68573 161.799
26.0001 11.8267 15.6524 1.69187 161.784
26.1001 11.8636 15.6682 1.69801 161.768
26.2001 11.9003 15.684 1.70414 161.752
26.3001 11.937 15.6999 1.71027 161.736
26.4001 11.9736 15.7159 1.71639 161.72
26.5001 12.01 15.7319 1.72251 161.704
26.6001 12.0464 15.7479 1.72863 161.688
26.7001 12.0828 15.764 1.73474 161.672
26.8001 12.119 15.7802 1.74085 161.656
26.9001 12.1551 15.7964 1.74695 161.64
27.0001 12.1912 15.8127 1.75305 161.624
27.1001 12.2271 15.829 1.75914 161.607
27.2001 12.263 15.8454 1.76523 161.591
27.3001 12.2988 15.8618 1.77132 161.574
27.4001 12.3345 15.8783 1.7774 161.558
27.5001 12.3701 15.8949 1.78347 161.541
27.6001 12.4056 15.9115 1.78954 161.525
27.7001 12.441 15.9282 1.79561 161.508
27.8001 12.4763 15.9449 1.80167 161.491
27.9001 12.5116 15.9617 1.80773 161.475
28.0001 12.5467 15.9785 1.81378 161.458
28.1001 12.5818 15.9954 1.81983 161.441
28.2001 12.6168 16.0123 1.82588 161.424
28.3001 12.6517 16.0293 1.83192 161.407
28.4001 12.6864 16.0464 1.83795 161.39
28.5001 12.7212 16.0635 1.84398 161.373
28.6001 12.7558 16.0806 1.85001 161.356
28.7001 12.7903 16.0978 1.85603 161.338
28.8001 12.8247 16.1151 1.86204 161.321
28.9001 12.8591 16.1324 1.86806 161.304
29.0001 12.8933 16.1498 1.87406 161.286
29.1001 12.9275 16.1673 1.88007 161.269
29.2001 12.9615 16.1848 1.88606 161.251
29.3001 12.9955 16.2023 1.89206 161.234
29.4001 13.0294 16.2199 1.89804 161.216
29.5001 13.0632 16.2376 1.90403 161.199
29.6001 13.0969 16.2553 1.91001 161.181
29.7001 13.1305 16.273 1.91598 161.163
29.8001 13.1641 16.2909 1.92195 161.145
29.9001 13.1975 16.3087 1.92791 161.127
30.0001 13.2308 16.3267 1.93387 161.11
30.1001 13.2641 16.3446 1.93983 161.092
30.2001 13.2972 16.3627 1.94578 161.074
30.3001 13.3303 16.3808 1.95172 161.055
30.4001 13.3633 16.3989 1.95766 161.037
30.5001 13.3962 16.4171 1.96359 161.019
30.6001 13.4289 16.4354 1.96952 161.001
30.7001 13.4616 16.4537 1.97545 160.983
30.8001 13.4942 16.472 1.98137 160.964
30.9001 13.5268 16.4904 1.98728 160.946
31.0001 13.5592 16.5089 1.99319 160.927
31.1001 13.5915 16.5274 1.9991 160.909
31.2001 13.6237 16.546 2.005 160.89
31.3001 13.6559 16.5646 2.01089 160.872
31.4001 13.6879 16.5833 2.01678 160.853
31.5001 13.7199 16.6021 2.02267 160.834
31.6001 13.7518 16.6208 2.02855 160.815
31.7001 13.7835 16.6397 2.03442 160.797
31.8001 13.8152 16.6586 2.04029 160.778
31.9001 13.8468 16.6775 2.04615 160.759
32.0001 13.8783 16.6965 2.05201 160.74
32.1001 13.9097 16.7156 2.05787 160.721
32.2001 13.941 16.7347 2.06371 160.702
32.3001 13.9722 16.7539 2.06956 160.682
32.4001 14.0034 16.7731 2.07539 160.663
32.5001 14.0344 16.7923 2.08123 160.644
32.6001 14.0653 16.8117 2.08705 160.625
32.7001 14.0962 16.831 2.09288 160.605
32.8001 14.1269 16.8505 2.09869 160.586
32.9001 14.1576 16.8699 2.10451 160.566
33.0001 14.1881 16.8895 2.11031 160.547
33.1001 14.2186 16.9091 2.11611 160.527
33.2001 14.249 16.9287 2.12191 160.508
33.3001 14.2793 16.9484 2.1277 160.488
33.4001 14.3095 16.9681 2.13348 160.468
33.5001 14.3396 16.9879 2.13926 160.448
33.6001 14.3696 17.0078 2.14504 160.428
33.7001 14.3995 17.0277 2.1508 160.409
33.8001 14.4293 17.0476 2.15657 160.389
33.9001 14.459 17.0676 2.16232 160.369
34.0001 14.4887 17.0877 2.16808 160.349
34.1001 14.5182 17.1078 2.17382 160.328
34.2001 14.5476 17.1279 2.17956 160.308
34.3 14.577 17.1481 2.1853 160.288
34.4 14.6062 17.1684 2.19103 160.268
34.5 14.6354 17.1887 2.19675 160.248
34.6 14.6645 17.2091 2.20247 160.227
34.7 14.6934 17.2295 2.20819 160.207
34.8 14.7223 17.25 2.21389 160.186
34.9 14.7511 17.2705 2.21959 160.166
35 14.7798 17.2911 2.22529 160.145
35.1 14.8084 17.3117 2.23098 160.125
35.2 14.8369 17.3324 2.23667 160.104
35.3 14.8653 17.3531 2.24235 160.083
35.4 14.8937 17.3739 2.24802 160.062
35.5 14.9219 17.3947 2.25369 160.042
35.6 14.95 17.4156 2.25935 160.021
35.7 14.9781 17.4365 2.26501 160
35.8 15.006 17.4575 2.27066 159.979
35.9 15.0338 17.4785 2.2763 159.958
36 15.0616 17.4996 2.28194 159.937
36.1 15.0893 17.5207 2.28757 159.916
36.2 15.1168 17.5419 2.2932 159.894
36.3 15.1443 17.5631 2.29882 159.873
36.4 15.1717 17.5844 2.30444 159.852
36.5 15.199 17.6058 2.31005 159.83
36.6 15.2262 17.6271 2.31565 159.809
36.7 15.2533 17.6486 2.32125 159.788
36.8 15.2803 17.6701 2.32684 159.766
36.9 15.3072 17.6916 2.33243 159.745
37 15.334 17.7132 2.33801 159.723
37.1 15.3608 17.7348 2.34358 159.701
37.2 15.3874 17.7565 2.34915 159.68
37.3 15.4139 17.7782 2.35471 159.658
37.4 15.4404 17.8 2.36027 159.636
37.5 15.4667 17.8219 2.36582 159.614
37.6 15.493 17.8437 2.37136 159.592
37.7 15.5192 17.8657 2.3769 159.571
37.8 15.5452 17.8877 2.38243 159.549
37.9 15.5712 17.9097 2.38796 159.527
38 15.5971 17.9318 2.39348 159.504
38.1 15.6229 17.9539 2.39899 159.482
38.2 15.6486 17.9761 2.4045 159.46
38.3 15.6742 17.9983 2.41 159.438
38.4 15.6997 18.0206 2.4155 159.416
38.5 15.7251 18.0429 2.42099 159.393
38.6 15.7504 18.0653 2.42647 159.371
38.7 15.7757 18.0877 2.43195 159.348
38.8 15.8008 18.1102 2.43742 159.326
38.9 15.8258 18.1327 2.44288 159.303
39 15.8508 18.1553 2.44834 159.281
39.1 15.8757 18.1779 2.45379 159.258
39.2 15.9004 18.2006 2.45924 159.236
39.3 15.9251 18.2233 2.46468 159.213
39.4 15.9497 18.2461 2.47011 159.19
39.5 15.9742 18.2689 2.47554 159.167
39.6 15.9986 18.2918 2.48096 159.144
39.7 16.0229 18.3147 2.48637 159.122
39.8 16.0471 18.3377 2.49178 159.099
39.9 16.0712 18.3607 2.49718 159.076
40 16.0952 18.3837 2.50257 159.053
40.1 16.1191 18.4068 2.50796 159.029
40.2 16.143 18.43 2.51334 159.006
40.3 16.1667 18.4532 2.51872 158.983
40.4 16.1903 18.4764 2.52409 158.96
40.5 16.2139 18.4997 2.52945 158.936
40.6 16.2374 18.5231 2.53481 158.913
40.7 16.2607 18.5465 2.54016 158.89
40.7999 16.284 18.5699 2.5455 158.866
40.8999 16.3072 18.5934 2.55083 158.843
40.9999 16.3303 18.6169 2.55616 158.819
41.0999 16.3533 18.6405 2.56149 158.796
41.1999 16.3762 18.6641 2.5668 158.772
41.2999 16.399 18.6878 2.57211 158.748
41.3999 16.4218 18.7115 2.57742 158.725
41.4999 16.4444 18.7353 2.58271 158.701
41.5999 16.4669 18.7591 2.588 158.677
41.6999 16.4894 18.783 2.59329 158.653
41.7999 16.5117 18.8069 2.59856 158.629
41.8999 16.534 18.8309 2.60383 158.605
41.9999 16.5562 18.8549 2.6091 158.581
42.0999 16.5782 18.8789 2.61435 158.557
42.1999 16.6002 18.903 2.6196 158.533
42.2999 16.6221 18.9272 2.62485 158.509
42.3999 16.6439 18.9514 2.63008 158.485
42.4999 16.6657 18.9756 2.63531 158.461
42.5999 16.6873 18.9999 2.64053 158.436
42.6999 16.7088 19.0242 2.64575 158.412
42.7999 16.7302 19.0486 2.65096 158.388
42.8999 16.7516 19.073 2.65616 158.363
42.9999 16.7728 19.0975 2.66136 158.339
43.0999 16.794 19.122 2.66654 158.314
43.1999 16.8151 19.1465 2.67173 158.29
43.2999 16.8361 19.1711 2.6769 158.265
43.3999 16.857 19.1958 2.68207 158.24
43.4999 16.8778 19.2205 2.68723 158.216
43.5999 16.8985 19.2452 2.69238 158.191
43.6999 16.9191 19.27 2.69753 158.166
43.7999 16.9396 19.2948 2.70267 158.141
43.8999 16.9601 19.3197 2.7078 158.116
43.9999 16.9804 19.3446 2.71293 158.092
44.0999 17.0007 19.3696 2.71805 158.067
44.1999 17.0208 19.3946 2.72316 158.042
44.2999 17.0409 19.4197 2.72826 158.017
44.3999 17.0609 19.4448 2.73336 157.991
44.4999 17.0808 19.4699 2.73845 157.966
44.5999 17.1006 19.4951 2.74353 157.941
44.6999 17.1203 19.5204 2.74861 157.916
44.7999 17.1399 19.5456 2.75368 157.891
44.8999 17.1595 19.571 2.75874 157.865
44.9999 17.1789 19.5963 2.7638 157.84
45.0999 17.1983 19.6218 2.76884 157.814
45.1999 17.2175 19.6472 2.77388 157.789
45.2999 17.2367 19.6727 2.77892 157.764
45.3999 17.2558 19.6983 2.78394 157.738
45.4999 17.2748 19.7238 2.78896 157.712
45.5999 17.2937 19.7495 2.79397 157.687
45.6999 17.3125 19.7752 2.79898 157.661
45.7999 17.3312 19.8009 2.80398 157.635
45.8999 17.3499 19.8266 2.80897 157.61
45.9999 17.3684 19.8525 2.81395 157.584
46.0999 17.3869 19.8783 2.81892 157.558
46.1999 17.4052 19.9042 2.82389 157.532
46.2999 17.4235 19.9301 2.82885 157.506
46.3999 17.4417 19.9561 2.8338 157.48
46.4999 17.4598 19.9822 2.83875 157.454
46.5999 17.4778 20.0082 2.84369 157.428
46.6999 17.4958 20.0343 2.84862 157.402
46.7999 17.5136 20.0605 2.85354 157.376
46.8999 17.5313 20.0867 2.85846 157.35
46.9999 17.549 20.1129 2.86337 157.323
47.0999 17.5666 20.1392 2.86827 157.297
47.1999 17.5841 20.1655 2.87316 157.271
47.2999 17.6015 20.1919 2.87805 157.244
47.3998 17.6188 20.2183 2.88293 157.218
47.4998 17.636 20.2448 2.8878 157.191
47.5998 17.6531 20.2713 2.89266 157.165
47.6998 17.6702 20.2978 2.89752 157.138
47.7998 17.6871 20.3244 2.90236 157.112
47.8998 17.704 20.351 2.9072 157.085
47.9998 17.7208 20.3777 2.91204 157.059
48.0998 17.7375 20.4044 2.91686 157.032
48.1998 17.7541 20.4311 2.92168 157.005
48.2998 17.7706 20.4579 2.92649 156.978
48.3998 17.7871 20.4848 2.93129 156.951
48.4998 17.8034 20.5116 2.93609 156.925
48.5998 17.8197 20.5385 2.94088 156.898
48.6998 17.8358 20.5655 2.94565 156.871
48.7998 17.8519 20.5925 2.95043 156.844
48.8998 17.8679 20.6195 2.95519 156.817
48.9998 17.8838 20.6466 2.95995 156.79
49.0998 17.8997 20.6737 2.96469 156.762
49.1998 17.9154 20.7009 2.96944 156.735
49.2998 17.9311 20.7281 2.97417 156.708
49.3998 17.9466 20.7553 2.97889 156.681
49.4998 17.9621 20.7826 2.98361 156.654
49.5998 17.9775 20.81 2.98832 156.626
49.6998 17.9928 20.8373 2.99302 156.599
49.7998 18.0081 20.8647 2.99772 156.571
49.8998 18.0232 20.8922 3.0024 156.544
49.9998 18.0383 20.9197 3.00708 156.517
50.0998 18.0532 20.9472 3.01175 156.489
50.1998 18.0681 20.9748 3.01641 156.461
50.2998 18.0829 21.0024 3.02107 156.434
50.3998 18.0976 21.03 3.02571 156.406
50.4998 18.1123 21.0577 3.03035 156.379
50.5998 18.1268 21.0854 3.03498 156.351
50.6998 18.1413 21.1132 3.0396 156.323
50.7998 18.1556 21.141 3.04422 156.295
50.8998 18.1699 21.1689 3.04882 156.267
50.9998 18.1841 21.1967 3.05342 156.239
51.0998 18.1983 21.2247 3.05801 156.212
51.1998 18.2123 21.2526 3.06259 156.184
51.2998 18.2262 21.2806 3.06717 156.156
51.3998 18.2401 21.3087 3.07173 156.128
51.4998 18.2539 21.3368 3.07629 156.099
51.5998 18.2676 21.3649 3.08084 156.071
51.6998 18.2812 21.3931 3.08538 156.043
51.7998 18.2947 21.4213 3.08992 156.015
51.8998 18.3082 21.4495 3.09444 155.987
51.9998 18.3216 21.4778 3.09896 155.958
52.0998 18.3348 21.5061 3.10347 155.93
52.1998 18.348 21.5344 3.10797 155.902
52.2998 18.3612 21.5628 3.11246 155.873
52.3998 18.3742 21.5913 3.11694 155.845
52.4998 18.3872 21.6197 3.12142 155.816
52.5998 18.4 21.6482 3.12589 155.788
52.6998 18.4128 21.6768 3.13035 155.759
52.7998 18.4255 21.7054 3.1348 155.731
52.8998 18.4381 21.734 3.13924 155.702
52.9998 18.4507 21.7627 3.14367 155.674
53.0998 18.4631 21.7914 3.1481 155.645
53.1998 18.4755 21.8201 3.15252 155.616
53.2998 18.4878 21.8489 3.15693 155.587
53.3998 18.5 21.8777 3.16133 155.559
53.4998 18.5121 21.9065 3.16572 155.53
53.5998 18.5242 21.9354 3.17011 155.501
53.6998 18.5361 21.9643 3.17448 155.472
53.7998 18.548 21.9933 3.17885 155.443
53.8997 18.5598 22.0223 3.18321 155.414
53.9997 18.5715 22.0513 3.18756 155.385
54.0997 18.5832 22.0804 3.1919 155.356
54.1997 18.5947 22.1095 3.19623 155.327
54.2997 18.6062 22.1386 3.20056 155.298
54.3997 18.6176 22.1678 3.20487 155.268
54.4997 18.6289 22.197 3.20918 155.239
54.5997 18.6402 22.2263 3.21348 155.21
54.6997 18.6513 22.2556 3.21777 155.181
54.7997 18.6624 22.2849 3.22206 155.151
54.8997 18.6734 22.3143 3.22633 155.122
54.9997 18.6843 22.3437 3.23059 155.093
55.0997 18.6951 22.3731 3.23485 155.063
55.1997 18.7059 22.4026 3.2391 155.034
55.2997 18.7166 22.4321 3.24334 155.004
55.3997 18.7272 22.4616 3.24757 154.975
55.4997 18.7377 22.4912 3.25179 154.945
55.5997 18.7481 22.5208 3.256 154.915
55.6997 18.7585 22.5504 3.26021 154.886
55.7997 18.7688 22.5801 3.2644 154.856
55.8997 18.779 22.6098 3.26859 154.826
55.9997 18.7891 22.6396 3.27277 154.797
56.0997 18.7991 22.6694 3.27694 154.767
56.1997 18.8091 22.6992 3.2811 154.737
56.2997 18.819 22.7291 3.28525 154.707
56.3997 18.8288 22.7589 3.28939 154.677
56.4997 18.8385 22.7889 3.29353 154.647
56.5997 18.8481 22.8188 3.29765 154.617
56.6997 18.8577 22.8488 3.30177 154.587
56.7997 18.8672 22.8789 3.30588 154.557
56.8997 18.8766 22.9089 3.30998 154.527
56.9997 18.886 22.939 3.31407 154.497
57.0997 18.8952 22.9692 3.31815 154.467
57.1997 18.9044 22.9993 3.32222 154.437
57.2997 18.9135 23.0295 3.32628 154.407
57.3997 18.9225 23.0598 3.33034 154.376
57.4997 18.9315 23.09 3.33438 154.346
57.5997 18.9403 23.1203 3.33842 154.316
57.6997 18.9491 23.1507 3.34245 154.286
57.7997 18.9579 23.181 3.34647 154.255
57.8997 18.9665 23.2114 3.35048 154.225
57.9997 18.9751 23.2419 3.35448 154.194
58.0997 18.9835 23.2723 3.35847 154.164
58.1997 18.992 23.3028 3.36245 154.133
58.2997 19.0003 23.3334 3.36643 154.103
58.3997 19.0086 23.3639 3.37039 154.072
58.4997 19.0167 23.3945 3.37435 154.042
58.5997 19.0248 23.4252 3.37829 154.011
58.6997 19.0329 23.4559 3.38223 153.98
58.7997 19.0408 23.4865 3.38616 153.95
58.8997 19.0487 23.5173 3.39008 153.919
58.9997 19.0565 23.548 3.39399 153.888
59.0997 19.0642 23.5788 3.39789 153.857
59.1997 19.0719 23.6097 3.40178 153.827
59.2997 19.0795 23.6405 3.40566 153.796
59.3997 19.087 23.6714 3.40953 153.765
59.4997 19.0944 23.7023 3.4134 153.734
59.5997 19.1018 23.7333 3.41725 153.703
59.6997 19.109 23.7643 3.4211 153.672
59.7997 19.1162 23.7953 3.42493 153.641
59.8997 19.1234 23.8264 3.42876 153.61
59.9997 19.1304 23.8574 3.43258 153.579
60.0997 19.1374 23.8886 3.43639 153.548
60.1997 19.1443 23.9197 3.44019 153.517
60.2997 19.1512 23.9509 3.44398 153.485
60.3997 19.1579 23.9821 3.44776 153.454
60.4996 19.1646 24.0133 3.45153 153.423
60.5996 19.1712 24.0446 3.45529 153.392
60.6996 19.1777 24.0759 3.45904 153.36
60.7996 19.1842 24.1072 3.46278 153.329
60.8996 19.1906 24.1386 3.46652 153.298
60.9996 19.1969 24.17 3.47024 153.266
61.0996 19.2032 24.2014 3.47396 153.235
61.1996 19.2093 24.2329 3.47766 153.203
61.2996 19.2154 24.2643 3.48136 153.172
61.3996 19.2215 24.2958 3.48504 153.14
61.4996 19.2274 24.3274 3.48872 153.109
61.5996 19.2333 24.359 3.49239 153.077
61.6996 19.2391 24.3906 3.49605 153.046
61.7996 19.2449 24.4222 3.4997 153.014
61.8996 19.2505 24.4539 3.50333 152.982
61.9996 19.2561 24.4856 3.50696 152.951
62.0996 19.2617 24.5173 3.51058 152.919
62.1996 19.2671 24.549 3.51419 152.887
62.2996 19.2725 24.5808 3.51779 152.855
62.3996 19.2778 24.6126 3.52139 152.824
62.4996 19.283 24.6444 3.52497 152.792
62.5996 19.2882 24.6763 3.52854 152.76
62.6996 19.2933 24.7082 3.5321 152.728
62.7996 19.2983 24.7401 3.53565 152.696
62.8996 19.3033 24.7721 3.5392 152.664
62.9996 19.3082 24.8041 3.54273 152.632
63.0996 19.313 24.8361 3.54625 152.6
63.1996 19.3177 24.8681 3.54977 152.568
63.2996 19.3224 24.9002 3.55327 152.536
63.3996 19.327 24.9323 3.55677 152.504
63.4996 19.3315 24.9644 3.56025 152.472
63.5996 19.336 24.9965 3.56373 152.44
63.6996 19.3404 25.0287 3.56719 152.408
63.7996 19.3447 25.0609 3.57065 152.375
63.8996 19.3489 25.0932 3.57409 152.343
63.9996 19.3531 25.1254 3.57753 152.311
64.0996 19.3572 25.1577 3.58096 152.279
64.1996 19.3613 25.19 3.58437 152.246
64.2996 19.3653 25.2224 3.58778 152.214
64.3996 19.3692 25.2547 3.59118 152.181
64.4996 19.373 25.2871 3.59456 152.149
64.5996 19.3768 25.3196 3.59794 152.117
64.6996 19.3805 25.352 3.60131 152.084
64.7996 19.3841 25.3845 3.60466 152.052
64.8996 19.3877 25.417 3.60801 152.019
64.9996 19.3912 25.4495 3.61135 151.987
65.0996 19.3946 25.4821 3.61468 151.954
65.1996 19.3979 25.5147 3.61799 151.922
65.2996 19.4012 25.5473 3.6213 151.889
65.3996 19.4045 25.5799 3.6246 151.856
65.4996 19.4076 25.6126 3.62789 151.824
65.5996 19.4107 25.6453 3.63116 151.791
65.6996 19.4137 25.678 3.63443 151.758
65.7996 19.4167 25.7107 3.63769 151.725
65.8996 19.4196 25.7435 3.64094 151.693
65.9996 19.4224 25.7763 3.64417 151.66
66.0996 19.4251 25.8091 3.6474 151.627
66.1996 19.4278 25.8419 3.65062 151.594
66.2996 19.4304 25.8748 3.65383 151.561
66.3996 19.433 25.9077 3.65702 151.529
66.4996 19.4355 25.9406 3.66021 151.496
66.5996 19.4379 25.9736 3.66339 151.463
66.6996 19.4402 26.0065 3.66655 151.43
66.7996 19.4425 26.0395 3.66971 151.397
66.8996 19.4447 26.0725 3.67286 151.364
66.9995 19.4469 26.1056 3.676 151.331
67.0995 19.449 26.1387 3.67912 151.298
67.1995 19.451 26.1717 3.68224 151.264
67.2995 19.453 26.2049 3.68534 151.231
67.3995 19.4548 26.238 3.68844 151.198
67.4995 19.4567 26.2712 3.69152 151.165
67.5995 19.4584 26.3044 3.6946 151.132
67.6995 19.4601 26.3376 3.69767 151.099
67.7995 19.4618 26.3708 3.70072 151.065
67.8995 19.4633 26.4041 3.70376 151.032
67.9995 19.4648 26.4373 3.7068 150.999
68.0995 19.4663 26.4707 3.70982 150.966
68.1995 19.4676 26.504 3.71284 150.932
68.2995 19.4689 26.5373 3.71584 150.899
68.3995 19.4702 26.5707 3.71883 150.866
68.4995 19.4714 26.6041 3.72182 150.832
68.5995 19.4725 26.6375 3.72479 150.799
68.6995 19.4735 26.671 3.72775 150.765
68.7995 19.4745 26.7044 3.7307 150.732
68.8995 19.4754 26.7379 3.73364 150.698
68.9995 19.4763 26.7714 3.73657 150.665
69.0995 19.4771 26.805 3.73949 150.631
69.1995 19.4778 26.8385 3.7424 150.598
69.2995 19.4785 26.8721 3.7453 150.564
69.3995 19.4791 26.9057 3.74819 150.531
69.4995 19.4797 26.9393 3.75107 150.497
69.5995 19.4801 26.973 3.75394 150.463
69.6995 19.4806 27.0067 3.7568 150.43
69.7995 19.4809 27.0403 3.75965 150.396
69.8995 19.4812 27.0741 3.76248 150.362
69.9995 19.4814 27.1078 3.76531 150.328
70.0995 19.4816 27.1415 3.76812 150.295
70.1995 19.4817 27.1753 3.77093 150.261
70.2995 19.4818 27.2091 3.77372 150.227
70.3995 19.4817 27.2429 3.77651 150.193
70.4995 19.4817 27.2768 3.77928 150.159
70.5995 19.4815 27.3106 3.78204 150.126
70.6995 19.4813 27.3445 3.7848 150.092
70.7995 19.4811 27.3784 3.78754 150.058
70.8995 19.4807 27.4123 3.79027 150.024
70.9995 19.4803 27.4463 3.79299 149.99
71.0995 19.4799 27.4802 3.7957 149.956
71.1995 19.4794 27.5142 3.7984 149.922
71.2995 19.4788 27.5482 3.80109 149.888
71.3995 19.4782 27.5823 3.80377 149.854
71.4995 19.4775 27.6163 3.80643 149.82
71.5995 19.4767 27.6504 3.80909 149.786
71.6995 19.4759 27.6844 3.81174 149.752
71.7995 19.4751 27.7186 3.81437 149.718
71.8995 19.4741 27.7527 3.817 149.684
71.9995 19.4731 27.7868 3.81961 149.649
72.0995 19.4721 27.821 3.82221 149.615
72.1995 19.471 27.8552 3.8248 149.581
72.2995 19.4698 27.8894 3.82739 149.547
72.3995 19.4686 27.9236 3.82996 149.513
72.4995 19.4673 27.9578 3.83252 149.478
72.5995 19.4659 27.9921 3.83506 149.444
72.6995 19.4645 28.0263 3.8376 149.41
72.7995 19.4631 28.0606 3.84013 149.376
72.8995 19.4615 28.095 3.84265 149.341
72.9995 19.4599 28.1293 3.84515 149.307
73.0995 19.4583 28.1636 3.84765 149.273
73.1995 19.4566 28.198 3.85013 149.238
73.2995 19.4548 28.2324 3.8526 149.204
73.3995 19.453 28.2668 3.85507 149.169
73.4995 19.4511 28.3012 3.85752 149.135
73.5994 19.4492 28.3356 3.85996 149.101
73.6994 19.4472 28.3701 3.86239 149.066
73.7994 19.4451 28.4046 3.86481 149.032
73.8994 19.443 28.4391 3.86721 148.997
73.9994 19.4409 28.4736 3.86961 148.963
74.0994 19.4386 28.5081 3.872 148.928
74.1994 19.4363 28.5427 3.87437 148.894
74.2994 19.434 28.5772 3.87673 148.859
74.3994 19.4316 28.6118 3.87909 148.824
74.4994 19.4291 28.6464 3.88143 148.79
74.5994 19.4266 28.681 3.88376 148.755
74.6994 19.4241 28.7156 3.88608 148.721
74.7994 19.4214 28.7503 3.88839 148.686
74.8994 19.4187 28.7849 3.89069 148.651
74.9994 19.416 28.8196 3.89297 148.617
75.0994 19.4132 28.8543 3.89525 148.582
75.1994 19.4103 28.889 3.89751 148.547
75.2994 19.4074 28.9237 3.89977 148.512
75.3994 19.4045 28.9585 3.90201 148.478
75.4994 19.4014 28.9932 3.90424 148.443
75.5994 19.3984 29.028 3.90646 148.408
75.6994 19.3952 29.0628 3.90867 148.373
75.7994 19.392 29.0976 3.91087 148.339
75.8994 19.3888 29.1324 3.91305 148.304
75.9994 19.3855 29.1673 3.91523 148.269
76.0994 19.3821 29.2021 3.91739 148.234
76.1994 19.3787 29.237 3.91954 148.199
76.2994 19.3752 29.2719 3.92169 148.164
76.3994 19.3717 29.3068 3.92382 148.129
76.4994 19.3681 29.3417 3.92594 148.095
76.5994 19.3645 29.3766 3.92804 148.06
76.6994 19.3608 29.4115 3.93014 148.025
76.7994 19.3571 29.4465 3.93223 147.99
76.8994 19.3533 29.4814 3.9343 147.955
76.9994 19.3494 29.5164 3.93636 147.92
77.0994 19.3455 29.5514 3.93842 147.885
77.1994 19.3416 29.5864 3.94046 147.85
77.2994 19.3375 29.6215 3.94249 147.815
77.3994 19.3335 29.6565 3.94451 147.78
77.4994 19.3293 29.6915 3.94651 147.745
77.5994 19.3252 29.7266 3.94851 147.71
77.6994 19.3209 29.7617 3.95049 147.675
77.7994 19.3167 29.7968 3.95246 147.639
77.8994 19.3123 29.8319 3.95443 147.604
77.9994 19.3079 29.867 3.95638 147.569
78.0994 19.3035 29.9021 3.95831 147.534
78.1994 19.299 29.9373 3.96024 147.499
78.2994 19.2944 29.9724 3.96216 147.464
78.3994 19.2898 30.0076 3.96406 147.429
78.4994 19.2852 30.0428 3.96596 147.393
78.5994 19.2805 30.078 3.96784 147.358
78.6994 19.2757 30.1132 3.96971 147.323
78.7994 19.2709 30.1484 3.97157 147.288
78.8994 19.266 30.1836 3.97341 147.253
78.9994 19.2611 30.2189 3.97525 147.217
79.0994 19.2561 30.2541 3.97707 147.182
79.1994 19.2511 30.2894 3.97889 147.147
79.2994 19.246 30.3247 3.98069 147.112
79.3994 19.2409 30.36 3.98248 147.076
79.4994 19.2357 30.3953 3.98426 147.041
79.5994 19.2305 30.4306 3.98602 147.006
79.6994 19.2252 30.4659 3.98778 146.97
79.7994 19.2198 30.5013 3.98952 146.935
79.8994 19.2145 30.5366 3.99126 146.9
79.9994 19.209 30.572 3.99298 146.864
80.0993 19.2035 30.6073 3.99469 146.829
80.1993 19.198 30.6427 3.99638 146.794
80.2993 19.1924 30.6781 3.99807 146.758
80.3993 19.1868 30.7135 3.99974 146.723
80.4993 19.1811 30.7489 4.00141 146.687
80.5993 19.1753 30.7843 4.00306 146.652
80.6993 19.1695 30.8198 4.0047 146.616
80.7993 19.1637 30.8552 4.00633 146.581
80.8993 19.1578 30.8907 4.00794 146.546
80.9993 19.1518 30.9261 4.00955 146.51
81.0993 19.1458 30.9616 4.01114 146.475
81.1993 19.1398 30.9971 4.01272 146.439
81.2993 19.1337 31.0326 4.01429 146.404
81.3993 19.1275 31.0681 4.01585 146.368
81.4993 19.1213 31.1036 4.0174 146.333
81.5993 19.1151 31.1391 4.01893 146.297
81.6993 19.1088 31.1746 4.02046 146.262
81.7993 19.1025 31.2102 4.02197 146.226
81.8993 19.0961 31.2457 4.02347 146.191
81.9993 19.0896 31.2813 4.02496 146.155
82.0993 19.0831 31.3168 4.02643 146.119
82.1993 19.0766 31.3524 4.0279 146.084
82.2993 19.07 31.388 4.02935 146.048
82.3993 19.0634 31.4236 4.03079 146.013
82.4993 19.0567 31.4592 4.03222 145.977
82.5993 19.0499 31.4948 4.03364 145.941
82.6993 19.0431 31.5304 4.03504 145.906
82.7993 19.0363 31.566 4.03644 145.87
82.8993 19.0294 31.6016 4.03782 145.835
82.9993 19.0225 31.6373 4.03919 145.799
83.0993 19.0155 31.6729 4.04055 145.763
83.1993 19.0085 31.7086 4.04189 145.728
83.2993 19.0014 31.7442 4.04323 145.692
83.3993 18.9943 31.7799 4.04455 145.656
83.4993 18.9871 31.8156 4.04586 145.621
83.5993 18.9799 31.8513 4.04716 145.585
83.6993 18.9726 31.887 4.04845 145.549
83.7993 18.9653 31.9226 4.04972 145.514
83.8993 18.9579 31.9583 4.05099 145.478
83.9993 18.9505 31.9941 4.05224 145.442
84.0993 18.9431 32.0298 4.05348 145.406
84.1993 18.9356 32.0655 4.05471 145.371
84.2993 18.928 32.1012 4.05592 145.335
84.3993 18.9204 32.137 4.05713 145.299
84.4993 18.9128 32.1727 4.05832 145.264
84.5993 18.9051 32.2084 4.0595 145.228
84.6993 18.8974 32.2442 4.06067 145.192
84.7993 18.8896 32.28 4.06182 145.156
84.8993 18.8817 32.3157 4.06297 145.121
84.9993 18.8739 32.3515 4.0641 145.085
85.0993 18.8659 32.3873 4.06522 145.049
85.1993 18.858 32.423 4.06633 145.013
85.2993 18.85 32.4588 4.06743 144.977
85.3993 18.8419 32.4946 4.06851 144.942
85.4993 18.8338 32.5304 4.06958 144.906
85.5993 18.8256 32.5662 4.07064 144.87
85.6993 18.8174 32.602 4.07169 144.834
85.7993 18.8092 32.6378 4.07273 144.798
85.8993 18.8009 32.6737 4.07375 144.763
85.9993 18.7926 32.7095 4.07476 144.727
86.0993 18.7842 32.7453 4.07576 144.691
86.1993 18.7758 32.7811 4.07675 144.655
86.2993 18.7673 32.817 4.07773 144.619
86.3993 18.7588 32.8528 4.07869 144.583
86.4993 18.7502 32.8886 4.07964 144.548
86.5993 18.7416 32.9245 4.08058 144.512
86.6992 18.733 32.9603 4.08151 144.476
86.7992 18.7243 32.9962 4.08243 144.44
86.8992 18.7155 33.032 4.08333 144.404
86.9992 18.7067 33.0679 4.08422 144.368
87.0992 18.6979 33.1038 4.0851 144.332
87.1992 18.689 33.1396 4.08597 144.297
87.2992 18.6801 33.1755 4.08682 144.261
87.3992 18.6712 33.2114 4.08767 144.225
87.4992 18.6622 33.2472 4.0885 144.189
87.5992 18.6531 33.2831 4.08931 144.153
87.6992 18.644 33.319 4.09012 144.117
87.7992 18.6349 33.3549 4.09091 144.081
87.8992 18.6257 33.3908 4.0917 144.045
87.9992 18.6165 33.4266 4.09247 144.01
88.0992 18.6072 33.4625 4.09322 143.974
88.1992 18.5979 33.4984 4.09397 143.938
88.2992 18.5885 33.5343 4.0947 143.902
88.3992 18.5792 33.5702 4.09542 143.866
88.4992 18.5697 33.6061 4.09613 143.83
88.5992 18.5602 33.642 4.09683 143.794
88.6992 18.5507 33.6779 4.09751 143.758
88.7992 18.5411 33.7138 4.09818 143.722
88.8992 18.5315 33.7497 4.09884 143.687
88.9992 18.5219 33.7856 4.09949 143.651
89.0992 18.5122 33.8215 4.10013 143.615
89.1992 18.5024 33.8574 4.10075 143.579
89.2992 18.4927 33.8933 4.10136 143.543
89.3992 18.4828 33.9292 4.10196 143.507
89.4992 18.473 33.9651 4.10254 143.471
89.5992 18.4631 34.001 4.10312 143.435
89.6992 18.4531 34.037 4.10368 143.399
89.7992 18.4431 34.0729 4.10423 143.363
89.8992 18.4331 34.1088 4.10476 143.327
89.9992 18.423 34.1447 4.10529 143.292
90.0992 18.4129 34.1806 4.1058 143.256
90.1992 18.4027 34.2165 4.1063 143.22
90.2992 18.3925 34.2524 4.10679 143.184
90.3992 18.3823 34.2883 4.10726 143.148
90.4992 18.372 34.3242 4.10772 143.112
90.5992 18.3617 34.3601 4.10817 143.076
90.6992 18.3513 34.396 4.10861 143.04
90.7992 18.3409 34.4319 4.10904 143.004
90.8992 18.3305 34.4678 4.10945 142.968
90.9992 18.32 34.5038 4.10985 142.932
91.0992 18.3094 34.5397 4.11024 142.897
91.1992 18.2989 34.5756 4.11062 142.861
91.2992 18.2883 34.6115 4.11098 142.825
91.3992 18.2776 34.6474 4.11133 142.789
91.4992 18.2669 34.6833 4.11167 142.753
91.5992 18.2562 34.7192 4.112 142.717
91.6992 18.2454 34.755 4.11231 142.681
91.7992 18.2346 34.7909 4.11261 142.645
91.8992 18.2238 34.8268 4.1129 142.609
91.9992 18.2129 34.8627 4.11318 142.574
92.0992 18.2019 34.8986 4.11344 142.538
92.1992 18.191 34.9345 4.11369 142.502
92.2992 18.18 34.9704 4.11393 142.466
92.3992 18.1689 35.0063 4.11416 142.43
92.4992 18.1578 35.0421 4.11437 142.394
92.5992 18.1467 35.078 4.11457 142.358
92.6992 18.1355 35.1139 4.11476 142.322
92.7992 18.1243 35.1497 4.11494 142.286
92.8992 18.1131 35.1856 4.11511 142.251
92.9992 18.1018 35.2215 4.11526 142.215
93.0992 18.0905 35.2573 4.1154 142.179
93.1992 18.0791 35.2932 4.11552 142.143
93.2991 18.0677 35.329 4.11564 142.107
93.3991 18.0562 35.3649 4.11574 142.071
93.4991 18.0448 35.4007 4.11583 142.036
93.5991 18.0332 35.4366 4.11591 142
93.6991 18.0217 35.4724 4.11597 141.964
93.7991 18.0101 35.5082 4.11602 141.928
93.8991 17.9984 35.5441 4.11606 141.892
93.9991 17.9868 35.5799 4.11609 141.856
94.0991 17.9751 35.6157 4.1161 141.821
94.1991 17.9633 35.6515 4.1161 141.785
94.2991 17.9515 35.6873 4.11609 141.749
94.3991 17.9397 35.7231 4.11607 141.713
94.4991 17.9278 35.7589 4.11603 141.677
94.5991 17.9159 35.7947 4.11598 141.641
94.6991 17.904 35.8305 4.11592 141.606
94.7991 17.892 35.8663 4.11585 141.57
94.8991 17.88 35.9021 4.11576 141.534
94.9991 17.8679 35.9379 4.11566 141.498
95.0991 17.8559 35.9736 4.11555 141.463
95.1991 17.8437 36.0094 4.11543 141.427
95.2991 17.8316 36.0452 4.11529 141.391
95.3991 17.8194 36.0809 4.11514 141.355
95.4991 17.8071 36.1167 4.11498 141.32
95.5991 17.7948 36.1524 4.1148 141.284
95.6991 17.7825 36.1881 4.11461 141.248
95.7991 17.7702 36.2239 4.11441 141.212
95.8991 17.7578 36.2596 4.1142 141.177
95.9991 17.7454 36.2953 4.11398 141.141
96.0991 17.7329 36.331 4.11374 141.105
96.1991 17.7204 36.3667 4.11349 141.07
96.2991 17.7079 36.4024 4.11322 141.034
96.3991 17.6953 36.4381 4.11295 140.998
96.4991 17.6827 36.4738 4.11266 140.962
96.5991 17.6701 36.5095 4.11236 140.927
96.6991 17.6574 36.5451 4.11205 140.891
96.7991 17.6447 36.5808 4.11172 140.855
96.8991 17.6319 36.6164 4.11138 140.82
96.9991 17.6191 36.6521 4.11103 140.784
97.0991 17.6063 36.6877 4.11066 140.749
97.1991 17.5935 36.7234 4.11029 140.713
97.2991 17.5806 36.759 4.1099 140.677
97.3991 17.5676 36.7946 4.10949 140.642
97.4991 17.5547 36.8302 4.10908 140.606
97.5991 17.5417 36.8658 4.10865 140.57
97.6991 17.5286 36.9014 4.10821 140.535
97.7991 17.5156 36.937 4.10775 140.499
97.8991 17.5025 36.9725 4.10729 140.464
97.9991 17.4893 37.0081 4.10681 140.428
98.0991 17.4762 37.0437 4.10632 140.393
98.1991 17.4629 37.0792 4.10581 140.357
98.2991 17.4497 37.1147 4.1053 140.321
98.3991 17.4364 37.1503 4.10477 140.286
98.4991 17.4231 37.1858 4.10422 140.25
98.5991 17.4098 37.2213 4.10367 140.215
98.6991 17.3964 37.2568 4.1031 140.179
98.7991 17.383 37.2923 4.10252 140.144
98.8991 17.3695 37.3278 4.10193 140.108
98.9991 17.356 37.3632 4.10132 140.073
99.0991 17.3425 37.3987 4.1007 140.038
99.1991 17.3289 37.4342 4.10007 140.002
99.2991 17.3153 37.4696 4.09942 139.967
99.3991 17.3017 37.505 4.09877 139.931
99.4991 17.2881 37.5405 4.0981 139.896
99.5991 17.2744 37.5759 4.09741 139.86
99.6991 17.2606 37.6113 4.09672 139.825
99.799 17.2469 37.6467 4.09601 139.79
99.899 17.2331 37.682 4.09529 139.754
99.999 17.2193 37.7174 4.09456 139.719
100.099 17.2054 37.7528 4.09381 139.683
100.199 17.1915 37.7881 4.09305 139.648
100.299 17.1776 37.8235 4.09228 139.613
100.399 17.1636 37.8588 4.09149 139.577
100.499 17.1496 37.8941 4.09069 139.542
100.599 17.1356 37.9294 4.08988 139.507
100.699 17.1215 37.9647 4.08906 139.472
100.799 17.1074 38 4.08822 139.436
100.899 17.0933 38.0352 4.08738 139.401
100.999 17.0792 38.0705 4.08651 139.366
101.099 17.065 38.1057 4.08564 139.33
101.199 17.0507 38.141 4.08475 139.295
101.299 17.0365 38.1762 4.08385 139.26
101.399 17.0222 38.2114 4.08294 139.225
101.499 17.0079 38.2466 4.08201 139.19
101.599 16.9935 38.2818 4.08107 139.154
101.699 16.9791 38.3169 4.08012 139.119
101.799 16.9647 38.3521 4.07916 139.084
101.899 16.9502 38.3872 4.07818 139.049
101.999 16.9358 38.4224 4.07719 139.014
102.099 16.9212 38.4575 4.07619 138.979
102.199 16.9067 38.4926 4.07517 138.944
102.299 16.8921 38.5277 4.07415 138.909
102.399 16.8775 38.5628 4.0731 138.873
102.499 16.8629 38.5978 4.07205 138.838
102.599 16.8482 38.6329 4.07098 138.803
102.699 16.8335 38.6679 4.0699 138.768
102.799 16.8187 38.7029 4.06881 138.733
102.899 16.804 38.738 4.06771 138.698
102.999 16.7892 38.7729 4.06659 138.663
103.099 16.7743 38.8079 4.06546 138.628
103.199 16.7595 38.8429 4.06431 138.593
103.299 16.7446 38.8778 4.06316 138.558
103.399 16.7296 38.9128 4.06199 138.523
103.499 16.7147 38.9477 4.0608 138.489
103.599 16.6997 38.9826 4.05961 138.454
103.699 16.6847 39.0175 4.0584 138.419
103.799 16.6696 39.0524 4.05718 138.384
103.899 16.6545 39.0873 4.05595 138.349
103.999 16.6394 39.1221 4.0547 138.314
104.099 16.6243 39.1569 4.05344 138.279
104.199 16.6091 39.1918 4.05217 138.244
104.299 16.5939 39.2266 4.05088 138.21
104.399 16.5787 39.2614 4.04959 138.175
104.499 16.5634 39.2961 4.04827 138.14
104.599 16.5481 39.3309 4.04695 138.105
104.699 16.5328 39.3656 4.04561 138.071
104.799 16.5174 39.4004 4.04427 138.036
104.899 16.502 39.4351 4.0429 138.001
104.999 16.4866 39.4698 4.04153 137.966
105.099 16.4712 39.5044 4.04014 137.932
105.199 16.4557 39.5391 4.03874 137.897
105.299 16.4402 39.5738 4.03733 137.862
105.399 16.4246 39.6084 4.0359 137.828
105.499 16.4091 39.643 4.03446 137.793
105.599 16.3935 39.6776 4.03301 137.759
105.699 16.3778 39.7122 4.03154 137.724
105.799 16.3622 39.7467 4.03006 137.69
105.899 16.3465 39.7813 4.02857 137.655
105.999 16.3308 39.8158 4.02707 137.62
106.099 16.315 39.8503 4.02555 137.586
106.199 16.2993 39.8848 4.02402 137.551
106.299 16.2835 39.9193 4.02248 137.517
106.399 16.2676 39.9537 4.02093 137.482
106.499 16.2518 39.9882 4.01936 137.448
106.599 16.2359 40.0226 4.01778 137.414
106.699 16.22 40.057 4.01619 137.379
106.799 16.204 40.0914 4.01458 137.345
106.899 16.188 40.1258 4.01296 137.31
106.999 16.172 40.1601 4.01133 137.276
107.099 16.156 40.1944 4.00968 137.242
107.199 16.1399 40.2287 4.00802 137.207
107.299 16.1239 40.263 4.00635 137.173
107.399 16.1077 40.2973 4.00467 137.139
107.499 16.0916 40.3316 4.00297 137.105
107.599 16.0754 40.3658 4.00126 137.07
107.699 16.0592 40.4 3.99954 137.036
107.799 16.043 40.4342 3.99781 137.002
107.899 16.0267 40.4684 3.99606 136.968
107.999 16.0104 40.5026 3.9943 136.934
108.099 15.9941 40.5367 3.99253 136.9
108.199 15.9778 40.5708 3.99074 136.865
108.299 15.9614 40.6049 3.98894 136.831
108.399 15.945 40.639 3.98713 136.797
108.499 15.9286 40.6731 3.9853 136.763
108.599 15.9121 40.7071 3.98346 136.729
108.699 15.8956 40.7412 3.98161 136.695
108.799 15.8791 40.7752 3.97975 136.661
108.899 15.8626 40.8091 3.97787 136.627
108.999 15.846 40.8431 3.97599 136.593
109.099 15.8294 40.877 3.97408 136.559
109.199 15.8128 40.911 3.97217 136.525
109.299 15.7961 40.9449 3.97024 136.491
109.399 15.7794 40.9788 3.9683 136.457
109.499 15.7627 41.0126 3.96635 136.424
109.599 15.746 41.0465 3.96438 136.39
109.699 15.7293 41.0803 3.9624 136.356
109.799 15.7125 41.1141 3.96041 136.322
109.899 15.6957 41.1478 3.95841 136.288
109.999 15.6788 41.1816 3.95639 136.255
110.099 15.662 41.2153 3.95436 136.221
110.199 15.6451 41.249 3.95231 136.187
110.299 15.6281 41.2827 3.95026 136.153
110.399 15.6112 41.3164 3.94819 136.12
110.499 15.5942 41.35 3.94611 136.086
110.599 15.5772 41.3837 3.94401 136.053
110.699 15.5602 41.4173 3.94191 136.019
110.799 15.5431 41.4509 3.93979 135.985
110.899 15.5261 41.4844 3.93765 135.952
110.999 15.509 41.5179 3.93551 135.918
111.099 15.4918 41.5515 3.93335 135.885
111.199 15.4747 41.585 3.93118 135.851
111.299 15.4575 41.6184 3.92899 135.818
111.399 15.4403 41.6519 3.9268 135.784
111.499 15.4231 41.6853 3.92459 135.751
111.599 15.4058 41.7187 3.92237 135.718
111.699 15.3885 41.7521 3.92013 135.684
111.799 15.3712 41.7854 3.91788 135.651
111.899 15.3539 41.8187 3.91562 135.617
111.999 15.3365 41.8521 3.91335 135.584
112.099 15.3191 41.8853 3.91106 135.551
112.199 15.3017 41.9186 3.90876 135.518
112.299 15.2843 41.9518 3.90645 135.484
112.399 15.2668 41.985 3.90413 135.451
112.499 15.2493 42.0182 3.90179 135.418
112.599 15.2318 42.0514 3.89944 135.385
112.699 15.2142 42.0845 3.89708 135.352
112.799 15.1967 42.1177 3.8947 135.319
112.899 15.1791 42.1507 3.89231 135.285
112.999 15.1615 42.1838 3.88991 135.252
113.099 15.1438 42.2169 3.8875 135.219
113.199 15.1262 42.2499 3.88507 135.186
113.299 15.1085 42.2829 3.88263 135.153
113.399 15.0907 42.3158 3.88018 135.12
113.499 15.073 42.3488 3.87771 135.087
113.599 15.0552 42.3817 3.87524 135.055
113.699 15.0374 42.4146 3.87275 135.022
113.799 15.0196 42.4475 3.87024 134.989
113.899 15.0018 42.4803 3.86773 134.956
113.999 14.9839 42.5131 3.8652 134.923
114.099 14.966 42.5459 3.86266 134.89
114.199 14.9481 42.5787 3.8601 134.858
114.299 14.9302 42.6114 3.85754 134.825
114.399 14.9122 42.6441 3.85496 134.792
114.499 14.8942 42.6768 3.85237 134.759
114.599 14.8762 42.7095 3.84976 134.727
114.699 14.8582 42.7421 3.84714 134.694
114.799 14.8401 42.7747 3.84451 134.661
114.899 14.8221 42.8073 3.84187 134.629
114.999 14.8039 42.8399 3.83922 134.596
115.099 14.7858 42.8724 3.83655 134.564
115.199 14.7677 42.9049 3.83387 134.531
115.299 14.7495 42.9374 3.83117 134.499
115.399 14.7313 42.9698 3.82847 134.466
115.499 14.7131 43.0023 3.82575 134.434
115.599 14.6948 43.0347 3.82302 134.402
115.699 14.6765 43.067 3.82027 134.369
115.799 14.6582 43.0994 3.81752 134.337
115.899 14.6399 43.1317 3.81475 134.305
115.999 14.6216 43.164 3.81196 134.272
116.099 14.6032 43.1963 3.80917 134.24
116.199 14.5848 43.2285 3.80636 134.208
116.299 14.5664 43.2607 3.80354 134.176
116.399 14.548 43.2929 3.80071 134.143
116.499 14.5295 43.325 3.79786 134.111
116.599 14.511 43.3571 3.79501 134.079
116.699 14.4925 43.3892 3.79214 134.047
116.799 14.474 43.4213 3.78925 134.015
116.899 14.4555 43.4533 3.78636 133.983
116.999 14.4369 43.4854 3.78345 133.951
117.099 14.4183 43.5173 3.78053 133.919
117.199 14.3997 43.5493 3.7776 133.887
117.299 14.381 43.5812 3.77465 133.855
117.399 14.3624 43.6131 3.77169 133.823
117.499 14.3437 43.645 3.76872 133.791
117.599 14.325 43.6768 3.76574 133.759
117.699 14.3062 43.7086 3.76274 133.728
117.799 14.2875 43.7404 3.75973 133.696
117.899 14.2687 43.7722 3.75671 133.664
117.999 14.2499 43.8039 3.75368 133.632
118.099 14.2311 43.8356 3.75063 133.601
118.199 14.2122 43.8672 3.74757 133.569
118.299 14.1934 43.8989 3.7445 133.537
118.399 14.1745 43.9305 3.74142 133.506
118.499 14.1556 43.962 3.73832 133.474
118.599 14.1366 43.9936 3.73521 133.443
118.699 14.1177 44.0251 3.73209 133.411
118.799 14.0987 44.0566 3.72896 133.38
118.899 14.0797 44.088 3.72581 133.348
118.999 14.0607 44.1195 3.72265 133.317
119.099 14.0417 44.1508 3.71948 133.285
119.199 14.0226 44.1822 3.7163 133.254
119.299 14.0035 44.2135 3.7131 133.223
119.399 13.9844 44.2448 3.70989 133.191
119.499 13.9653 44.2761 3.70667 133.16
119.599 13.9461 44.3073 3.70344 133.129
119.699 13.927 44.3386 3.70019 133.098
119.799 13.9078 44.3697 3.69693 133.066
119.899 13.8886 44.4009 3.69366 133.035
119.999 13.8693 44.432 3.69038 133.004
120.099 13.8501 44.4631 3.68708 132.973
120.199 13.8308 44.4941 3.68378 132.942
120.299 13.8115 44.5251 3.68046 132.911
120.399 13.7922 44.5561 3.67712 132.88
120.499 13.7728 44.5871 3.67378 132.849
120.599 13.7535 44.618 3.67042 132.818
120.699 13.7341 44.6489 3.66705 132.787
120.799 13.7147 44.6798 3.66367 132.756
120.899 13.6953 44.7106 3.66027 132.726
120.999 13.6758 44.7414 3.65687 132.695
121.099 13.6564 44.7722 3.65345 132.664
121.199 13.6369 44.8029 3.65002 132.633
121.299 13.6174 44.8336 3.64657 132.603
121.399 13.5979 44.8643 3.64312 132.572
121.499 13.5783 44.8949 3.63965 132.541
121.599 13.5588 44.9255 3.63617 132.511
121.699 13.5392 44.9561 3.63267 132.48
121.799 13.5196 44.9866 3.62917 132.45
121.899 13.4999 45.0171 3.62565 132.419
121.999 13.4803 45.0476 3.62212 132.389
122.099 13.4606 45.078 3.61858 132.358
122.199 13.4409 45.1084 3.61502 132.328
122.299 13.4212 45.1388 3.61146 132.297
122.399 13.4015 45.1691 3.60788 132.267
122.499 13.3817 45.1994 3.60429 132.237
122.599 13.362 45.2297 3.60068 132.207
122.699 13.3422 45.2599 3.59707 132.176
122.799 13.3224 45.2901 3.59344 132.146
122.899 13.3026 45.3203 3.5898 132.116
122.999 13.2827 45.3504 3.58615 132.086
123.099 13.2628 45.3805 3.58248 132.056
123.199 13.243 45.4106 3.57881 132.026
123.299 13.2231 45.4406 3.57512 131.996
123.399 13.2031 45.4706 3.57142 131.966
123.499 13.1832 45.5006 3.56771 131.936
123.599 13.1632 45.5305 3.56398 131.906
123.699 13.1432 45.5604 3.56024 131.876
123.799 13.1232 45.5903 3.55649 131.846
123.899 13.1032 45.6201 3.55273 131.816
123.999 13.0832 45.6499 3.54896 131.786
124.099 13.0631 45.6796 3.54517 131.757
124.199 13.043 45.7093 3.54137 131.727
124.299 13.0229 45.739 3.53756 131.697
124.399 13.0028 45.7687 3.53374 131.668
124.499 12.9827 45.7983 3.52991 131.638
124.599 12.9625 45.8279 3.52606 131.608
124.699 12.9423 45.8574 3.5222 131.579
124.799 12.9221 45.8869 3.51833 131.549
124.899 12.9019 45.9164 3.51445 131.52
124.999 12.8817 45.9458 3.51056 131.49
125.099 12.8615 45.9752 3.50665 131.461
125.199 12.8412 46.0046 3.50273 131.432
125.299 12.8209 46.0339 3.4988 131.402
125.399 12.8006 46.0632 3.49486 131.373
125.499 12.7803 46.0924 3.49091 131.344
125.599 12.7599 46.1217 3.48694 131.315
125.699 12.7396 46.1508 3.48296 131.285
125.799 12.7192 46.18 3.47897 131.256
125.899 12.6988 46.2091 3.47497 131.227
125.999 12.6784 46.2382 3.47096 131.198
126.099 12.6579 46.2672 3.46693 131.169
126.199 12.6375 46.2962 3.46289 131.14
126.299 12.617 46.3251 3.45884 131.111
126.399 12.5965 46.3541 3.45478 131.082
126.499 12.576 46.383 3.45071 131.053
126.599 12.5555 46.4118 3.44662 131.024
126.699 12.5349 46.4406 3.44253 130.996
126.799 12.5144 46.4694 3.43842 130.967
126.899 12.4938 46.4981 3.4343 130.938
126.999 12.4732 46.5268 3.43017 130.909
127.099 12.4526 46.5555 3.42602 130.881
127.199 12.432 46.5841 3.42187 130.852
127.299 12.4113 46.6127 3.4177 130.824
127.399 12.3906 46.6412 3.41352 130.795
127.499 12.3699 46.6697 3.40933 130.766
127.599 12.3492 46.6982 3.40512 130.738
127.699 12.3285 46.7266 3.40091 130.71
127.799 12.3078 46.755 3.39668 130.681
127.899 12.287 46.7834 3.39244 130.653
127.999 12.2663 46.8117 3.38819 130.625
128.099 12.2455 46.84 3.38393 130.596
128.199 12.2247 46.8682 3.37966 130.568
128.299 12.2038 46.8964 3.37537 130.54
128.399 12.183 46.9246 3.37107 130.512
128.499 12.1621 46.9527 3.36677 130.484
128.599 12.1412 46.9808 3.36245 130.455
128.699 12.1204 47.0089 3.35811 130.427
128.799 12.0994 47.0369 3.35377 130.399
128.899 12.0785 47.0648 3.34941 130.371
128.999 12.0576 47.0928 3.34505 130.343
129.099 12.0366 47.1206 3.34067 130.316
129.199 12.0156 47.1485 3.33628 130.288
129.299 11.9946 47.1763 3.33188 130.26
129.399 11.9736 47.2041 3.32746 130.232
129.499 11.9526 47.2318 3.32304 130.204
129.599 11.9315 47.2595 3.3186 130.177
129.699 11.9105 47.2872 3.31415 130.149
129.799 11.8894 47.3148 3.30969 130.121
129.899 11.8683 47.3423 3.30522 130.094
129.999 11.8472 47.3699 3.30074 130.066
130.099 11.8261 47.3974 3.29625 130.039
130.199 11.8049 47.4248 3.29174 130.011
130.299 11.7837 47.4522 3.28722 129.984
130.399 11.7626 47.4796 3.2827 129.957
130.499 11.7414 47.5069 3.27816 129.929
130.599 11.7202 47.5342 3.27361 129.902
130.699 11.6989 47.5614 3.26904 129.875
130.799 11.6777 47.5887 3.26447 129.848
130.899 11.6564 47.6158 3.25988 129.82
130.999 11.6352 47.6429 3.25529 129.793
131.099 11.6139 47.67 3.25068 129.766
131.199 11.5926 47.6971 3.24606 129.739
131.299 11.5712 47.7241 3.24143 129.712
131.399 11.5499 47.751 3.23679 129.685
131.499 11.5285 47.7779 3.23213 129.658
131.599 11.5072 47.8048 3.22747 129.631
131.699 11.4858 47.8317 3.22279 129.605
131.799 11.4644 47.8584 3.21811 129.578
131.899 11.443 47.8852 3.21341 129.551
131.999 11.4215 47.9119 3.2087 129.524
132.099 11.4001 47.9386 3.20398 129.498
132.199 11.3786 47.9652 3.19924 129.471
132.299 11.3571 47.9918 3.1945 129.444
132.399 11.3356 48.0183 3.18975 129.418
132.499 11.3141 48.0448 3.18498 129.391
132.599 11.2926 48.0713 3.1802 129.365
132.699 11.271 48.0977 3.17542 129.339
132.799 11.2495 48.1241 3.17062 129.312
132.899 11.2279 48.1504 3.16581 129.286
132.999 11.2063 48.1767 3.16099 129.26
133.099 11.1847 48.2029 3.15615 129.233
133.199 11.1631 48.2291 3.15131 129.207
133.299 11.1415 48.2553 3.14645 129.181
133.399 11.1198 48.2814 3.14159 129.155
133.499 11.0982 48.3075 3.13671 129.129
133.599 11.0765 48.3335 3.13182 129.103
133.699 11.0548 48.3595 3.12693 129.077
133.799 11.0331 48.3854 3.12202 129.051
133.899 11.0114 48.4113 3.1171 129.025
133.999 10.9896 48.4372 3.11216 128.999
134.099 10.9679 48.463 3.10722 128.973
134.199 10.9461 48.4888 3.10227 128.947
134.299 10.9243 48.5145 3.0973 128.922
134.399 10.9025 48.5402 3.09233 128.896
134.499 10.8807 48.5658 3.08734 128.87
134.599 10.8589 48.5914 3.08234 128.845
134.699 10.837 48.6169 3.07734 128.819
134.799 10.8152 48.6424 3.07232 128.794
134.899 10.7933 48.6679 3.06729 128.768
134.999 10.7714 48.6933 3.06225 128.743
135.099 10.7495 48.7187 3.05719 128.718
135.199 10.7276 48.744 3.05213 128.692
135.299 10.7057 48.7693 3.04706 128.667
135.399 10.6837 48.7945 3.04197 128.642
135.499 10.6618 48.8197 3.03688 128.616
135.599 10.6398 48.8449 3.03177 128.591
135.699 10.6178 48.87 3.02666 128.566
135.799 10.5958 48.8951 3.02153 128.541
135.899 10.5738 48.9201 3.01639 128.516
135.999 10.5518 48.945 3.01125 128.491
136.099 10.5298 48.97 3.00609 128.466
136.199 10.5077 48.9948 3.00092 128.441
136.299 10.4856 49.0197 2.99574 128.417
136.399 10.4636 49.0445 2.99055 128.392
136.499 10.4415 49.0692 2.98535 128.367
136.599 10.4193 49.0939 2.98013 128.342
136.699 10.3972 49.1186 2.97491 128.318
136.799 10.3751 49.1432 2.96968 128.293
136.899 10.3529 49.1677 2.96443 128.269
136.999 10.3308 49.1922 2.95918 128.244
137.099 10.3086 49.2167 2.95392 128.22
137.199 10.2864 49.2411 2.94864 128.195
137.299 10.2642 49.2655 2.94336 128.171
137.399 10.242 49.2898 2.93806 128.146
137.499 10.2197 49.3141 2.93275 128.122
137.599 10.1975 49.3384 2.92744 128.098
137.699 10.1752 49.3626 2.92211 128.074
137.799 10.153 49.3867 2.91677 128.05
137.899 10.1307 49.4108 2.91142 128.025
137.999 10.1084 49.4349 2.90606 128.001
138.099 10.0861 49.4589 2.90069 127.977
138.199 10.0638 49.4828 2.89532 127.953
138.299 10.0414 49.5067 2.88993 127.929
138.399 10.0191 49.5306 2.88453 127.906
138.499 9.9967 49.5544 2.87912 127.882
138.599 9.97433 49.5782 2.8737 127.858
138.699 9.95194 49.6019 2.86826 127.834
138.799 9.92953 49.6256 2.86282 127.811
138.899 9.90712 49.6492 2.85737 127.787
138.999 9.88469 49.6728 2.85191 127.763
139.099 9.86225 49.6964 2.84644 127.74
139.199 9.8398 49.7198 2.84096 127.716
139.299 9.81733 49.7433 2.83547 127.693
139.399 9.79485 49.7667 2.82996 127.67
139.499 9.77236 49.79 2.82445 127.646
139.599 9.74985 49.8133 2.81893 127.623
139.699 9.72734 49.8366 2.8134 127.6
139.799 9.70481 49.8598 2.80785 127.576
139.899 9.68226 49.8829 2.8023 127.553
139.999 9.65971 49.906 2.79674 127.53
140.099 9.63714 49.9291 2.79117 127.507
140.199 9.61456 49.9521 2.78558 127.484
140.299 9.59197 49.9751 2.77999 127.461
140.399 9.56937 49.998 2.77439 127.438
140.499 9.54675 50.0209 2.76878 127.415
140.599 9.52412 50.0437 2.76315 127.393
140.699 9.50148 50.0665 2.75752 127.37
140.799 9.47883 50.0892 2.75188 127.347
140.899 9.45616 50.1119 2.74623 127.324
140.999 9.43349 50.1345 2.74057 127.302
141.099 9.4108 50.1571 2.73489 127.279
141.199 9.3881 50.1796 2.72921 127.257
141.299 9.36538 50.2021 2.72352 127.234
141.399 9.34266 50.2245 2.71782 127.212
141.499 9.31992 50.2469 2.71211 127.189
141.599 9.29717 50.2692 2.70639 127.167
141.699 9.27441 50.2915 2.70066 127.145
141.799 9.25164 50.3137 2.69492 127.123
141.899 9.22885 50.3359 2.68917 127.1
141.999 9.20606 50.358 2.68341 127.078
142.099 9.18325 50.3801 2.67764 127.056
142.199 9.16043 50.4022 2.67186 127.034
142.299 9.1376 50.4241 2.66607 127.012
142.399 9.11476 50.4461 2.66027 126.99
142.499 9.0919 50.468 2.65447 126.968
142.6 9.06904 50.4898 2.64865 126.946
142.7 9.04616 50.5116 2.64282 126.925
142.8 9.02327 50.5333 2.63699 126.903
142.9 9.00037 50.555 2.63114 126.881
143 8.97746 50.5767 2.62528 126.86
143.1 8.95454 50.5982 2.61942 126.838
143.2 8.9316 50.6198 2.61354 126.816
143.3 8.90866 50.6413 2.60766 126.795
143.4 8.8857 50.6627 2.60177 126.774
143.5 8.86273 50.6841 2.59587 126.752
143.6 8.83975 50.7054 2.58995 126.731
143.7 8.81676 50.7267 2.58403 126.71
143.8 8.79376 50.7479 2.5781 126.688
143.9 8.77075 50.7691 2.57216 126.667
144 8.74773 50.7903 2.56621 126.646
144.1 8.7247 50.8113 2.56025 126.625
144.2 8.70165 50.8324 2.55429 126.604
144.3 8.67859 50.8534 2.54831 126.583
144.4 8.65553 50.8743 2.54232 126.562
144.5 8.63245 50.8952 2.53633 126.541
144.6 8.60936 50.916 2.53032 126.52
144.7 8.58626 50.9368 2.52431 126.499
144.8 8.56315 50.9575 2.51828 126.479
144.9 8.54003 50.9782 2.51225 126.458
145 8.5169 50.9988 2.50621 126.437
145.1 8.49376 51.0194 2.50016 126.417
145.2 8.47061 51.0399 2.4941 126.396
145.3 8.44745 51.0604 2.48803 126.376
145.4 8.42427 51.0808 2.48195 126.355
145.5 8.40109 51.1012 2.47587 126.335
145.6 8.3779 51.1215 2.46977 126.315
145.7 8.35469 51.1417 2.46367 126.294
145.8 8.33148 51.1619 2.45755 126.274
145.9 8.30825 51.1821 2.45143 126.254
146 8.28502 51.2022 2.4453 126.234
146.1 8.26177 51.2223 2.43916 126.214
146.2 8.23851 51.2423 2.43301 126.194
146.3 8.21525 51.2622 2.42685 126.174
146.4 8.19197 51.2821 2.42068 126.154
146.5 8.16868 51.302 2.41451 126.134
146.6 8.14539 51.3218 2.40832 126.114
146.7 8.12208 51.3415 2.40213 126.095
146.8 8.09876 51.3612 2.39593 126.075
146.9 8.07544 51.3808 2.38972 126.055
147 8.0521 51.4004 2.3835 126.036
147.1 8.02876 51.42 2.37727 126.016
147.2 8.0054 51.4394 2.37103 125.997
147.3 7.98203 51.4589 2.36479 125.977
147.4 7.95866 51.4782 2.35853 125.958
147.5 7.93527 51.4976 2.35227 125.939
147.6 7.91188 51.5168 2.346 125.919
147.7 7.88847 51.536 2.33972 125.9
147.8 7.86506 51.5552 2.33343 125.881
147.9 7.84163 51.5743 2.32713 125.862
148 7.8182 51.5934 2.32083 125.843
148.1 7.79475 51.6124 2.31451 125.824
148.2 7.7713 51.6313 2.30819 125.805
148.3 7.74784 51.6502 2.30186 125.786
148.4 7.72436 51.6691 2.29552 125.767
148.5 7.70088 51.6879 2.28917 125.748
148.6 7.67739 51.7066 2.28282 125.73
148.7 7.65389 51.7253 2.27645 125.711
148.8 7.63038 51.7439 2.27008 125.692
148.9 7.60686 51.7625 2.2637 125.674
149 7.58333 51.781 2.25731 125.655
149.1 7.5598 51.7995 2.25091 125.637
149.2 7.53625 51.8179 2.2445 125.618
149.3 7.51269 51.8363 2.23809 125.6
149.4 7.48913 51.8546 2.23167 125.582
149.5 7.46555 51.8728 2.22524 125.563
149.6 7.44197 51.891 2.2188 125.545
149.7 7.41838 51.9092 2.21235 125.527
149.8 7.39478 51.9273 2.2059 125.509
149.9 7.37117 51.9453 2.19943 125.491
150 7.34755 51.9633 2.19296 125.473
150.1 7.32392 51.9812 2.18648 125.455
150.2 7.30028 51.9991 2.18 125.437
150.3 7.27664 52.0169 2.1735 125.419
150.4 7.25298 52.0347 2.167 125.402
150.5 7.22932 52.0524 2.16049 125.384
150.6 7.20565 52.07 2.15397 125.366
150.7 7.18197 52.0876 2.14744 125.349
150.8 7.15828 52.1052 2.14091 125.331
150.9 7.13458 52.1227 2.13436 125.314
151 7.11087 52.1401 2.12781 125.296
151.1 7.08716 52.1575 2.12125 125.279
151.2 7.06343 52.1748 2.11469 125.261
151.3 7.0397 52.1921 2.10811 125.244
151.4 7.01596 52.2093 2.10153 125.227
151.5 6.99221 52.2265 2.09494 125.21
151.6 6.96845 52.2436 2.08834 125.193
151.7 6.94469 52.2606 2.08174 125.176
151.8 6.92091 52.2776 2.07513 125.159
151.9 6.89713 52.2946 2.06851 125.142
152 6.87334 52.3115 2.06188 125.125
152.1 6.84954 52.3283 2.05524 125.108
152.2 6.82573 52.3451 2.0486 125.091
152.3 6.80191 52.3618 2.04195 125.074
152.4 6.77809 52.3785 2.03529 125.058
152.5 6.75426 52.3951 2.02862 125.041
152.6 6.73042 52.4116 2.02195 125.025
152.7 6.70657 52.4281 2.01527 125.008
152.8 6.68271 52.4446 2.00858 124.992
152.9 6.65885 52.461 2.00189 124.975
153 6.63498 52.4773 1.99518 124.959
153.1 6.6111 52.4936 1.98847 124.943
153.2 6.58721 52.5098 1.98176 124.926
153.3 6.56331 52.526 1.97503 124.91
153.4 6.53941 52.5421 1.9683 124.894
153.5 6.5155 52.5581 1.96156 124.878
153.6 6.49158 52.5741 1.95481 124.862
153.7 6.46765 52.5901 1.94806 124.846
153.8 6.44372 52.6059 1.9413 124.83
153.9 6.41978 52.6218 1.93453 124.814
154 6.39583 52.6375 1.92775 124.799
154.1 6.37187 52.6532 1.92097 124.783
154.2 6.3479 52.6689 1.91418 124.767
154.3 6.32393 52.6845 1.90738 124.752
154.4 6.29995 52.7001 1.90058 124.736
154.5 6.27596 52.7155 1.89377 124.721
154.6 6.25197 52.731 1.88695 124.705
154.7 6.22797 52.7463 1.88012 124.69
154.8 6.20396 52.7617 1.87329 124.675
154.9 6.17994 52.7769 1.86645 124.659
155 6.15592 52.7921 1.85961 124.644
155.1 6.13188 52.8073 1.85275 124.629
155.2 6.10785 52.8224 1.84589 124.614
155.3 6.0838 52.8374 1.83903 124.599
155.4 6.05975 52.8524 1.83215 124.584
155.5 6.03568 52.8673 1.82527 124.569
155.6 6.01162 52.8822 1.81839 124.554
155.7 5.98754 52.897 1.81149 124.539
155.8 5.96346 52.9117 1.80459 124.524
155.9 5.93937 52.9264 1.79768 124.51
156 5.91528 52.9411 1.79077 124.495
156.1 5.89117 52.9556 1.78385 124.481
156.2 5.86706 52.9702 1.77692 124.466
156.3 5.84295 52.9846 1.76999 124.452
156.4 5.81882 52.999 1.76305 124.437
156.5 5.79469 53.0134 1.7561 124.423
156.6 5.77055 53.0277 1.74915 124.409
156.7 5.74641 53.0419 1.74219 124.394
156.8 5.72226 53.0561 1.73522 124.38
156.9 5.6981 53.0702 1.72825 124.366
157 5.67394 53.0842 1.72127 124.352
157.1 5.64977 53.0983 1.71428 124.338
157.2 5.62559 53.1122 1.70729 124.324
157.3 5.60141 53.1261 1.70029 124.31
157.4 5.57721 53.1399 1.69329 124.296
157.5 5.55302 53.1537 1.68628 124.283
157.6 5.52881 53.1674 1.67926 124.269
157.7 5.5046 53.1811 1.67224 124.255
157.8 5.48039 53.1947 1.66521 124.242
157.9 5.45616 53.2082 1.65817 124.228
158 5.43193 53.2217 1.65113 124.215
158.1 5.4077 53.2351 1.64408 124.201
158.2 5.38346 53.2485 1.63703 124.188
158.3 5.35921 53.2618 1.62997 124.174
158.4 5.33495 53.275 1.6229 124.161
158.5 5.31069 53.2882 1.61583 124.148
158.6 5.28643 53.3013 1.60875 124.135
158.7 5.26215 53.3144 1.60166 124.122
158.8 5.23787 53.3274 1.59457 124.109
158.9 5.21359 53.3404 1.58748 124.096
159.001 5.1893 53.3533 1.58037 124.083
159.101 5.165 53.3661 1.57326 124.07
159.201 5.14069 53.3789 1.56615 124.057
159.301 5.11638 53.3916 1.55903 124.045
159.401 5.09207 53.4043 1.5519 124.032
159.501 5.06775 53.4169 1.54477 124.019
159.601 5.04342 53.4295 1.53763 124.007
159.701 5.01909 53.4419 1.53049 123.994
159.801 4.99475 53.4544 1.52334 123.982
159.901 4.9704 53.4667 1.51619 123.969
160.001 4.94605 53.4791 1.50903 123.957
160.101 4.9217 53.4913 1.50186 123.945
160.201 4.89733 53.5035 1.49469 123.933
160.301 4.87297 53.5156 1.48751 123.921
160.401 4.84859 53.5277 1.48033 123.909
160.501 4.82421 53.5397 1.47314 123.897
160.601 4.79983 53.5517 1.46594 123.885
160.701 4.77544 53.5636 1.45874 123.873
160.801 4.75104 53.5754 1.45154 123.861
160.901 4.72664 53.5872 1.44433 123.849
161.001 4.70223 53.5989 1.43711 123.837
161.101 4.67782 53.6106 1.42989 123.826
161.201 4.6534 53.6222 1.42267 123.814
161.301 4.62898 53.6337 1.41543 123.802
161.401 4.60455 53.6452 1.4082 123.791
161.501 4.58012 53.6566 1.40095 123.78
161.601 4.55568 53.668 1.39371 123.768
161.701 4.53124 53.6793 1.38645 123.757
161.801 4.50679 53.6906 1.3792 123.746
161.901 4.48233 53.7017 1.37193 123.734
162.001 4.45787 53.7129 1.36466 123.723
162.101 4.43341 53.7239 1.35739 123.712
162.201 4.40894 53.7349 1.35011 123.701
162.301 4.38446 53.7459 1.34283 123.69
162.401 4.35998 53.7568 1.33554 123.679
162.501 4.3355 53.7676 1.32825 123.669
162.601 4.31101 53.7784 1.32095 123.658
162.701 4.28651 53.7891 1.31364 123.647
162.801 4.26201 53.7997 1.30633 123.636
162.901 4.2375 53.8103 1.29902 123.626
163.001 4.21299 53.8209 1.2917 123.615
163.101 4.18848 53.8313 1.28438 123.605
163.201 4.16396 53.8417 1.27705 123.594
163.301 4.13944 53.8521 1.26972 123.584
163.401 4.11491 53.8624 1.26238 123.574
163.501 4.09037 53.8726 1.25504 123.564
163.601 4.06583 53.8828 1.24769 123.553
163.701 4.04129 53.8929 1.24034 123.543
163.801 4.01674 53.9029 1.23298 123.533
163.901 3.99219 53.9129 1.22562 123.523
164.001 3.96763 53.9228 1.21826 123.513
164.101 3.94307 53.9327 1.21088 123.504
164.201 3.91851 53.9425 1.20351 123.494
164.301 3.89393 53.9523 1.19613 123.484
164.401 3.86936 53.962 1.18875 123.474
164.501 3.84478 53.9716 1.18136 123.465
164.601 3.8202 53.9811 1.17397 123.455
164.701 3.79561 53.9907 1.16657 123.446
164.801 3.77102 54.0001 1.15917 123.436
164.901 3.74642 54.0095 1.15176 123.427
165.001 3.72182 54.0188 1.14435 123.417
165.101 3.69721 54.0281 1.13694 123.408
165.201 3.6726 54.0373 1.12952 123.399
165.301 3.64799 54.0464 1.12209 123.39
165.401 3.62337 54.0555 1.11467 123.381
165.501 3.59875 54.0645 1.10723 123.372
165.601 3.57412 54.0735 1.0998 123.363
165.701 3.54949 54.0824 1.09236 123.354
165.801 3.52486 54.0912 1.08491 123.345
165.901 3.50022 54.1 1.07747 123.336
166.001 3.47557 54.1087 1.07001 123.328
166.101 3.45093 54.1174 1.06256 123.319
166.201 3.42628 54.126 1.0551 123.31
166.301 3.40162 54.1345 1.04763 123.302
166.401 3.37696 54.143 1.04017 123.293
166.501 3.3523 54.1514 1.03269 123.285
166.601 3.32764 54.1597 1.02522 123.276
166.701 3.30297 54.168 1.01774 123.268
166.801 3.27829 54.1763 1.01025 123.26
166.901 3.25362 54.1844 1.00277 123.252
167.001 3.22894 54.1925 0.995275 123.244
167.101 3.20425 54.2006 0.98778 123.236
167.201 3.17956 54.2086 0.980281 123.228
167.301 3.15487 54.2165 0.972779 123.22
167.401 3.13018 54.2244 0.965273 123.212
167.501 3.10548 54.2322 0.957763 123.204
167.601 3.08077 54.2399 0.950249 123.196
167.701 3.05607 54.2476 0.942732 123.189
167.801 3.03136 54.2552 0.935212 123.181
167.901 3.00665 54.2628 0.927688 123.173
168.001 2.98193 54.2703 0.92016 123.166
168.101 2.95721 54.2777 0.912629 123.159
168.201 2.93249 54.2851 0.905095 123.151
168.301 2.90776 54.2924 0.897557 123.144
168.401 2.88303 54.2996 0.890015 123.137
168.501 2.8583 54.3068 0.882471 123.129
168.601 2.83356 54.314 0.874923 123.122
168.701 2.80882 54.321 0.867371 123.115
168.801 2.78408 54.328 0.859817 123.108
168.901 2.75933 54.335 0.852259 123.101
169.001 2.73458 54.3419 0.844698 123.094
169.101 2.70983 54.3487 0.837134 123.088
169.201 2.68508 54.3554 0.829566 123.081
169.301 2.66032 54.3621 0.821996 123.074
169.401 2.63556 54.3688 0.814422 123.067
169.501 2.61079 54.3753 0.806845 123.061
169.601 2.58602 54.3819 0.799265 123.054
169.701 2.56125 54.3883 0.791683 123.048
169.801 2.53648 54.3947 0.784097 123.042
169.901 2.51171 54.401 0.776508 123.035
170.001 2.48693 54.4073 0.768916 123.029
170.101 2.46215 54.4135 0.761322 123.023
170.201 2.43736 54.4196 0.753724 123.017
170.301 2.41257 54.4257 0.746124 123.011
170.401 2.38778 54.4317 0.738521 123.004
170.501 2.36299 54.4377 0.730915 122.999
170.601 2.3382 54.4436 0.723306 122.993
170.701 2.3134 54.4494 0.715694 122.987
170.801 2.2886 54.4552 0.70808 122.981
170.901 2.2638 54.4609 0.700463 122.975
171.001 2.23899 54.4666 0.692844 122.97
171.101 2.21418 54.4721 0.685222 122.964
171.201 2.18937 54.4777 0.677597 122.959
171.301 2.16456 54.4831 0.669969 122.953
171.401 2.13974 54.4885 0.66234 122.948
171.501 2.11492 54.4939 0.654707 122.942
171.601 2.0901 54.4991 0.647072 122.937
171.701 2.06528 54.5044 0.639435 122.932
171.801 2.04046 54.5095 0.631795 122.927
171.901 2.01563 54.5146 0.624153 122.922
172.001 1.9908 54.5196 0.616509 122.917
172.101 1.96597 54.5246 0.608862 122.912
172.201 1.94113 54.5295 0.601213 122.907
172.301 1.9163 54.5343 0.593562 122.902
172.401 1.89146 54.5391 0.585908 122.897
172.501 1.86662 54.5438 0.578252 122.892
172.601 1.84178 54.5485 0.570594 122.888
172.701 1.81693 54.5531 0.562934 122.883
172.801 1.79208 54.5576 0.555271 122.879
172.901 1.76724 54.5621 0.547607 122.874
173.001 1.74238 54.5665 0.53994 122.87
173.101 1.71753 54.5708 0.532272 122.865
173.201 1.69268 54.5751 0.524601 122.861
173.301 1.66782 54.5793 0.516929 122.857
173.401 1.64296 54.5835 0.509254 122.853
173.501 1.6181 54.5876 0.501578 122.849
173.601 1.59324 54.5916 0.493899 122.845
173.701 1.56838 54.5956 0.486219 122.841
173.801 1.54351 54.5995 0.478537 122.837
173.901 1.51864 54.6034 0.470853 122.833
174.001 1.49377 54.6071 0.463167 122.829
174.101 1.4689 54.6109 0.45548 122.825
174.201 1.44403 54.6145 0.447791 122.822
174.301 1.41916 54.6181 0.4401 122.818
174.401 1.39428 54.6217 0.432407 122.815
174.501 1.3694 54.6251 0.424713 122.811
174.601 1.34452 54.6285 0.417017 122.808
174.701 1.31964 54.6319 0.40932 122.804
174.801 1.29476 54.6352 0.401621 122.801
174.901 1.26988 54.6384 0.39392 122.798
175.001 1.24499 54.6415 0.386219 122.795
175.101 1.22011 54.6446 0.378515 122.792
175.201 1.19522 54.6477 0.37081 122.789
175.301 1.17033 54.6507 0.363104 122.786
175.402 1.14544 54.6536 0.355396 122.783
175.502 1.12055 54.6564 0.347687 122.78
175.602 1.09566 54.6592 0.339977 122.777
175.702 1.07076 54.6619 0.332265 122.774
175.802 1.04587 54.6646 0.324553 122.772
175.902 1.02097 54.6672 0.316839 122.769
176.002 0.996074 54.6697 0.309123 122.767
176.102 0.971175 54.6722 0.301407 122.764
176.202 0.946275 54.6746 0.293689 122.762
176.302 0.921375 54.6769 0.28597 122.759
176.402 0.896473 54.6792 0.278251 122.757
176.502 0.87157 54.6815 0.27053 122.755
176.602 0.846666 54.6836 0.262808 122.753
176.702 0.821761 54.6857 0.255085 122.751
176.802 0.796856 54.6877 0.247361 122.748
176.902 0.771949 54.6897 0.239636 122.747
177.002 0.747042 54.6916 0.231911 122.745
177.102 0.722134 54.6935 0.224184 122.743
177.202 0.697225 54.6953 0.216457 122.741
177.302 0.672315 54.697 0.208728 122.739
177.402 0.647404 54.6986 0.200999 122.738
177.502 0.622493 54.7002 0.193269 122.736
177.602 0.597581 54.7018 0.185539 122.734
177.702 0.572668 54.7032 0.177808 122.733
177.802 0.547755 54.7047 0.170076 122.732
177.902 0.522841 54.706 0.162343 122.73
178.002 0.497926 54.7073 0.15461 122.729
178.102 0.473011 54.7085 0.146876 122.728
178.202 0.448095 54.7097 0.139142 122.727
178.302 0.423179 54.7108 0.131407 122.725
178.402 0.398263 54.7118 0.123672 122.724
178.502 0.373346 54.7128 0.115936 122.723
178.602 0.348428 54.7137 0.108199 122.723
178.702 0.32351 54.7145 0.100463 122.722
178.802 0.298592 54.7153 0.0927257 122.721
178.902 0.273674 54.716 0.0849883 122.72
179.002 0.248755 54.7167 0.0772506 122.72
179.102 0.223836 54.7173 0.0695125 122.719
179.202 0.198916 54.7178 0.0617742 122.718
179.302 0.173996 54.7183 0.0540357 122.718
179.402 0.149077 54.7187 0.046297 122.718
179.502 0.124157 54.719 0.038558 122.717
179.602 0.0992365 54.7193 0.030819 122.717
179.702 0.0743163 54.7195 0.0230798 122.717
179.802 0.049396 54.7197 0.0153405 122.717
179.902 0.0244756 54.7198 0.00760121 122.716
