0 1.0793e-14 5.1724 0 198.025
0.1 0.153818 5.17246 0.011499 198.024
0.2 0.307631 5.17265 0.0229979 198.024
0.3 0.461434 5.17296 0.0344968 198.024
0.4 0.615223 5.17339 0.0459956 198.024
0.5 0.768992 5.17394 0.0574943 198.023
0.6 0.922737 5.17462 0.0689929 198.022
0.7 1.07645 5.17543 0.0804914 198.022
0.8 1.23013 5.17635 0.0919897 198.021
0.9 1.38378 5.1774 0.103488 198.02
1 1.53738 5.17857 0.114986 198.018
1.1 1.69093 5.17987 0.126483 198.017
1.2 1.84442 5.18129 0.137981 198.016
1.3 1.99786 5.18283 0.149478 198.014
1.4 2.15124 5.1845 0.160975 198.012
1.5 2.30454 5.18629 0.172471 198.011
1.6 2.45778 5.18821 0.183967 198.009
1.7 2.61094 5.19024 0.195463 198.007
1.8 2.76401 5.1924 0.206958 198.005
1.9 2.917 5.19469 0.218453 198.002
2 3.0699 5.1971 0.229948 198
2.1 3.2227 5.19963 0.241442 197.997
2.2 3.37539 5.20228 0.252935 197.995
2.3 3.52799 5.20506 0.264428 197.992
2.4 3.68047 5.20796 0.27592 197.989
2.5 3.83283 5.21099 0.287412 197.986
2.6 3.98508 5.21413 0.298903 197.983
2.7 4.1372 5.2174 0.310394 197.98
2.8 4.28919 5.2208 0.321884 197.976
2.9 4.44105 5.22432 0.333373 197.973
3 4.59277 5.22796 0.344862 197.969
3.1 4.74435 5.23172 0.35635 197.965
3.2 4.89578 5.23561 0.367837 197.961
3.3 5.04706 5.23962 0.379323 197.957
3.4 5.19818 5.24376 0.390809 197.953
3.5 5.34914 5.24802 0.402294 197.949
3.6 5.49993 5.2524 0.413778 197.945
3.7 5.65055 5.2569 0.425261 197.94
3.8 5.801 5.26153 0.436743 197.935
3.9 5.95127 5.26628 0.448225 197.931
4 6.10136 5.27115 0.459705 197.926
4.1 6.25126 5.27615 0.471185 197.921
4.2 6.40097 5.28127 0.482663 197.916
4.3 6.55048 5.28651 0.494141 197.91
4.4 6.69979 5.29188 0.505617 197.905
4.5 6.8489 5.29737 0.517093 197.9
4.6 6.9978 5.30298 0.528567 197.894
4.7 7.14648 5.30872 0.54004 197.888
4.8 7.29495 5.31458 0.551512 197.882
4.9 7.4432 5.32056 0.562983 197.876
5 7.59122 5.32667 0.574453 197.87
5.1 7.73901 5.33289 0.585922 197.864
5.2 7.88657 5.33925 0.597389 197.858
5.3 8.03389 5.34572 0.608856 197.851
5.4 8.18097 5.35232 0.620321 197.845
5.5 8.3278 5.35904 0.631784 197.838
5.6 8.47438 5.36588 0.643247 197.831
5.7 8.62071 5.37285 0.654708 197.824
5.8 8.76679 5.37994 0.666168 197.817
5.9 8.9126 5.38715 0.677626 197.81
6 9.05815 5.39448 0.689083 197.802
6.1 9.20343 5.40194 0.700538 197.795
6.2 9.34844 5.40952 0.711992 197.787
6.3 9.49317 5.41722 0.723445 197.78
6.4 9.63762 5.42505 0.734896 197.772
6.5 9.78179 5.433 0.746346 197.764
6.6 9.92568 5.44107 0.757794 197.756
6.7 10.0693 5.44926 0.76924 197.748
6.8 10.2126 5.45758 0.780685 197.739
6.9 10.3556 5.46602 0.792128 197.731
7 10.4983 5.47458 0.80357 197.722
7.1 10.6407 5.48326 0.81501 197.714
7.2 10.7828 5.49207 0.826448 197.705
7.3 10.9245 5.501 0.837885 197.696
7.4 11.066 5.51005 0.84932 197.687
7.5 11.2072 5.51922 0.860753 197.678
7.6 11.348 5.52852 0.872184 197.668
7.7 11.4885 5.53794 0.883613 197.659
7.79999 11.6287 5.54748 0.895041 197.649
7.89999 11.7685 5.55714 0.906467 197.64
7.99999 11.9081 5.56693 0.917891 197.63
8.09999 12.0472 5.57684 0.929313 197.62
8.2 12.1861 5.58687 0.940733 197.61
8.3 12.3246 5.59702 0.952151 197.6
8.4 12.4628 5.6073 0.963568 197.59
8.5 12.6006 5.61769 0.974982 197.579
8.6 12.738 5.62821 0.986394 197.569
8.7 12.8751 5.63886 0.997804 197.558
8.8 13.0119 5.64962 1.00921 197.547
8.9 13.1483 5.66051 1.02062 197.536
9 13.2843 5.67151 1.03202 197.525
9.1 13.42 5.68264 1.04342 197.514
9.2 13.5553 5.69389 1.05482 197.503
9.3 13.6902 5.70527 1.06622 197.492
9.4 13.8248 5.71676 1.07762 197.48
9.5 13.959 5.72838 1.08901 197.469
9.6 14.0928 5.74012 1.1004 197.457
9.7 14.2263 5.75198 1.11179 197.445
9.8 14.3593 5.76396 1.12317 197.433
9.9 14.492 5.77607 1.13456 197.421
10 14.6243 5.78829 1.14594 197.409
10.1 14.7562 5.80064 1.15732 197.396
10.2 14.8877 5.81311 1.1687 197.384
10.3 15.0189 5.8257 1.18007 197.371
10.4 15.1496 5.83841 1.19144 197.359
10.5 15.2799 5.85124 1.20281 197.346
10.6 15.4099 5.8642 1.21418 197.333
10.7 15.5394 5.87728 1.22554 197.32
10.8 15.6685 5.89047 1.2369 197.306
10.9 15.7973 5.90379 1.24826 197.293
11 15.9256 5.91723 1.25962 197.28
11.1 16.0535 5.93079 1.27097 197.266
11.2 16.181 5.94448 1.28233 197.252
11.3 16.3081 5.95828 1.29367 197.239
11.4 16.4348 5.9722 1.30502 197.225
11.5 16.5611 5.98625 1.31636 197.211
11.6 16.687 6.00042 1.3277 197.197
11.7 16.8124 6.01471 1.33904 197.182
11.8 16.9374 6.02911 1.35038 197.168
11.9 17.062 6.04364 1.36171 197.153
12 17.1862 6.05829 1.37304 197.139
12.1 17.31 6.07307 1.38437 197.124
12.2 17.4333 6.08796 1.39569 197.109
12.3 17.5562 6.10297 1.40701 197.094
12.4 17.6787 6.1181 1.41833 197.079
12.5 17.8007 6.13336 1.42964 197.064
12.6 17.9224 6.14873 1.44095 197.048
12.7 18.0436 6.16423 1.45226 197.033
12.8 18.1643 6.17984 1.46357 197.017
12.9 18.2846 6.19558 1.47487 197.001
13 18.4045 6.21144 1.48617 196.985
13.1 18.524 6.22741 1.49747 196.97
13.2 18.643 6.24351 1.50876 196.953
13.3 18.7616 6.25973 1.52005 196.937
13.4 18.8797 6.27606 1.53134 196.921
13.5 18.9974 6.29252 1.54263 196.904
13.6 19.1147 6.3091 1.55391 196.888
13.7 19.2315 6.3258 1.56518 196.871
13.8 19.3479 6.34261 1.57646 196.854
13.9 19.4638 6.35955 1.58773 196.837
14 19.5793 6.37661 1.599 196.82
14.1 19.6944 6.39379 1.61026 196.803
14.2 19.809 6.41108 1.62152 196.786
14.3 19.9231 6.4285 1.63278 196.768
14.4 20.0369 6.44604 1.64404 196.751
14.5 20.1501 6.46369 1.65529 196.733
14.6 20.2629 6.48147 1.66653 196.715
14.7 20.3753 6.49936 1.67778 196.698
14.8 20.4872 6.51738 1.68902 196.68
14.9 20.5987 6.53551 1.70026 196.661
15 20.7097 6.55377 1.71149 196.643
15.1 20.8203 6.57214 1.72272 196.625
15.2 20.9304 6.59063 1.73394 196.606
15.3 21.0401 6.60924 1.74517 196.588
15.4 21.1493 6.62797 1.75639 196.569
15.5 21.2581 6.64682 1.7676 196.55
15.6 21.3664 6.66579 1.77881 196.531
15.7 21.4742 6.68488 1.79002 196.512
15.8 21.5817 6.70408 1.80123 196.493
15.9 21.6886 6.72341 1.81243 196.474
16 21.7951 6.74285 1.82362 196.454
16.1 21.9012 6.76241 1.83482 196.435
16.2 22.0068 6.78209 1.84601 196.415
16.3 22.1119 6.80189 1.85719 196.395
16.4 22.2166 6.82181 1.86837 196.375
16.5 22.3208 6.84185 1.87955 196.355
16.6 22.4246 6.862 1.89072 196.335
16.7 22.528 6.88227 1.90189 196.315
16.8 22.6308 6.90267 1.91306 196.294
16.9 22.7333 6.92318 1.92422 196.274
17 22.8353 6.9438 1.93538 196.253
17.1 22.9368 6.96455 1.94653 196.232
17.2 23.0378 6.98541 1.95768 196.212
17.3 23.1385 7.0064 1.96883 196.191
17.4 23.2386 7.0275 1.97997 196.169
17.5 23.3383 7.04871 1.9911 196.148
17.6 23.4376 7.07005 2.00224 196.127
17.7 23.5364 7.0915 2.01337 196.105
17.8 23.6348 7.11307 2.02449 196.084
17.9 23.7327 7.13476 2.03561 196.062
18 23.8301 7.15657 2.04673 196.04
18.1 23.9271 7.17849 2.05784 196.018
18.2 24.0237 7.20053 2.06895 195.996
18.3 24.1198 7.22269 2.08005 195.974
18.4 24.2154 7.24497 2.09115 195.952
18.5 24.3106 7.26736 2.10224 195.93
18.6 24.4054 7.28987 2.11333 195.907
18.7 24.4997 7.31249 2.12442 195.884
18.8 24.5936 7.33524 2.1355 195.862
18.9 24.687 7.3581 2.14657 195.839
19 24.7799 7.38108 2.15765 195.816
19.1 24.8724 7.40417 2.16871 195.793
19.2 24.9645 7.42738 2.17978 195.77
19.3 25.0561 7.45071 2.19084 195.746
19.4 25.1473 7.47415 2.20189 195.723
19.5 25.2381 7.49771 2.21294 195.699
19.6 25.3284 7.52139 2.22398 195.676
19.7 25.4182 7.54518 2.23502 195.652
19.8 25.5076 7.56909 2.24606 195.628
19.9 25.5966 7.59312 2.25709 195.604
20 25.6851 7.61726 2.26811 195.58
20.1 25.7732 7.64152 2.27914 195.555
20.2 25.8609 7.66589 2.29015 195.531
20.3 25.9481 7.69038 2.30116 195.507
20.4 26.0348 7.71499 2.31217 195.482
20.5 26.1212 7.73971 2.32317 195.457
20.6 26.2071 7.76455 2.33417 195.432
20.7 26.2925 7.7895 2.34516 195.407
20.8 26.3776 7.81457 2.35615 195.382
20.9 26.4621 7.83975 2.36713 195.357
21 26.5463 7.86505 2.37811 195.332
21.1 26.63 7.89046 2.38908 195.306
21.2 26.7133 7.91599 2.40004 195.281
21.3 26.7962 7.94164 2.41101 195.255
21.4 26.8786 7.9674 2.42196 195.23
21.5 26.9606 7.99327 2.43291 195.204
21.6 27.0422 8.01926 2.44386 195.178
21.7 27.1233 8.04537 2.4548 195.152
21.8 27.2041 8.07159 2.46574 195.125
21.9 27.2844 8.09792 2.47667 195.099
22 27.3642 8.12437 2.4876 195.073
22.1 27.4437 8.15093 2.49852 195.046
22.2 27.5227 8.17761 2.50943 195.019
22.3 27.6013 8.2044 2.52034 194.993
22.4 27.6795 8.2313 2.53125 194.966
22.5 27.7572 8.25832 2.54214 194.939
22.6 27.8346 8.28546 2.55304 194.911
22.7001 27.9115 8.31271 2.56393 194.884
22.8001 27.988 8.34007 2.57481 194.857
22.9001 28.0641 8.36754 2.58569 194.829
23.0001 28.1398 8.39513 2.59656 194.802
23.1001 28.215 8.42284 2.60743 194.774
23.2001 28.2899 8.45065 2.61829 194.746
23.3001 28.3643 8.47858 2.62914 194.718
23.4001 28.4383 8.50663 2.63999 194.69
23.5001 28.512 8.53479 2.65084 194.662
23.6001 28.5852 8.56306 2.66168 194.634
23.7001 28.658 8.59144 2.67251 194.605
23.8001 28.7304 8.61994 2.68334 194.577
23.9001 28.8023 8.64855 2.69416 194.548
24.0001 28.8739 8.67727 2.70498 194.52
24.1001 28.9451 8.7061 2.71579 194.491
24.2001 29.0159 8.73505 2.72659 194.462
24.3001 29.0863 8.76411 2.73739 194.433
24.4001 29.1562 8.79329 2.74818 194.404
24.5001 29.2258 8.82257 2.75897 194.374
24.6001 29.295 8.85197 2.76975 194.345
24.7001 29.3638 8.88148 2.78053 194.315
24.8001 29.4322 8.9111 2.7913 194.286
24.9001 29.5001 8.94084 2.80206 194.256
25.0001 29.5677 8.97068 2.81282 194.226
25.1001 29.635 9.00064 2.82357 194.196
25.2001 29.7018 9.03071 2.83432 194.166
25.3001 29.7682 9.0609 2.84506 194.136
25.4001 29.8342 9.09119 2.85579 194.106
25.5001 29.8999 9.1216 2.86652 194.075
25.6001 29.9651 9.15211 2.87724 194.045
25.7001 30.03 9.18274 2.88795 194.014
25.8001 30.0945 9.21348 2.89866 193.983
25.9001 30.1586 9.24433 2.90937 193.953
26.0001 30.2223 9.27529 2.92006 193.922
26.1001 30.2857 9.30636 2.93075 193.891
26.2001 30.3487 9.33755 2.94144 193.859
26.3001 30.4113 9.36884 2.95212 193.828
26.4001 30.4735 9.40025 2.96279 193.797
26.5001 30.5353 9.43176 2.97345 193.765
26.6001 30.5968 9.46339 2.98411 193.734
26.7001 30.6579 9.49513 2.99477 193.702
26.8001 30.7186 9.52697 3.00541 193.67
26.9001 30.7789 9.55893 3.01605 193.638
27.0001 30.8389 9.591 3.02669 193.606
27.1001 30.8985 9.62318 3.03731 193.574
27.2001 30.9578 9.65546 3.04794 193.541
27.3001 31.0166 9.68786 3.05855 193.509
27.4001 31.0751 9.72037 3.06916 193.477
27.5001 31.1333 9.75298 3.07976 193.444
27.6001 31.1911 9.78571 3.09035 193.411
27.7001 31.2485 9.81855 3.10094 193.378
27.8001 31.3056 9.85149 3.11152 193.345
27.9001 31.3623 9.88455 3.1221 193.312
28.0001 31.4186 9.91771 3.13266 193.279
28.1001 31.4746 9.95098 3.14323 193.246
28.2001 31.5302 9.98436 3.15378 193.213
28.3001 31.5855 10.0179 3.16433 193.179
28.4001 31.6405 10.0515 3.17487 193.145
28.5001 31.695 10.0852 3.1854 193.112
28.6001 31.7493 10.119 3.19593 193.078
28.7001 31.8031 10.1529 3.20645 193.044
28.8001 31.8567 10.1869 3.21697 193.01
28.9001 31.9099 10.2211 3.22747 192.976
29.0001 31.9627 10.2553 3.23797 192.942
29.1001 32.0152 10.2897 3.24847 192.907
29.2001 32.0673 10.3241 3.25895 192.873
29.3001 32.1191 10.3587 3.26943 192.838
29.4001 32.1706 10.3934 3.2799 192.804
29.5001 32.2217 10.4282 3.29037 192.769
29.6001 32.2725 10.4631 3.30082 192.734
29.7001 32.323 10.4981 3.31128 192.699
29.8001 32.3731 10.5332 3.32172 192.664
29.9001 32.4229 10.5684 3.33216 192.629
30.0001 32.4723 10.6037 3.34258 192.593
30.1001 32.5215 10.6392 3.35301 192.558
30.2001 32.5703 10.6747 3.36342 192.522
30.3001 32.6187 10.7103 3.37383 192.487
30.4001 32.6668 10.7461 3.38423 192.451
30.5001 32.7147 10.782 3.39462 192.415
30.6001 32.7621 10.8179 3.40501 192.379
30.7001 32.8093 10.854 3.41539 192.343
30.8001 32.8561 10.8902 3.42576 192.307
30.9001 32.9026 10.9265 3.43612 192.27
31.0001 32.9488 10.9628 3.44648 192.234
31.1001 32.9947 10.9993 3.45683 192.198
31.2001 33.0402 11.0359 3.46717 192.161
31.3001 33.0855 11.0726 3.4775 192.124
31.4001 33.1304 11.1095 3.48783 192.087
31.5001 33.175 11.1464 3.49815 192.051
31.6001 33.2192 11.1834 3.50846 192.014
31.7001 33.2632 11.2205 3.51876 191.976
31.8001 33.3069 11.2578 3.52906 191.939
31.9001 33.3502 11.2951 3.53935 191.902
32.0001 33.3933 11.3325 3.54963 191.864
32.1001 33.436 11.3701 3.5599 191.827
32.2001 33.4784 11.4077 3.57017 191.789
32.3001 33.5206 11.4455 3.58042 191.751
32.4001 33.5624 11.4833 3.59067 191.714
32.5001 33.6039 11.5213 3.60092 191.676
32.6001 33.6451 11.5594 3.61115 191.638
32.7001 33.686 11.5976 3.62138 191.599
32.8001 33.7266 11.6358 3.6316 191.561
32.9001 33.7669 11.6742 3.64181 191.523
33.0001 33.8069 11.7127 3.65201 191.484
33.1001 33.8466 11.7513 3.6622 191.446
33.2001 33.8861 11.79 3.67239 191.407
33.3001 33.9252 11.8288 3.68257 191.368
33.4001 33.964 11.8677 3.69274 191.329
33.5001 34.0026 11.9067 3.7029 191.29
33.6001 34.0408 11.9458 3.71306 191.251
33.7001 34.0788 11.985 3.72321 191.212
33.8001 34.1165 12.0243 3.73334 191.173
33.9001 34.1539 12.0637 3.74347 191.133
34.0001 34.191 12.1032 3.7536 191.094
34.1001 34.2278 12.1428 3.76371 191.054
34.2001 34.2643 12.1825 3.77382 191.014
34.3 34.3006 12.2224 3.78392 190.975
34.4 34.3365 12.2623 3.794 190.935
34.5 34.3722 12.3023 3.80409 190.895
34.6 34.4076 12.3424 3.81416 190.854
34.7 34.4428 12.3827 3.82422 190.814
34.8 34.4776 12.423 3.83428 190.774
34.9 34.5122 12.4634 3.84433 190.733
35 34.5465 12.504 3.85437 190.693
35.1 34.5805 12.5446 3.8644 190.652
35.2 34.6143 12.5853 3.87442 190.612
35.3 34.6478 12.6262 3.88444 190.571
35.4 34.681 12.6671 3.89444 190.53
35.5 34.7139 12.7081 3.90444 190.489
35.6 34.7466 12.7493 3.91443 190.448
35.7 34.779 12.7905 3.92441 190.406
35.8 34.8112 12.8319 3.93438 190.365
35.9 34.843 12.8733 3.94434 190.324
36 34.8747 12.9148 3.9543 190.282
36.1 34.906 12.9565 3.96424 190.24
36.2 34.9371 12.9982 3.97418 190.199
36.3 34.9679 13.04 3.98411 190.157
36.4 34.9985 13.082 3.99403 190.115
36.5 35.0288 13.124 4.00394 190.073
36.6 35.0589 13.1662 4.01384 190.031
36.7 35.0887 13.2084 4.02373 189.989
36.8 35.1182 13.2507 4.03362 189.946
36.9 35.1475 13.2932 4.04349 189.904
37 35.1765 13.3357 4.05336 189.861
37.1 35.2053 13.3783 4.06322 189.819
37.2 35.2338 13.421 4.07307 189.776
37.3 35.2621 13.4639 4.08291 189.733
37.4 35.2901 13.5068 4.09274 189.69
37.5 35.3179 13.5498 4.10256 189.647
37.6 35.3454 13.5929 4.11237 189.604
37.7 35.3727 13.6362 4.12218 189.561
37.8 35.3998 13.6795 4.13197 189.517
37.9 35.4266 13.7229 4.14176 189.474
38 35.4531 13.7664 4.15153 189.431
38.1 35.4794 13.81 4.1613 189.387
38.2 35.5055 13.8537 4.17106 189.343
38.3 35.5313 13.8975 4.18081 189.299
38.4 35.5569 13.9414 4.19055 189.256
38.5 35.5823 13.9854 4.20028 189.212
38.6 35.6074 14.0295 4.21 189.167
38.7 35.6323 14.0737 4.21971 189.123
38.8 35.6569 14.118 4.22941 189.079
38.9 35.6813 14.1624 4.23911 189.035
39 35.7055 14.2069 4.24879 188.99
39.1 35.7294 14.2514 4.25847 188.945
39.2 35.7531 14.2961 4.26813 188.901
39.3 35.7766 14.3409 4.27779 188.856
39.4 35.7999 14.3857 4.28743 188.811
39.5 35.8229 14.4307 4.29707 188.766
39.6 35.8457 14.4757 4.3067 188.721
39.7 35.8682 14.5209 4.31631 188.676
39.8 35.8906 14.5661 4.32592 188.631
39.9 35.9127 14.6115 4.33552 188.585
40 35.9346 14.6569 4.34511 188.54
40.1 35.9563 14.7024 4.35469 188.494
40.2 35.9777 14.7481 4.36426 188.449
40.3 35.9989 14.7938 4.37382 188.403
40.4 36.0199 14.8396 4.38337 188.357
40.5 36.0407 14.8855 4.39291 188.311
40.6 36.0613 14.9315 4.40244 188.265
40.7 36.0816 14.9776 4.41196 188.219
40.7999 36.1018 15.0238 4.42147 188.173
40.8999 36.1217 15.07 4.43097 188.127
40.9999 36.1414 15.1164 4.44046 188.081
41.0999 36.1609 15.1629 4.44994 188.034
41.1999 36.1801 15.2094 4.45941 187.987
41.2999 36.1992 15.2561 4.46888 187.941
41.3999 36.2181 15.3028 4.47833 187.894
41.4999 36.2367 15.3497 4.48777 187.847
41.5999 36.2551 15.3966 4.4972 187.8
41.6999 36.2733 15.4436 4.50662 187.753
41.7999 36.2914 15.4907 4.51603 187.706
41.8999 36.3092 15.5379 4.52543 187.659
41.9999 36.3268 15.5852 4.53483 187.612
42.0999 36.3442 15.6326 4.54421 187.564
42.1999 36.3613 15.6801 4.55358 187.517
42.2999 36.3783 15.7277 4.56294 187.469
42.3999 36.3951 15.7753 4.57229 187.422
42.4999 36.4117 15.8231 4.58163 187.374
42.5999 36.4281 15.8709 4.59096 187.326
42.6999 36.4442 15.9189 4.60028 187.278
42.7999 36.4602 15.9669 4.60959 187.23
42.8999 36.476 16.015 4.61889 187.182
42.9999 36.4916 16.0632 4.62817 187.134
43.0999 36.507 16.1115 4.63745 187.085
43.1999 36.5222 16.1599 4.64672 187.037
43.2999 36.5372 16.2084 4.65598 186.989
43.3999 36.552 16.257 4.66522 186.94
43.4999 36.5666 16.3056 4.67446 186.891
43.5999 36.581 16.3544 4.68369 186.843
43.6999 36.5952 16.4032 4.6929 186.794
43.7999 36.6092 16.4521 4.70211 186.745
43.8999 36.6231 16.5012 4.7113 186.696
43.9999 36.6367 16.5503 4.72048 186.647
44.0999 36.6502 16.5995 4.72966 186.597
44.1999 36.6634 16.6487 4.73882 186.548
44.2999 36.6765 16.6981 4.74797 186.499
44.3999 36.6894 16.7476 4.75711 186.449
44.4999 36.7021 16.7971 4.76624 186.4
44.5999 36.7146 16.8468 4.77536 186.35
44.6999 36.727 16.8965 4.78447 186.3
44.7999 36.7391 16.9463 4.79357 186.251
44.8999 36.7511 16.9962 4.80265 186.201
44.9999 36.7629 17.0462 4.81173 186.151
45.0999 36.7745 17.0963 4.82079 186.101
45.1999 36.786 17.1464 4.82985 186.051
45.2999 36.7972 17.1967 4.83889 186
45.3999 36.8083 17.247 4.84792 185.95
45.4999 36.8192 17.2974 4.85694 185.9
45.5999 36.8299 17.3479 4.86595 185.849
45.6999 36.8404 17.3985 4.87495 185.798
45.7999 36.8508 17.4492 4.88394 185.748
45.8999 36.861 17.5 4.89292 185.697
45.9999 36.871 17.5508 4.90188 185.646
46.0999 36.8808 17.6018 4.91084 185.595
46.1999 36.8905 17.6528 4.91978 185.544
46.2999 36.9 17.7039 4.92872 185.493
46.3999 36.9093 17.7551 4.93764 185.442
46.4999 36.9184 17.8064 4.94655 185.391
46.5999 36.9274 17.8577 4.95545 185.339
46.6999 36.9362 17.9092 4.96433 185.288
46.7999 36.9449 17.9607 4.97321 185.236
46.8999 36.9533 18.0124 4.98207 185.185
46.9999 36.9616 18.0641 4.99093 185.133
47.0999 36.9698 18.1158 4.99977 185.081
47.1999 36.9777 18.1677 5.0086 185.029
47.2999 36.9856 18.2197 5.01742 184.977
47.3998 36.9932 18.2717 5.02623 184.925
47.4998 37.0007 18.3238 5.03502 184.873
47.5998 37.008 18.376 5.04381 184.821
47.6998 37.0151 18.4283 5.05258 184.769
47.7998 37.0221 18.4807 5.06134 184.716
47.8998 37.0289 18.5332 5.07009 184.664
47.9998 37.0356 18.5857 5.07883 184.611
48.0998 37.0421 18.6383 5.08756 184.559
48.1998 37.0484 18.691 5.09627 184.506
48.2998 37.0546 18.7438 5.10498 184.453
48.3998 37.0607 18.7967 5.11367 184.4
48.4998 37.0665 18.8496 5.12235 184.347
48.5998 37.0722 18.9027 5.13101 184.294
48.6998 37.0778 18.9558 5.13967 184.241
48.7998 37.0832 19.009 5.14832 184.188
48.8998 37.0884 19.0623 5.15695 184.135
48.9998 37.0935 19.1156 5.16557 184.081
49.0998 37.0985 19.1691 5.17418 184.028
49.1998 37.1032 19.2226 5.18278 183.974
49.2998 37.1079 19.2762 5.19136 183.921
49.3998 37.1124 19.3299 5.19993 183.867
49.4998 37.1167 19.3836 5.20849 183.813
49.5998 37.1209 19.4375 5.21704 183.759
49.6998 37.1249 19.4914 5.22558 183.706
49.7998 37.1288 19.5454 5.23411 183.652
49.8998 37.1325 19.5995 5.24262 183.597
49.9998 37.1361 19.6536 5.25112 183.543
50.0998 37.1395 19.7079 5.25961 183.489
50.1998 37.1428 19.7622 5.26809 183.435
50.2998 37.1459 19.8166 5.27655 183.38
50.3998 37.1489 19.8711 5.285 183.326
50.4998 37.1518 19.9256 5.29344 183.271
50.5998 37.1545 19.9803 5.30187 183.217
50.6998 37.157 20.035 5.31028 183.162
50.7998 37.1594 20.0898 5.31869 183.107
50.8998 37.1617 20.1446 5.32708 183.052
50.9998 37.1638 20.1996 5.33546 182.997
51.0998 37.1658 20.2546 5.34382 182.942
51.1998 37.1677 20.3097 5.35218 182.887
51.2998 37.1694 20.3649 5.36052 182.832
51.3998 37.1709 20.4201 5.36885 182.777
51.4998 37.1724 20.4755 5.37716 182.721
51.5998 37.1736 20.5309 5.38547 182.666
51.6998 37.1748 20.5864 5.39376 182.611
51.7998 37.1758 20.6419 5.40204 182.555
51.8998 37.1767 20.6976 5.4103 182.499
51.9998 37.1774 20.7533 5.41855 182.444
52.0998 37.178 20.8091 5.42679 182.388
52.1998 37.1785 20.865 5.43502 182.332
52.2998 37.1788 20.9209 5.44324 182.276
52.3998 37.179 20.9769 5.45144 182.22
52.4998 37.1791 21.033 5.45963 182.164
52.5998 37.179 21.0892 5.46781 182.108
52.6998 37.1788 21.1454 5.47597 182.051
52.7998 37.1784 21.2018 5.48412 181.995
52.8998 37.178 21.2581 5.49226 181.939
52.9998 37.1774 21.3146 5.50039 181.882
53.0998 37.1766 21.3712 5.5085 181.826
53.1998 37.1758 21.4278 5.5166 181.769
53.2998 37.1748 21.4845 5.52469 181.712
53.3998 37.1737 21.5412 5.53276 181.656
53.4998 37.1724 21.5981 5.54082 181.599
53.5998 37.171 21.655 5.54887 181.542
53.6998 37.1695 21.712 5.55691 181.485
53.7998 37.1679 21.769 5.56493 181.428
53.8997 37.1661 21.8262 5.57294 181.371
53.9997 37.1642 21.8834 5.58093 181.314
54.0997 37.1622 21.9406 5.58892 181.256
54.1997 37.1601 21.998 5.59689 181.199
54.2997 37.1578 22.0554 5.60484 181.142
54.3997 37.1554 22.1129 5.61278 181.084
54.4997 37.1529 22.1705 5.62071 181.026
54.5997 37.1503 22.2281 5.62863 180.969
54.6997 37.1475 22.2858 5.63653 180.911
54.7997 37.1447 22.3436 5.64442 180.853
54.8997 37.1417 22.4015 5.6523 180.795
54.9997 37.1385 22.4594 5.66016 180.738
55.0997 37.1353 22.5174 5.66801 180.68
55.1997 37.1319 22.5754 5.67585 180.621
55.2997 37.1285 22.6336 5.68367 180.563
55.3997 37.1248 22.6918 5.69148 180.505
55.4997 37.1211 22.7501 5.69928 180.447
55.5997 37.1173 22.8084 5.70706 180.389
55.6997 37.1133 22.8668 5.71483 180.33
55.7997 37.1093 22.9253 5.72259 180.272
55.8997 37.1051 22.9839 5.73033 180.213
55.9997 37.1008 23.0425 5.73806 180.154
56.0997 37.0963 23.1012 5.74577 180.096
56.1997 37.0918 23.1599 5.75347 180.037
56.2997 37.0871 23.2188 5.76116 179.978
56.3997 37.0824 23.2777 5.76883 179.919
56.4997 37.0775 23.3366 5.77649 179.86
56.5997 37.0725 23.3957 5.78414 179.801
56.6997 37.0674 23.4548 5.79177 179.742
56.7997 37.0621 23.5139 5.79939 179.683
56.8997 37.0568 23.5732 5.80699 179.624
56.9997 37.0513 23.6325 5.81458 179.564
57.0997 37.0458 23.6919 5.82216 179.505
57.1997 37.0401 23.7513 5.82972 179.446
57.2997 37.0343 23.8108 5.83727 179.386
57.3997 37.0284 23.8704 5.84481 179.327
57.4997 37.0224 23.93 5.85233 179.267
57.5997 37.0163 23.9897 5.85984 179.207
57.6997 37.0101 24.0495 5.86733 179.147
57.7997 37.0038 24.1093 5.87481 179.088
57.8997 36.9973 24.1692 5.88227 179.028
57.9997 36.9908 24.2292 5.88972 178.968
58.0997 36.9841 24.2892 5.89716 178.908
58.1997 36.9774 24.3493 5.90458 178.848
58.2997 36.9705 24.4095 5.91199 178.787
58.3997 36.9635 24.4697 5.91938 178.727
58.4997 36.9564 24.53 5.92676 178.667
58.5997 36.9492 24.5904 5.93413 178.607
58.6997 36.942 24.6508 5.94148 178.546
58.7997 36.9346 24.7113 5.94882 178.486
58.8997 36.9271 24.7719 5.95614 178.425
58.9997 36.9195 24.8325 5.96345 178.364
59.0997 36.9118 24.8932 5.97074 178.304
59.1997 36.9039 24.9539 5.97802 178.243
59.2997 36.896 25.0147 5.98529 178.182
59.3997 36.888 25.0756 5.99254 178.121
59.4997 36.8799 25.1365 5.99977 178.06
59.5997 36.8717 25.1975 6.00699 177.999
59.6997 36.8634 25.2586 6.0142 177.938
59.7997 36.8549 25.3197 6.02139 177.877
59.8997 36.8464 25.3809 6.02857 177.816
59.9997 36.8378 25.4421 6.03573 177.755
60.0997 36.8291 25.5034 6.04288 177.694
60.1997 36.8203 25.5648 6.05002 177.632
60.2997 36.8114 25.6262 6.05714 177.571
60.3997 36.8023 25.6877 6.06424 177.509
60.4996 36.7932 25.7492 6.07133 177.448
60.5996 36.784 25.8109 6.0784 177.386
60.6996 36.7747 25.8725 6.08547 177.324
60.7996 36.7653 25.9343 6.09251 177.263
60.8996 36.7558 25.9961 6.09954 177.201
60.9996 36.7462 26.0579 6.10656 177.139
61.0996 36.7365 26.1198 6.11356 177.077
61.1996 36.7267 26.1818 6.12054 177.015
61.2996 36.7169 26.2438 6.12751 176.953
61.3996 36.7069 26.3059 6.13447 176.891
61.4996 36.6968 26.3681 6.14141 176.829
61.5996 36.6866 26.4303 6.14834 176.767
61.6996 36.6764 26.4925 6.15525 176.704
61.7996 36.666 26.5549 6.16214 176.642
61.8996 36.6556 26.6173 6.16902 176.58
61.9996 36.645 26.6797 6.17589 176.517
62.0996 36.6344 26.7422 6.18274 176.455
62.1996 36.6237 26.8048 6.18958 176.392
62.2996 36.6129 26.8674 6.1964 176.33
62.3996 36.602 26.9301 6.2032 176.267
62.4996 36.591 26.9928 6.20999 176.204
62.5996 36.5799 27.0556 6.21677 176.141
62.6996 36.5687 27.1184 6.22352 176.079
62.7996 36.5575 27.1813 6.23027 176.016
62.8996 36.5461 27.2443 6.237 175.953
62.9996 36.5347 27.3073 6.24371 175.89
63.0996 36.5231 27.3704 6.25041 175.827
63.1996 36.5115 27.4335 6.25709 175.763
63.2996 36.4998 27.4967 6.26376 175.7
63.3996 36.488 27.5599 6.27041 175.637
63.4996 36.4761 27.6232 6.27704 175.574
63.5996 36.4642 27.6865 6.28366 175.51
63.6996 36.4521 27.7499 6.29027 175.447
63.7996 36.44 27.8134 6.29686 175.384
63.8996 36.4277 27.8769 6.30343 175.32
63.9996 36.4154 27.9405 6.30999 175.256
64.0996 36.403 28.0041 6.31653 175.193
64.1996 36.3905 28.0678 6.32306 175.129
64.2996 36.378 28.1315 6.32957 175.065
64.3996 36.3653 28.1953 6.33607 175.002
64.4996 36.3526 28.2591 6.34255 174.938
64.5996 36.3397 28.323 6.34901 174.874
64.6996 36.3268 28.387 6.35546 174.81
64.7996 36.3138 28.4509 6.36189 174.746
64.8996 36.3008 28.515 6.36831 174.682
64.9996 36.2876 28.5791 6.37471 174.618
65.0996 36.2744 28.6432 6.38109 174.554
65.1996 36.2611 28.7074 6.38746 174.489
65.2996 36.2477 28.7717 6.39382 174.425
65.3996 36.2342 28.836 6.40015 174.361
65.4996 36.2206 28.9004 6.40647 174.297
65.5996 36.207 28.9648 6.41278 174.232
65.6996 36.1932 29.0292 6.41907 174.168
65.7996 36.1794 29.0937 6.42534 174.103
65.8996 36.1655 29.1583 6.4316 174.039
65.9996 36.1516 29.2229 6.43784 173.974
66.0996 36.1375 29.2876 6.44406 173.909
66.1996 36.1234 29.3523 6.45027 173.845
66.2996 36.1092 29.4171 6.45646 173.78
66.3996 36.0949 29.4819 6.46264 173.715
66.4996 36.0806 29.5467 6.4688 173.65
66.5996 36.0661 29.6116 6.47494 173.585
66.6996 36.0516 29.6766 6.48107 173.52
66.7996 36.037 29.7416 6.48718 173.455
66.8996 36.0223 29.8067 6.49328 173.39
66.9995 36.0076 29.8718 6.49936 173.325
67.0995 35.9928 29.9369 6.50542 173.26
67.1995 35.9779 30.0021 6.51146 173.195
67.2995 35.9629 30.0674 6.51749 173.13
67.3995 35.9479 30.1327 6.52351 173.064
67.4995 35.9327 30.198 6.5295 172.999
67.5995 35.9175 30.2634 6.53548 172.934
67.6995 35.9023 30.3288 6.54145 172.868
67.7995 35.8869 30.3943 6.54739 172.803
67.8995 35.8715 30.4599 6.55332 172.737
67.9995 35.856 30.5254 6.55924 172.671
68.0995 35.8404 30.5911 6.56513 172.606
68.1995 35.8248 30.6567 6.57101 172.54
68.2995 35.809 30.7225 6.57688 172.474
68.3995 35.7932 30.7882 6.58273 172.409
68.4995 35.7774 30.854 6.58856 172.343
68.5995 35.7614 30.9199 6.59437 172.277
68.6995 35.7454 30.9858 6.60017 172.211
68.7995 35.7294 31.0517 6.60595 172.145
68.8995 35.7132 31.1177 6.61171 172.079
68.9995 35.697 31.1837 6.61746 172.013
69.0995 35.6807 31.2498 6.62319 171.947
69.1995 35.6643 31.3159 6.6289 171.881
69.2995 35.6479 31.3821 6.63459 171.815
69.3995 35.6314 31.4483 6.64027 171.749
69.4995 35.6148 31.5146 6.64593 171.682
69.5995 35.5981 31.5809 6.65158 171.616
69.6995 35.5814 31.6472 6.65721 171.55
69.7995 35.5646 31.7136 6.66282 171.483
69.8995 35.5478 31.78 6.66841 171.417
69.9995 35.5309 31.8465 6.67399 171.35
70.0995 35.5139 31.913 6.67955 171.284
70.1995 35.4968 31.9795 6.68509 171.217
70.2995 35.4797 32.0461 6.69062 171.151
70.3995 35.4625 32.1127 6.69612 171.084
70.4995 35.4452 32.1794 6.70161 171.018
70.5995 35.4279 32.2461 6.70709 170.951
70.6995 35.4105 32.3129 6.71255 170.884
70.7995 35.393 32.3797 6.71798 170.817
70.8995 35.3755 32.4465 6.72341 170.75
70.9995 35.3579 32.5134 6.72881 170.684
71.0995 35.3402 32.5803 6.7342 170.617
71.1995 35.3225 32.6473 6.73957 170.55
71.2995 35.3047 32.7143 6.74492 170.483
71.3995 35.2868 32.7813 6.75026 170.416
71.4995 35.2689 32.8484 6.75557 170.349
71.5995 35.2509 32.9155 6.76087 170.281
71.6995 35.2328 32.9827 6.76616 170.214
71.7995 35.2147 33.0499 6.77142 170.147
71.8995 35.1965 33.1171 6.77667 170.08
71.9995 35.1783 33.1844 6.7819 170.013
72.0995 35.1599 33.2517 6.78711 169.945
72.1995 35.1416 33.319 6.79231 169.878
72.2995 35.1231 33.3864 6.79748 169.811
72.3995 35.1046 33.4538 6.80264 169.743
72.4995 35.086 33.5213 6.80778 169.676
72.5995 35.0674 33.5888 6.81291 169.608
72.6995 35.0487 33.6563 6.81802 169.541
72.7995 35.03 33.7239 6.8231 169.473
72.8995 35.0111 33.7915 6.82817 169.405
72.9995 34.9923 33.8592 6.83323 169.338
73.0995 34.9733 33.9268 6.83826 169.27
73.1995 34.9543 33.9946 6.84328 169.202
73.2995 34.9352 34.0623 6.84828 169.135
73.3995 34.9161 34.1301 6.85326 169.067
73.4995 34.8969 34.1979 6.85823 168.999
73.5994 34.8777 34.2658 6.86317 168.931
73.6994 34.8584 34.3337 6.8681 168.863
73.7994 34.839 34.4016 6.87301 168.795
73.8994 34.8196 34.4696 6.8779 168.727
73.9994 34.8001 34.5376 6.88277 168.659
74.0994 34.7805 34.6056 6.88763 168.591
74.1994 34.7609 34.6737 6.89247 168.523
74.2994 34.7413 34.7418 6.89729 168.455
74.3994 34.7215 34.8099 6.90209 168.387
74.4994 34.7017 34.878 6.90687 168.319
74.5994 34.6819 34.9462 6.91164 168.251
74.6994 34.662 35.0145 6.91638 168.182
74.7994 34.642 35.0827 6.92111 168.114
74.8994 34.622 35.151 6.92582 168.046
74.9994 34.6019 35.2194 6.93052 167.978
75.0994 34.5818 35.2877 6.93519 167.909
75.1994 34.5616 35.3561 6.93984 167.841
75.2994 34.5414 35.4245 6.94448 167.772
75.3994 34.5211 35.493 6.9491 167.704
75.4994 34.5007 35.5615 6.9537 167.635
75.5994 34.4803 35.63 6.95828 167.567
75.6994 34.4598 35.6985 6.96285 167.498
75.7994 34.4393 35.7671 6.96739 167.43
75.8994 34.4187 35.8357 6.97192 167.361
75.9994 34.398 35.9044 6.97643 167.293
76.0994 34.3773 35.973 6.98092 167.224
76.1994 34.3566 36.0417 6.98539 167.155
76.2994 34.3358 36.1104 6.98984 167.086
76.3994 34.3149 36.1792 6.99427 167.018
76.4994 34.294 36.248 6.99869 166.949
76.5994 34.273 36.3168 7.00308 166.88
76.6994 34.252 36.3856 7.00746 166.811
76.7994 34.2309 36.4545 7.01182 166.742
76.8994 34.2098 36.5234 7.01616 166.674
76.9994 34.1886 36.5923 7.02048 166.605
77.0994 34.1673 36.6613 7.02479 166.536
77.1994 34.146 36.7303 7.02907 166.467
77.2994 34.1247 36.7993 7.03334 166.398
77.3994 34.1033 36.8683 7.03758 166.329
77.4994 34.0818 36.9374 7.04181 166.26
77.5994 34.0603 37.0065 7.04602 166.19
77.6994 34.0387 37.0756 7.05021 166.121
77.7994 34.0171 37.1447 7.05438 166.052
77.8994 33.9955 37.2139 7.05853 165.983
77.9994 33.9737 37.2831 7.06266 165.914
78.0994 33.952 37.3523 7.06678 165.845
78.1994 33.9301 37.4216 7.07087 165.775
78.2994 33.9083 37.4908 7.07495 165.706
78.3994 33.8863 37.5601 7.07901 165.637
78.4994 33.8644 37.6295 7.08304 165.567
78.5994 33.8423 37.6988 7.08706 165.498
78.6994 33.8203 37.7682 7.09106 165.429
78.7994 33.7981 37.8376 7.09504 165.359
78.8994 33.7759 37.907 7.099 165.29
78.9994 33.7537 37.9764 7.10294 165.22
79.0994 33.7314 38.0459 7.10687 165.151
79.1994 33.7091 38.1154 7.11077 165.082
79.2994 33.6867 38.1849 7.11466 165.012
79.3994 33.6643 38.2544 7.11852 164.942
79.4994 33.6418 38.324 7.12237 164.873
79.5994 33.6193 38.3936 7.12619 164.803
79.6994 33.5967 38.4632 7.13 164.734
79.7994 33.5741 38.5328 7.13379 164.664
79.8994 33.5514 38.6024 7.13755 164.594
79.9994 33.5286 38.6721 7.1413 164.525
80.0993 33.5059 38.7418 7.14503 164.455
80.1993 33.483 38.8115 7.14874 164.385
80.2993 33.4602 38.8812 7.15243 164.316
80.3993 33.4373 38.951 7.1561 164.246
80.4993 33.4143 39.0208 7.15975 164.176
80.5993 33.3913 39.0906 7.16339 164.106
80.6993 33.3682 39.1604 7.167 164.037
80.7993 33.3451 39.2302 7.17059 163.967
80.8993 33.3219 39.3001 7.17416 163.897
80.9993 33.2987 39.3699 7.17772 163.827
81.0993 33.2755 39.4398 7.18125 163.757
81.1993 33.2522 39.5097 7.18476 163.687
81.2993 33.2288 39.5797 7.18826 163.617
81.3993 33.2054 39.6496 7.19173 163.547
81.4993 33.182 39.7196 7.19519 163.477
81.5993 33.1585 39.7896 7.19862 163.407
81.6993 33.135 39.8596 7.20204 163.337
81.7993 33.1114 39.9296 7.20543 163.267
81.8993 33.0878 39.9996 7.20881 163.197
81.9993 33.0641 40.0697 7.21216 163.127
82.0993 33.0404 40.1398 7.2155 163.057
82.1993 33.0166 40.2099 7.21881 162.987
82.2993 32.9928 40.28 7.22211 162.917
82.3993 32.969 40.3501 7.22538 162.847
82.4993 32.9451 40.4202 7.22864 162.777
82.5993 32.9211 40.4904 7.23187 162.707
82.6993 32.8972 40.5606 7.23509 162.636
82.7993 32.8731 40.6308 7.23829 162.566
82.8993 32.8491 40.701 7.24146 162.496
82.9993 32.8249 40.7712 7.24462 162.426
83.0993 32.8008 40.8414 7.24775 162.356
83.1993 32.7766 40.9117 7.25087 162.285
83.2993 32.7523 40.9819 7.25396 162.215
83.3993 32.728 41.0522 7.25704 162.145
83.4993 32.7037 41.1225 7.26009 162.074
83.5993 32.6793 41.1928 7.26312 162.004
83.6993 32.6549 41.2631 7.26614 161.934
83.7993 32.6304 41.3335 7.26913 161.863
83.8993 32.6059 41.4038 7.27211 161.793
83.9993 32.5814 41.4742 7.27506 161.723
84.0993 32.5568 41.5445 7.27799 161.652
84.1993 32.5321 41.6149 7.2809 161.582
84.2993 32.5075 41.6853 7.2838 161.512
84.3993 32.4827 41.7557 7.28667 161.441
84.4993 32.458 41.8262 7.28952 161.371
84.5993 32.4332 41.8966 7.29235 161.3
84.6993 32.4083 41.967 7.29516 161.23
84.7993 32.3834 42.0375 7.29795 161.159
84.8993 32.3585 42.108 7.30072 161.089
84.9993 32.3335 42.1784 7.30347 161.018
85.0993 32.3085 42.2489 7.3062 160.948
85.1993 32.2835 42.3194 7.3089 160.877
85.2993 32.2584 42.3899 7.31159 160.807
85.3993 32.2333 42.4605 7.31426 160.736
85.4993 32.2081 42.531 7.3169 160.666
85.5993 32.1829 42.6015 7.31953 160.595
85.6993 32.1576 42.6721 7.32213 160.525
85.7993 32.1323 42.7426 7.32472 160.454
85.8993 32.107 42.8132 7.32728 160.384
85.9993 32.0816 42.8838 7.32982 160.313
86.0993 32.0562 42.9544 7.33234 160.243
86.1993 32.0307 43.025 7.33485 160.172
86.2993 32.0052 43.0956 7.33733 160.101
86.3993 31.9797 43.1662 7.33978 160.031
86.4993 31.9541 43.2368 7.34222 159.96
86.5993 31.9285 43.3074 7.34464 159.889
86.6992 31.9029 43.3781 7.34704 159.819
86.7992 31.8772 43.4487 7.34941 159.748
86.8992 31.8514 43.5194 7.35177 159.678
86.9992 31.8257 43.59 7.3541 159.607
87.0992 31.7998 43.6607 7.35641 159.536
87.1992 31.774 43.7313 7.35871 159.466
87.2992 31.7481 43.802 7.36098 159.395
87.3992 31.7222 43.8727 7.36323 159.324
87.4992 31.6962 43.9434 7.36546 159.254
87.5992 31.6702 44.0141 7.36766 159.183
87.6992 31.6442 44.0848 7.36985 159.112
87.7992 31.6181 44.1555 7.37201 159.041
87.8992 31.592 44.2262 7.37416 158.971
87.9992 31.5659 44.2969 7.37628 158.9
88.0992 31.5397 44.3676 7.37838 158.829
88.1992 31.5134 44.4383 7.38047 158.759
88.2992 31.4872 44.509 7.38252 158.688
88.3992 31.4609 44.5797 7.38456 158.617
88.4992 31.4345 44.6505 7.38658 158.546
88.5992 31.4082 44.7212 7.38858 158.476
88.6992 31.3818 44.7919 7.39055 158.405
88.7992 31.3553 44.8627 7.3925 158.334
88.8992 31.3288 44.9334 7.39444 158.264
88.9992 31.3023 45.0042 7.39635 158.193
89.0992 31.2757 45.0749 7.39824 158.122
89.1992 31.2492 45.1456 7.4001 158.051
89.2992 31.2225 45.2164 7.40195 157.981
89.3992 31.1959 45.2871 7.40377 157.91
89.4992 31.1692 45.3579 7.40558 157.839
89.5992 31.1424 45.4286 7.40736 157.768
89.6992 31.1157 45.4994 7.40912 157.698
89.7992 31.0888 45.5702 7.41086 157.627
89.8992 31.062 45.6409 7.41258 157.556
89.9992 31.0351 45.7117 7.41427 157.485
90.0992 31.0082 45.7824 7.41595 157.415
90.1992 30.9813 45.8532 7.4176 157.344
90.2992 30.9543 45.9239 7.41923 157.273
90.3992 30.9273 45.9947 7.42084 157.202
90.4992 30.9002 46.0654 7.42243 157.131
90.5992 30.8731 46.1362 7.42399 157.061
90.6992 30.846 46.2069 7.42554 156.99
90.7992 30.8189 46.2777 7.42706 156.919
90.8992 30.7917 46.3484 7.42856 156.849
90.9992 30.7644 46.4192 7.43004 156.778
91.0992 30.7372 46.4899 7.4315 156.707
91.1992 30.7099 46.5607 7.43294 156.636
91.2992 30.6826 46.6314 7.43435 156.566
91.3992 30.6552 46.7021 7.43574 156.495
91.4992 30.6278 46.7729 7.43711 156.424
91.5992 30.6004 46.8436 7.43846 156.353
91.6992 30.5729 46.9143 7.43979 156.283
91.7992 30.5454 46.985 7.44109 156.212
91.8992 30.5179 47.0557 7.44237 156.141
91.9992 30.4903 47.1265 7.44364 156.07
92.0992 30.4628 47.1972 7.44487 156
92.1992 30.4351 47.2679 7.44609 155.929
92.2992 30.4075 47.3386 7.44729 155.858
92.3992 30.3798 47.4093 7.44846 155.788
92.4992 30.3521 47.48 7.44961 155.717
92.5992 30.3243 47.5506 7.45074 155.646
92.6992 30.2965 47.6213 7.45185 155.576
92.7992 30.2687 47.692 7.45293 155.505
92.8992 30.2408 47.7627 7.45399 155.434
92.9992 30.213 47.8333 7.45503 155.364
93.0992 30.185 47.904 7.45605 155.293
93.1992 30.1571 47.9746 7.45705 155.222
93.2991 30.1291 48.0453 7.45802 155.152
93.3991 30.1011 48.1159 7.45897 155.081
93.4991 30.0731 48.1865 7.4599 155.01
93.5991 30.045 48.2571 7.46081 154.94
93.6991 30.0169 48.3278 7.46169 154.869
93.7991 29.9887 48.3984 7.46256 154.799
93.8991 29.9606 48.469 7.4634 154.728
93.9991 29.9324 48.5395 7.46422 154.657
94.0991 29.9041 48.6101 7.46501 154.587
94.1991 29.8759 48.6807 7.46579 154.516
94.2991 29.8476 48.7512 7.46654 154.446
94.3991 29.8192 48.8218 7.46727 154.375
94.4991 29.7909 48.8923 7.46797 154.305
94.5991 29.7625 48.9629 7.46866 154.234
94.6991 29.7341 49.0334 7.46932 154.164
94.7991 29.7056 49.1039 7.46996 154.093
94.8991 29.6772 49.1744 7.47057 154.023
94.9991 29.6487 49.2449 7.47117 153.952
95.0991 29.6201 49.3154 7.47174 153.882
95.1991 29.5916 49.3858 7.47229 153.811
95.2991 29.563 49.4563 7.47282 153.741
95.3991 29.5343 49.5267 7.47332 153.67
95.4991 29.5057 49.5972 7.4738 153.6
95.5991 29.477 49.6676 7.47426 153.529
95.6991 29.4483 49.738 7.4747 153.459
95.7991 29.4195 49.8084 7.47511 153.389
95.8991 29.3908 49.8788 7.4755 153.318
95.9991 29.362 49.9492 7.47587 153.248
96.0991 29.3331 50.0195 7.47622 153.177
96.1991 29.3043 50.0899 7.47654 153.107
96.2991 29.2754 50.1602 7.47684 153.037
96.3991 29.2465 50.2305 7.47712 152.966
96.4991 29.2175 50.3008 7.47737 152.896
96.5991 29.1885 50.3711 7.47761 152.826
96.6991 29.1595 50.4414 7.47782 152.756
96.7991 29.1305 50.5117 7.478 152.685
96.8991 29.1014 50.5819 7.47817 152.615
96.9991 29.0723 50.6522 7.47831 152.545
97.0991 29.0432 50.7224 7.47843 152.475
97.1991 29.0141 50.7926 7.47852 152.404
97.2991 28.9849 50.8628 7.47859 152.334
97.3991 28.9557 50.9329 7.47864 152.264
97.4991 28.9265 51.0031 7.47867 152.194
97.5991 28.8972 51.0732 7.47868 152.124
97.6991 28.8679 51.1434 7.47866 152.054
97.7991 28.8386 51.2135 7.47861 151.983
97.8991 28.8093 51.2836 7.47855 151.913
97.9991 28.7799 51.3536 7.47846 151.843
98.0991 28.7505 51.4237 7.47835 151.773
98.1991 28.7211 51.4937 7.47822 151.703
98.2991 28.6916 51.5638 7.47806 151.633
98.3991 28.6621 51.6338 7.47788 151.563
98.4991 28.6326 51.7037 7.47768 151.493
98.5991 28.6031 51.7737 7.47745 151.423
98.6991 28.5735 51.8437 7.4772 151.353
98.7991 28.544 51.9136 7.47693 151.283
98.8991 28.5143 51.9835 7.47663 151.213
98.9991 28.4847 52.0534 7.47632 151.144
99.0991 28.455 52.1233 7.47597 151.074
99.1991 28.4253 52.1931 7.47561 151.004
99.2991 28.3956 52.263 7.47522 150.934
99.3991 28.3659 52.3328 7.47481 150.864
99.4991 28.3361 52.4026 7.47438 150.794
99.5991 28.3063 52.4723 7.47392 150.725
99.6991 28.2765 52.5421 7.47344 150.655
99.799 28.2466 52.6118 7.47293 150.585
99.899 28.2167 52.6815 7.47241 150.515
99.999 28.1868 52.7512 7.47186 150.446
100.099 28.1569 52.8209 7.47128 150.376
100.199 28.127 52.8906 7.47069 150.306
100.299 28.097 52.9602 7.47007 150.237
100.399 28.067 53.0298 7.46942 150.167
100.499 28.0369 53.0994 7.46875 150.098
100.599 28.0069 53.1689 7.46806 150.028
100.699 27.9768 53.2385 7.46735 149.958
100.799 27.9467 53.308 7.46661 149.889
100.899 27.9166 53.3775 7.46585 149.819
100.999 27.8864 53.4469 7.46507 149.75
101.099 27.8562 53.5164 7.46426 149.681
101.199 27.826 53.5858 7.46343 149.611
101.299 27.7958 53.6552 7.46258 149.542
101.399 27.7655 53.7246 7.4617 149.472
101.499 27.7352 53.7939 7.4608 149.403
101.599 27.7049 53.8632 7.45987 149.334
101.699 27.6746 53.9325 7.45892 149.264
101.799 27.6442 54.0018 7.45795 149.195
101.899 27.6139 54.071 7.45696 149.126
101.999 27.5835 54.1403 7.45594 149.057
102.099 27.553 54.2095 7.45489 148.987
102.199 27.5226 54.2786 7.45383 148.918
102.299 27.4921 54.3478 7.45274 148.849
102.399 27.4616 54.4169 7.45162 148.78
102.499 27.4311 54.486 7.45049 148.711
102.599 27.4005 54.555 7.44933 148.642
102.699 27.3699 54.6241 7.44814 148.573
102.799 27.3393 54.6931 7.44693 148.504
102.899 27.3087 54.7621 7.4457 148.435
102.999 27.2781 54.831 7.44445 148.366
103.099 27.2474 54.8999 7.44317 148.297
103.199 27.2167 54.9688 7.44187 148.228
103.299 27.186 55.0377 7.44054 148.159
103.399 27.1553 55.1066 7.43919 148.09
103.499 27.1245 55.1754 7.43782 148.022
103.599 27.0937 55.2442 7.43642 147.953
103.699 27.0629 55.3129 7.435 147.884
103.799 27.0321 55.3816 7.43355 147.815
103.899 27.0012 55.4503 7.43208 147.747
103.999 26.9703 55.519 7.43059 147.678
104.099 26.9394 55.5876 7.42907 147.609
104.199 26.9085 55.6563 7.42753 147.541
104.299 26.8776 55.7248 7.42597 147.472
104.399 26.8466 55.7934 7.42438 147.404
104.499 26.8156 55.8619 7.42277 147.335
104.599 26.7846 55.9304 7.42113 147.267
104.699 26.7536 55.9988 7.41947 147.198
104.799 26.7225 56.0673 7.41779 147.13
104.899 26.6914 56.1356 7.41608 147.061
104.999 26.6603 56.204 7.41435 146.993
105.099 26.6292 56.2723 7.41259 146.925
105.199 26.598 56.3406 7.41081 146.856
105.299 26.5669 56.4089 7.40901 146.788
105.399 26.5357 56.4771 7.40718 146.72
105.499 26.5045 56.5453 7.40533 146.652
105.599 26.4732 56.6135 7.40346 146.583
105.699 26.442 56.6816 7.40156 146.515
105.799 26.4107 56.7497 7.39963 146.447
105.899 26.3794 56.8178 7.39769 146.379
105.999 26.3481 56.8858 7.39572 146.311
106.099 26.3167 56.9538 7.39372 146.243
106.199 26.2853 57.0218 7.3917 146.175
106.299 26.254 57.0897 7.38966 146.107
106.399 26.2225 57.1576 7.38759 146.039
106.499 26.1911 57.2255 7.3855 145.971
106.599 26.1597 57.2933 7.38338 145.904
106.699 26.1282 57.3611 7.38124 145.836
106.799 26.0967 57.4288 7.37908 145.768
106.899 26.0652 57.4965 7.37689 145.7
106.999 26.0336 57.5642 7.37468 145.633
107.099 26.0021 57.6319 7.37244 145.565
107.199 25.9705 57.6995 7.37018 145.497
107.299 25.9389 57.767 7.36789 145.43
107.399 25.9073 57.8346 7.36559 145.362
107.499 25.8756 57.9021 7.36325 145.295
107.599 25.844 57.9695 7.3609 145.227
107.699 25.8123 58.037 7.35851 145.16
107.799 25.7806 58.1043 7.35611 145.093
107.899 25.7489 58.1717 7.35368 145.025
107.999 25.7171 58.239 7.35122 144.958
108.099 25.6854 58.3063 7.34875 144.891
108.199 25.6536 58.3735 7.34624 144.823
108.299 25.6218 58.4407 7.34372 144.756
108.399 25.5899 58.5079 7.34116 144.689
108.499 25.5581 58.575 7.33859 144.622
108.599 25.5262 58.6421 7.33599 144.555
108.699 25.4943 58.7091 7.33337 144.488
108.799 25.4624 58.7761 7.33072 144.421
108.899 25.4305 58.8431 7.32804 144.354
108.999 25.3986 58.91 7.32535 144.287
109.099 25.3666 58.9769 7.32263 144.22
109.199 25.3346 59.0437 7.31988 144.153
109.299 25.3026 59.1105 7.31711 144.086
109.399 25.2706 59.1773 7.31432 144.02
109.499 25.2386 59.244 7.3115 143.953
109.599 25.2065 59.3106 7.30865 143.886
109.699 25.1744 59.3773 7.30579 143.82
109.799 25.1423 59.4439 7.30289 143.753
109.899 25.1102 59.5104 7.29998 143.687
109.999 25.078 59.5769 7.29704 143.62
110.099 25.0459 59.6434 7.29407 143.554
110.199 25.0137 59.7098 7.29108 143.487
110.299 24.9815 59.7762 7.28807 143.421
110.399 24.9493 59.8425 7.28503 143.354
110.499 24.9171 59.9088 7.28197 143.288
110.599 24.8848 59.9751 7.27888 143.222
110.699 24.8525 60.0413 7.27577 143.156
110.799 24.8202 60.1075 7.27263 143.089
110.899 24.7879 60.1736 7.26947 143.023
110.999 24.7556 60.2397 7.26629 142.957
111.099 24.7232 60.3057 7.26308 142.891
111.199 24.6909 60.3717 7.25985 142.825
111.299 24.6585 60.4376 7.25659 142.759
111.399 24.6261 60.5035 7.25331 142.693
111.499 24.5937 60.5694 7.25 142.628
111.599 24.5612 60.6352 7.24667 142.562
111.699 24.5288 60.701 7.24331 142.496
111.799 24.4963 60.7667 7.23993 142.43
111.899 24.4638 60.8323 7.23652 142.365
111.999 24.4313 60.898 7.23309 142.299
112.099 24.3988 60.9636 7.22964 142.233
112.199 24.3662 61.0291 7.22616 142.168
112.299 24.3336 61.0946 7.22266 142.102
112.399 24.3011 61.16 7.21913 142.037
112.499 24.2684 61.2254 7.21558 141.972
112.599 24.2358 61.2908 7.212 141.906
112.699 24.2032 61.356 7.2084 141.841
112.799 24.1705 61.4213 7.20477 141.776
112.899 24.1379 61.4865 7.20112 141.71
112.999 24.1052 61.5517 7.19745 141.645
113.099 24.0725 61.6168 7.19375 141.58
113.199 24.0397 61.6818 7.19002 141.515
113.299 24.007 61.7468 7.18627 141.45
113.399 23.9742 61.8118 7.1825 141.385
113.499 23.9414 61.8767 7.1787 141.32
113.599 23.9086 61.9416 7.17488 141.255
113.699 23.8758 62.0064 7.17103 141.191
113.799 23.843 62.0711 7.16716 141.126
113.899 23.8101 62.1358 7.16326 141.061
113.999 23.7773 62.2005 7.15934 140.996
114.099 23.7444 62.2651 7.1554 140.932
114.199 23.7115 62.3297 7.15142 140.867
114.299 23.6786 62.3942 7.14743 140.803
114.399 23.6456 62.4587 7.14341 140.738
114.499 23.6127 62.5231 7.13937 140.674
114.599 23.5797 62.5874 7.1353 140.609
114.699 23.5467 62.6517 7.1312 140.545
114.799 23.5137 62.716 7.12708 140.481
114.899 23.4807 62.7802 7.12294 140.417
114.999 23.4477 62.8443 7.11877 140.353
115.099 23.4146 62.9084 7.11458 140.288
115.199 23.3816 62.9725 7.11037 140.224
115.299 23.3485 63.0365 7.10612 140.16
115.399 23.3154 63.1004 7.10186 140.096
115.499 23.2823 63.1643 7.09757 140.033
115.599 23.2491 63.2282 7.09325 139.969
115.699 23.216 63.2919 7.08891 139.905
115.799 23.1828 63.3557 7.08455 139.841
115.899 23.1496 63.4193 7.08016 139.778
115.999 23.1164 63.483 7.07574 139.714
116.099 23.0832 63.5465 7.0713 139.65
116.199 23.05 63.61 7.06684 139.587
116.299 23.0168 63.6735 7.06235 139.523
116.399 22.9835 63.7369 7.05784 139.46
116.499 22.9502 63.8003 7.0533 139.397
116.599 22.9169 63.8635 7.04874 139.333
116.699 22.8836 63.9268 7.04415 139.27
116.799 22.8503 63.99 7.03954 139.207
116.899 22.8169 64.0531 7.03491 139.144
116.999 22.7836 64.1162 7.03024 139.081
117.099 22.7502 64.1792 7.02556 139.018
117.199 22.7168 64.2421 7.02085 138.955
117.299 22.6834 64.305 7.01611 138.892
117.399 22.65 64.3679 7.01135 138.829
117.499 22.6166 64.4307 7.00657 138.766
117.599 22.5831 64.4934 7.00176 138.704
117.699 22.5497 64.5561 6.99693 138.641
117.799 22.5162 64.6187 6.99207 138.578
117.899 22.4827 64.6813 6.98719 138.516
117.999 22.4492 64.7438 6.98228 138.453
118.099 22.4156 64.8062 6.97735 138.391
118.199 22.3821 64.8686 6.97239 138.328
118.299 22.3485 64.9309 6.96741 138.266
118.399 22.315 64.9932 6.9624 138.204
118.499 22.2814 65.0554 6.95737 138.142
118.599 22.2478 65.1175 6.95232 138.079
118.699 22.2142 65.1796 6.94723 138.017
118.799 22.1805 65.2417 6.94213 137.955
118.899 22.1469 65.3036 6.937 137.893
118.999 22.1132 65.3656 6.93185 137.831
119.099 22.0795 65.4274 6.92667 137.77
119.199 22.0459 65.4892 6.92146 137.708
119.299 22.0122 65.5509 6.91623 137.646
119.399 21.9784 65.6126 6.91098 137.584
119.499 21.9447 65.6742 6.9057 137.523
119.599 21.9109 65.7358 6.9004 137.461
119.699 21.8772 65.7973 6.89507 137.4
119.799 21.8434 65.8587 6.88972 137.338
119.899 21.8096 65.9201 6.88435 137.277
119.999 21.7758 65.9814 6.87895 137.216
120.099 21.742 66.0426 6.87352 137.154
120.199 21.7082 66.1038 6.86807 137.093
120.299 21.6743 66.1649 6.86259 137.032
120.399 21.6404 66.226 6.8571 136.971
120.499 21.6066 66.287 6.85157 136.91
120.599 21.5727 66.3479 6.84602 136.849
120.699 21.5388 66.4088 6.84045 136.788
120.799 21.5048 66.4696 6.83485 136.727
120.899 21.4709 66.5303 6.82923 136.667
120.999 21.437 66.591 6.82358 136.606
121.099 21.403 66.6516 6.81791 136.545
121.199 21.369 66.7122 6.81221 136.485
121.299 21.335 66.7727 6.80649 136.424
121.399 21.301 66.8331 6.80075 136.364
121.499 21.267 66.8935 6.79498 136.303
121.599 21.233 66.9538 6.78918 136.243
121.699 21.1989 67.014 6.78336 136.183
121.799 21.1649 67.0742 6.77752 136.123
121.899 21.1308 67.1343 6.77165 136.063
121.999 21.0967 67.1943 6.76576 136.003
122.099 21.0626 67.2543 6.75984 135.943
122.199 21.0285 67.3142 6.7539 135.883
122.299 20.9944 67.374 6.74793 135.823
122.399 20.9602 67.4338 6.74194 135.763
122.499 20.9261 67.4935 6.73592 135.703
122.599 20.8919 67.5531 6.72988 135.644
122.699 20.8577 67.6127 6.72382 135.584
122.799 20.8235 67.6722 6.71773 135.525
122.899 20.7893 67.7317 6.71161 135.465
122.999 20.7551 67.791 6.70547 135.406
123.099 20.7209 67.8503 6.69931 135.347
123.199 20.6866 67.9096 6.69312 135.287
123.299 20.6524 67.9687 6.68691 135.228
123.399 20.6181 68.0279 6.68067 135.169
123.499 20.5838 68.0869 6.67441 135.11
123.599 20.5495 68.1459 6.66813 135.051
123.699 20.5152 68.2048 6.66182 134.992
123.799 20.4809 68.2636 6.65548 134.933
123.899 20.4466 68.3223 6.64912 134.875
123.999 20.4122 68.381 6.64274 134.816
124.099 20.3779 68.4397 6.63633 134.757
124.199 20.3435 68.4982 6.6299 134.699
124.299 20.3091 68.5567 6.62344 134.64
124.399 20.2747 68.6151 6.61696 134.582
124.499 20.2403 68.6735 6.61046 134.523
124.599 20.2059 68.7317 6.60393 134.465
124.699 20.1714 68.79 6.59737 134.407
124.799 20.137 68.8481 6.59079 134.349
124.899 20.1025 68.9062 6.58419 134.291
124.999 20.068 68.9641 6.57756 134.233
125.099 20.0336 69.0221 6.57091 134.175
125.199 19.9991 69.0799 6.56423 134.117
125.299 19.9645 69.1377 6.55753 134.059
125.399 19.93 69.1954 6.55081 134.002
125.499 19.8955 69.2531 6.54406 133.944
125.599 19.8609 69.3106 6.53728 133.886
125.699 19.8264 69.3681 6.53049 133.829
125.799 19.7918 69.4255 6.52366 133.771
125.899 19.7572 69.4829 6.51682 133.714
125.999 19.7226 69.5402 6.50995 133.657
126.099 19.688 69.5974 6.50305 133.6
126.199 19.6534 69.6545 6.49613 133.542
126.299 19.6188 69.7116 6.48919 133.485
126.399 19.5841 69.7686 6.48222 133.428
126.499 19.5495 69.8255 6.47523 133.371
126.599 19.5148 69.8823 6.46821 133.315
126.699 19.4801 69.9391 6.46117 133.258
126.799 19.4454 69.9958 6.45411 133.201
126.899 19.4107 70.0524 6.44702 133.145
126.999 19.376 70.1089 6.43991 133.088
127.099 19.3413 70.1654 6.43277 133.032
127.199 19.3066 70.2218 6.42561 132.975
127.299 19.2718 70.2781 6.41842 132.919
127.399 19.237 70.3344 6.41121 132.863
127.499 19.2023 70.3905 6.40398 132.806
127.599 19.1675 70.4466 6.39672 132.75
127.699 19.1327 70.5027 6.38944 132.694
127.799 19.0979 70.5586 6.38213 132.638
127.899 19.0631 70.6145 6.3748 132.582
127.999 19.0282 70.6703 6.36745 132.527
128.099 18.9934 70.726 6.36007 132.471
128.199 18.9585 70.7816 6.35267 132.415
128.299 18.9237 70.8372 6.34524 132.36
128.399 18.8888 70.8927 6.33779 132.304
128.499 18.8539 70.9481 6.33031 132.249
128.599 18.819 71.0035 6.32282 132.193
128.699 18.7841 71.0587 6.31529 132.138
128.799 18.7492 71.1139 6.30775 132.083
128.899 18.7142 71.169 6.30018 132.028
128.999 18.6793 71.224 6.29258 131.973
129.099 18.6443 71.279 6.28496 131.918
129.199 18.6094 71.3339 6.27732 131.863
129.299 18.5744 71.3887 6.26965 131.808
129.399 18.5394 71.4434 6.26196 131.754
129.499 18.5044 71.498 6.25425 131.699
129.599 18.4694 71.5526 6.24651 131.644
129.699 18.4344 71.6071 6.23875 131.59
129.799 18.3994 71.6615 6.23096 131.535
129.899 18.3643 71.7158 6.22315 131.481
129.999 18.3293 71.77 6.21532 131.427
130.099 18.2942 71.8242 6.20746 131.373
130.199 18.2591 71.8783 6.19958 131.319
130.299 18.2241 71.9323 6.19168 131.265
130.399 18.189 71.9862 6.18375 131.211
130.499 18.1539 72.0401 6.1758 131.157
130.599 18.1187 72.0938 6.16782 131.103
130.699 18.0836 72.1475 6.15982 131.049
130.799 18.0485 72.2011 6.1518 130.996
130.899 18.0133 72.2547 6.14375 130.942
130.999 17.9782 72.3081 6.13568 130.889
131.099 17.943 72.3615 6.12759 130.835
131.199 17.9078 72.4148 6.11947 130.782
131.299 17.8726 72.468 6.11133 130.729
131.399 17.8374 72.5211 6.10316 130.676
131.499 17.8022 72.5741 6.09498 130.623
131.599 17.767 72.6271 6.08676 130.57
131.699 17.7318 72.6799 6.07853 130.517
131.799 17.6966 72.7327 6.07027 130.464
131.899 17.6613 72.7854 6.06199 130.411
131.999 17.626 72.8381 6.05368 130.359
132.099 17.5908 72.8906 6.04535 130.306
132.199 17.5555 72.9431 6.037 130.254
132.299 17.5202 72.9955 6.02863 130.201
132.399 17.4849 73.0478 6.02023 130.149
132.499 17.4496 73.1 6.0118 130.097
132.599 17.4143 73.1521 6.00336 130.045
132.699 17.379 73.2041 5.99489 129.993
132.799 17.3436 73.2561 5.98639 129.941
132.899 17.3083 73.308 5.97788 129.889
132.999 17.2729 73.3598 5.96934 129.837
133.099 17.2375 73.4115 5.96078 129.785
133.199 17.2022 73.4631 5.95219 129.734
133.299 17.1668 73.5146 5.94358 129.682
133.399 17.1314 73.5661 5.93495 129.631
133.499 17.096 73.6175 5.92629 129.579
133.599 17.0606 73.6688 5.91761 129.528
133.699 17.0251 73.72 5.90891 129.477
133.799 16.9897 73.7711 5.90019 129.426
133.899 16.9543 73.8221 5.89144 129.375
133.999 16.9188 73.873 5.88267 129.324
134.099 16.8834 73.9239 5.87387 129.273
134.199 16.8479 73.9747 5.86506 129.222
134.299 16.8124 74.0254 5.85622 129.172
134.399 16.7769 74.076 5.84735 129.121
134.499 16.7414 74.1265 5.83847 129.07
134.599 16.7059 74.1769 5.82956 129.02
134.699 16.6704 74.2272 5.82063 128.97
134.799 16.6349 74.2775 5.81167 128.919
134.899 16.5993 74.3277 5.80269 128.869
134.999 16.5638 74.3777 5.79369 128.819
135.099 16.5282 74.4277 5.78467 128.769
135.199 16.4927 74.4776 5.77562 128.719
135.299 16.4571 74.5275 5.76655 128.669
135.399 16.4215 74.5772 5.75746 128.62
135.499 16.3859 74.6268 5.74835 128.57
135.599 16.3503 74.6764 5.73921 128.521
135.699 16.3147 74.7258 5.73005 128.471
135.799 16.2791 74.7752 5.72087 128.422
135.899 16.2435 74.8245 5.71166 128.372
135.999 16.2078 74.8737 5.70243 128.323
136.099 16.1722 74.9228 5.69318 128.274
136.199 16.1365 74.9718 5.68391 128.225
136.299 16.1009 75.0208 5.67461 128.176
136.399 16.0652 75.0696 5.66529 128.127
136.499 16.0295 75.1184 5.65595 128.079
136.599 15.9938 75.167 5.64659 128.03
136.699 15.9581 75.2156 5.6372 127.981
136.799 15.9224 75.2641 5.62779 127.933
136.899 15.8867 75.3125 5.61836 127.884
136.999 15.851 75.3608 5.60891 127.836
137.099 15.8153 75.409 5.59943 127.788
137.199 15.7795 75.4571 5.58994 127.74
137.299 15.7438 75.5052 5.58042 127.692
137.399 15.708 75.5531 5.57087 127.644
137.499 15.6722 75.6009 5.56131 127.596
137.599 15.6365 75.6487 5.55172 127.548
137.699 15.6007 75.6964 5.54211 127.501
137.799 15.5649 75.7439 5.53248 127.453
137.899 15.5291 75.7914 5.52283 127.405
137.999 15.4933 75.8388 5.51315 127.358
138.099 15.4575 75.8861 5.50345 127.311
138.199 15.4217 75.9333 5.49373 127.264
138.299 15.3858 75.9805 5.48399 127.216
138.399 15.35 76.0275 5.47422 127.169
138.499 15.3141 76.0744 5.46444 127.123
138.599 15.2783 76.1213 5.45463 127.076
138.699 15.2424 76.168 5.4448 127.029
138.799 15.2065 76.2147 5.43495 126.982
138.899 15.1707 76.2612 5.42507 126.936
138.999 15.1348 76.3077 5.41518 126.889
139.099 15.0989 76.3541 5.40526 126.843
139.199 15.063 76.4004 5.39532 126.797
139.299 15.0271 76.4465 5.38536 126.75
139.399 14.9911 76.4926 5.37537 126.704
139.499 14.9552 76.5386 5.36537 126.658
139.599 14.9193 76.5846 5.35534 126.612
139.699 14.8833 76.6304 5.34529 126.567
139.799 14.8474 76.6761 5.33522 126.521
139.899 14.8114 76.7217 5.32513 126.475
139.999 14.7755 76.7672 5.31502 126.43
140.099 14.7395 76.8127 5.30488 126.384
140.199 14.7035 76.858 5.29473 126.339
140.299 14.6675 76.9033 5.28455 126.294
140.399 14.6315 76.9484 5.27435 126.249
140.499 14.5955 76.9935 5.26413 126.203
140.599 14.5595 77.0384 5.25389 126.158
140.699 14.5235 77.0833 5.24362 126.114
140.799 14.4874 77.1281 5.23334 126.069
140.899 14.4514 77.1728 5.22303 126.024
140.999 14.4154 77.2173 5.21271 125.98
141.099 14.3793 77.2618 5.20236 125.935
141.199 14.3432 77.3062 5.19199 125.891
141.299 14.3072 77.3505 5.18159 125.846
141.399 14.2711 77.3947 5.17118 125.802
141.499 14.235 77.4388 5.16075 125.758
141.599 14.1989 77.4828 5.15029 125.714
141.699 14.1628 77.5267 5.13982 125.67
141.799 14.1267 77.5705 5.12932 125.626
141.899 14.0906 77.6142 5.1188 125.583
141.999 14.0545 77.6578 5.10826 125.539
142.099 14.0184 77.7013 5.09771 125.496
142.199 13.9823 77.7448 5.08712 125.452
142.299 13.9461 77.7881 5.07652 125.409
142.399 13.91 77.8313 5.0659 125.366
142.499 13.8738 77.8744 5.05526 125.323
142.6 13.8377 77.9175 5.04459 125.279
142.7 13.8015 77.9604 5.03391 125.237
142.8 13.7653 78.0032 5.0232 125.194
142.9 13.7291 78.0459 5.01248 125.151
143 13.6929 78.0886 5.00173 125.108
143.1 13.6567 78.1311 4.99096 125.066
143.2 13.6205 78.1736 4.98017 125.023
143.3 13.5843 78.2159 4.96937 124.981
143.4 13.5481 78.2581 4.95854 124.939
143.5 13.5119 78.3003 4.94769 124.897
143.6 13.4757 78.3423 4.93682 124.855
143.7 13.4394 78.3842 4.92593 124.813
143.8 13.4032 78.4261 4.91502 124.771
143.9 13.3669 78.4678 4.90408 124.729
144 13.3307 78.5095 4.89313 124.687
144.1 13.2944 78.551 4.88216 124.646
144.2 13.2581 78.5925 4.87117 124.604
144.3 13.2219 78.6338 4.86016 124.563
144.4 13.1856 78.675 4.84912 124.522
144.5 13.1493 78.7162 4.83807 124.481
144.6 13.113 78.7572 4.827 124.44
144.7 13.0767 78.7982 4.81591 124.399
144.8 13.0404 78.839 4.80479 124.358
144.9 13.004 78.8797 4.79366 124.317
145 12.9677 78.9204 4.78251 124.277
145.1 12.9314 78.9609 4.77133 124.236
145.2 12.8951 79.0013 4.76014 124.196
145.3 12.8587 79.0417 4.74893 124.155
145.4 12.8224 79.0819 4.7377 124.115
145.5 12.786 79.122 4.72645 124.075
145.6 12.7496 79.1621 4.71517 124.035
145.7 12.7133 79.202 4.70388 123.995
145.8 12.6769 79.2418 4.69257 123.955
145.9 12.6405 79.2815 4.68124 123.915
146 12.6041 79.3212 4.66989 123.876
146.1 12.5677 79.3607 4.65852 123.836
146.2 12.5313 79.4001 4.64713 123.797
146.3 12.4949 79.4394 4.63572 123.758
146.4 12.4585 79.4786 4.62429 123.718
146.5 12.4221 79.5177 4.61285 123.679
146.6 12.3857 79.5567 4.60138 123.64
146.7 12.3492 79.5956 4.58989 123.601
146.8 12.3128 79.6344 4.57839 123.563
146.9 12.2763 79.6731 4.56686 123.524
147 12.2399 79.7117 4.55532 123.485
147.1 12.2034 79.7502 4.54376 123.447
147.2 12.167 79.7886 4.53217 123.408
147.3 12.1305 79.8269 4.52057 123.37
147.4 12.094 79.865 4.50895 123.332
147.5 12.0575 79.9031 4.49731 123.294
147.6 12.0211 79.9411 4.48565 123.256
147.7 11.9846 79.9789 4.47398 123.218
147.8 11.9481 80.0167 4.46228 123.18
147.9 11.9116 80.0543 4.45057 123.143
148 11.8751 80.0919 4.43883 123.105
148.1 11.8385 80.1293 4.42708 123.068
148.2 11.802 80.1667 4.41531 123.03
148.3 11.7655 80.2039 4.40352 122.993
148.4 11.729 80.241 4.39171 122.956
148.5 11.6924 80.2781 4.37988 122.919
148.6 11.6559 80.315 4.36804 122.882
148.7 11.6193 80.3518 4.35617 122.845
148.8 11.5828 80.3885 4.34429 122.808
148.9 11.5462 80.4251 4.33239 122.772
149 11.5096 80.4616 4.32047 122.735
149.1 11.4731 80.498 4.30853 122.699
149.2 11.4365 80.5343 4.29658 122.663
149.3 11.3999 80.5705 4.2846 122.626
149.4 11.3633 80.6065 4.27261 122.59
149.5 11.3267 80.6425 4.2606 122.554
149.6 11.2901 80.6784 4.24857 122.519
149.7 11.2535 80.7141 4.23652 122.483
149.8 11.2169 80.7498 4.22446 122.447
149.9 11.1803 80.7853 4.21238 122.412
150 11.1436 80.8207 4.20027 122.376
150.1 11.107 80.8561 4.18816 122.341
150.2 11.0704 80.8913 4.17602 122.306
150.3 11.0337 80.9264 4.16386 122.271
150.4 10.9971 80.9614 4.15169 122.236
150.5 10.9605 80.9963 4.1395 122.201
150.6 10.9238 81.0311 4.12729 122.166
150.7 10.8871 81.0658 4.11507 122.131
150.8 10.8505 81.1003 4.10283 122.097
150.9 10.8138 81.1348 4.09057 122.062
151 10.7771 81.1692 4.07829 122.028
151.1 10.7404 81.2034 4.06599 121.994
151.2 10.7038 81.2376 4.05368 121.959
151.3 10.6671 81.2716 4.04135 121.925
151.4 10.6304 81.3055 4.029 121.891
151.5 10.5937 81.3393 4.01664 121.858
151.6 10.557 81.3731 4.00425 121.824
151.7 10.5202 81.4067 3.99185 121.79
151.8 10.4835 81.4401 3.97944 121.757
151.9 10.4468 81.4735 3.967 121.723
152 10.4101 81.5068 3.95455 121.69
152.1 10.3733 81.54 3.94209 121.657
152.2 10.3366 81.573 3.9296 121.624
152.3 10.2999 81.606 3.9171 121.591
152.4 10.2631 81.6388 3.90458 121.558
152.5 10.2264 81.6715 3.89205 121.525
152.6 10.1896 81.7042 3.8795 121.493
152.7 10.1528 81.7367 3.86693 121.46
152.8 10.1161 81.7691 3.85434 121.428
152.9 10.0793 81.8014 3.84174 121.396
153 10.0425 81.8335 3.82912 121.363
153.1 10.0057 81.8656 3.81649 121.331
153.2 9.96896 81.8976 3.80383 121.299
153.3 9.93217 81.9294 3.79117 121.268
153.4 9.89538 81.9611 3.77848 121.236
153.5 9.85858 81.9928 3.76578 121.204
153.6 9.82177 82.0243 3.75306 121.173
153.7 9.78496 82.0557 3.74033 121.141
153.8 9.74815 82.087 3.72758 121.11
153.9 9.71133 82.1182 3.71482 121.079
154 9.6745 82.1493 3.70203 121.048
154.1 9.63768 82.1802 3.68924 121.017
154.2 9.60084 82.2111 3.67642 120.986
154.3 9.56401 82.2418 3.66359 120.955
154.4 9.52717 82.2724 3.65075 120.924
154.5 9.49032 82.303 3.63789 120.894
154.6 9.45347 82.3334 3.62501 120.864
154.7 9.41661 82.3637 3.61211 120.833
154.8 9.37975 82.3938 3.59921 120.803
154.9 9.34289 82.4239 3.58628 120.773
155 9.30602 82.4539 3.57334 120.743
155.1 9.26915 82.4837 3.56039 120.713
155.2 9.23227 82.5135 3.54741 120.683
155.3 9.19539 82.5431 3.53443 120.654
155.4 9.15851 82.5726 3.52143 120.624
155.5 9.12162 82.602 3.50841 120.595
155.6 9.08472 82.6313 3.49538 120.566
155.7 9.04782 82.6605 3.48233 120.536
155.8 9.01092 82.6895 3.46927 120.507
155.9 8.97401 82.7185 3.45619 120.478
156 8.9371 82.7473 3.44309 120.45
156.1 8.90019 82.776 3.42999 120.421
156.2 8.86327 82.8046 3.41686 120.392
156.3 8.82634 82.8331 3.40372 120.364
156.4 8.78941 82.8615 3.39057 120.335
156.5 8.75248 82.8898 3.3774 120.307
156.6 8.71555 82.9179 3.36422 120.279
156.7 8.67861 82.946 3.35102 120.251
156.8 8.64166 82.9739 3.33781 120.223
156.9 8.60471 83.0017 3.32459 120.195
157 8.56776 83.0294 3.31134 120.167
157.1 8.53081 83.057 3.29809 120.14
157.2 8.49384 83.0845 3.28482 120.112
157.3 8.45688 83.1119 3.27153 120.085
157.4 8.41991 83.1391 3.25823 120.058
157.5 8.38294 83.1663 3.24492 120.031
157.6 8.34596 83.1933 3.23159 120.004
157.7 8.30898 83.2202 3.21825 119.977
157.8 8.272 83.247 3.2049 119.95
157.9 8.23501 83.2737 3.19153 119.923
158 8.19802 83.3002 3.17814 119.897
158.1 8.16103 83.3267 3.16474 119.87
158.2 8.12403 83.353 3.15133 119.844
158.3 8.08703 83.3792 3.13791 119.818
158.4 8.05002 83.4053 3.12447 119.792
158.5 8.01301 83.4313 3.11101 119.766
158.6 7.97599 83.4572 3.09755 119.74
158.7 7.93898 83.483 3.08406 119.714
158.8 7.90196 83.5086 3.07057 119.688
158.9 7.86493 83.5341 3.05706 119.663
159.001 7.8279 83.5596 3.04354 119.637
159.101 7.79087 83.5849 3.03001 119.612
159.201 7.75383 83.61 3.01646 119.587
159.301 7.71679 83.6351 3.0029 119.562
159.401 7.67975 83.6601 2.98932 119.537
159.501 7.64271 83.6849 2.97573 119.512
159.601 7.60566 83.7096 2.96213 119.487
159.701 7.5686 83.7342 2.94852 119.463
159.801 7.53155 83.7587 2.93489 119.438
159.901 7.49448 83.7831 2.92125 119.414
160.001 7.45742 83.8073 2.9076 119.39
160.101 7.42035 83.8315 2.89393 119.365
160.201 7.38328 83.8555 2.88025 119.341
160.301 7.34621 83.8794 2.86656 119.317
160.401 7.30913 83.9032 2.85286 119.294
160.501 7.27205 83.9269 2.83914 119.27
160.601 7.23497 83.9505 2.82541 119.246
160.701 7.19788 83.9739 2.81167 119.223
160.801 7.16079 83.9972 2.79791 119.2
160.901 7.12369 84.0204 2.78415 119.176
161.001 7.0866 84.0435 2.77037 119.153
161.101 7.0495 84.0665 2.75658 119.13
161.201 7.01239 84.0894 2.74277 119.108
161.301 6.97529 84.1121 2.72896 119.085
161.401 6.93818 84.1347 2.71513 119.062
161.501 6.90106 84.1573 2.70129 119.04
161.601 6.86395 84.1797 2.68743 119.017
161.701 6.82683 84.2019 2.67357 118.995
161.801 6.7897 84.2241 2.65969 118.973
161.901 6.75258 84.2461 2.64581 118.951
162.001 6.71545 84.2681 2.63191 118.929
162.101 6.67832 84.2899 2.61799 118.907
162.201 6.64118 84.3115 2.60407 118.885
162.301 6.60404 84.3331 2.59014 118.864
162.401 6.5669 84.3546 2.57619 118.842
162.501 6.52976 84.3759 2.56223 118.821
162.601 6.49261 84.3971 2.54826 118.8
162.701 6.45546 84.4182 2.53428 118.779
162.801 6.41831 84.4392 2.52029 118.758
162.901 6.38115 84.4601 2.50629 118.737
163.001 6.34399 84.4808 2.49227 118.716
163.101 6.30683 84.5014 2.47825 118.695
163.201 6.26967 84.522 2.46421 118.675
163.301 6.2325 84.5423 2.45016 118.655
163.401 6.19533 84.5626 2.43611 118.634
163.501 6.15816 84.5828 2.42204 118.614
163.601 6.12098 84.6028 2.40796 118.594
163.701 6.0838 84.6227 2.39386 118.574
163.801 6.04662 84.6425 2.37976 118.554
163.901 6.00944 84.6622 2.36565 118.535
164.001 5.97225 84.6818 2.35153 118.515
164.101 5.93506 84.7012 2.33739 118.496
164.201 5.89787 84.7205 2.32325 118.476
164.301 5.86067 84.7398 2.3091 118.457
164.401 5.82348 84.7588 2.29493 118.438
164.501 5.78628 84.7778 2.28076 118.419
164.601 5.74907 84.7967 2.26657 118.4
164.701 5.71187 84.8154 2.25238 118.382
164.801 5.67466 84.834 2.23817 118.363
164.901 5.63745 84.8525 2.22395 118.344
165.001 5.60024 84.8709 2.20973 118.326
165.101 5.56302 84.8891 2.19549 118.308
165.201 5.5258 84.9072 2.18125 118.29
165.301 5.48858 84.9253 2.16699 118.272
165.401 5.45136 84.9432 2.15273 118.254
165.501 5.41413 84.9609 2.13845 118.236
165.601 5.37691 84.9786 2.12417 118.218
165.701 5.33968 84.9961 2.10988 118.201
165.801 5.30244 85.0135 2.09557 118.183
165.901 5.26521 85.0308 2.08126 118.166
166.001 5.22797 85.048 2.06694 118.149
166.101 5.19073 85.0651 2.05261 118.132
166.201 5.15349 85.082 2.03827 118.115
166.301 5.11625 85.0988 2.02392 118.098
166.401 5.079 85.1155 2.00956 118.081
166.501 5.04175 85.1321 1.99519 118.065
166.601 5.0045 85.1486 1.98081 118.048
166.701 4.96724 85.1649 1.96643 118.032
166.801 4.92999 85.1811 1.95203 118.016
166.901 4.89273 85.1972 1.93763 118
167.001 4.85547 85.2132 1.92322 117.984
167.101 4.81821 85.229 1.9088 117.968
167.201 4.78094 85.2448 1.89437 117.952
167.301 4.74368 85.2604 1.87993 117.937
167.401 4.70641 85.2759 1.86549 117.921
167.501 4.66914 85.2913 1.85103 117.906
167.601 4.63186 85.3065 1.83657 117.89
167.701 4.59459 85.3216 1.8221 117.875
167.801 4.55731 85.3367 1.80762 117.86
167.901 4.52003 85.3516 1.79313 117.845
168.001 4.48275 85.3663 1.77863 117.831
168.101 4.44547 85.381 1.76413 117.816
168.201 4.40818 85.3955 1.74962 117.801
168.301 4.3709 85.4099 1.7351 117.787
168.401 4.33361 85.4242 1.72057 117.773
168.501 4.29632 85.4384 1.70603 117.759
168.601 4.25902 85.4524 1.69149 117.745
168.701 4.22173 85.4663 1.67694 117.731
168.801 4.18443 85.4801 1.66238 117.717
168.901 4.14713 85.4938 1.64782 117.703
169.001 4.10983 85.5074 1.63324 117.69
169.101 4.07253 85.5208 1.61866 117.676
169.201 4.03523 85.5341 1.60407 117.663
169.301 3.99792 85.5473 1.58948 117.65
169.401 3.96061 85.5604 1.57488 117.637
169.501 3.9233 85.5734 1.56027 117.624
169.601 3.88599 85.5862 1.54565 117.611
169.701 3.84868 85.5989 1.53103 117.598
169.801 3.81137 85.6115 1.51639 117.585
169.901 3.77405 85.624 1.50176 117.573
170.001 3.73673 85.6363 1.48711 117.561
170.101 3.69941 85.6485 1.47246 117.548
170.201 3.66209 85.6606 1.4578 117.536
170.301 3.62477 85.6726 1.44314 117.524
170.401 3.58744 85.6845 1.42847 117.512
170.501 3.55012 85.6962 1.41379 117.501
170.601 3.51279 85.7078 1.39911 117.489
170.701 3.47546 85.7193 1.38442 117.478
170.801 3.43813 85.7307 1.36972 117.466
170.901 3.4008 85.742 1.35502 117.455
171.001 3.36346 85.7531 1.34031 117.444
171.101 3.32613 85.7641 1.32559 117.433
171.201 3.28879 85.775 1.31087 117.422
171.301 3.25145 85.7857 1.29615 117.411
171.401 3.21411 85.7964 1.28141 117.401
171.501 3.17677 85.8069 1.26668 117.39
171.601 3.13943 85.8173 1.25193 117.38
171.701 3.10209 85.8276 1.23718 117.369
171.801 3.06474 85.8377 1.22243 117.359
171.901 3.02739 85.8478 1.20766 117.349
172.001 2.99005 85.8577 1.1929 117.339
172.101 2.9527 85.8674 1.17813 117.329
172.201 2.91535 85.8771 1.16335 117.32
172.301 2.87799 85.8866 1.14857 117.31
172.401 2.84064 85.8961 1.13378 117.301
172.501 2.80329 85.9054 1.11898 117.292
172.601 2.76593 85.9145 1.10419 117.282
172.701 2.72857 85.9236 1.08938 117.273
172.801 2.69122 85.9325 1.07457 117.264
172.901 2.65386 85.9413 1.05976 117.256
173.001 2.6165 85.95 1.04494 117.247
173.101 2.57913 85.9586 1.03012 117.238
173.201 2.54177 85.967 1.01529 117.23
173.301 2.50441 85.9753 1.00046 117.222
173.401 2.46704 85.9835 0.985625 117.213
173.501 2.42968 85.9916 0.970784 117.205
173.601 2.39231 85.9995 0.955939 117.197
173.701 2.35494 86.0073 0.941089 117.19
173.801 2.31757 86.0151 0.926235 117.182
173.901 2.2802 86.0226 0.911377 117.174
174.001 2.24283 86.0301 0.896514 117.167
174.101 2.20546 86.0374 0.881648 117.16
174.201 2.16808 86.0446 0.866777 117.152
174.301 2.13071 86.0517 0.851903 117.145
174.401 2.09333 86.0587 0.837024 117.138
174.501 2.05596 86.0655 0.822142 117.131
174.601 2.01858 86.0722 0.807256 117.125
174.701 1.9812 86.0788 0.792367 117.118
174.801 1.94382 86.0853 0.777473 117.112
174.901 1.90644 86.0917 0.762577 117.105
175.001 1.86906 86.0979 0.747676 117.099
175.101 1.83168 86.104 0.732773 117.093
175.201 1.7943 86.11 0.717866 117.087
175.301 1.75692 86.1158 0.702955 117.081
175.402 1.71953 86.1216 0.688042 117.075
175.502 1.68215 86.1272 0.673125 117.07
175.602 1.64476 86.1327 0.658206 117.064
175.702 1.60738 86.138 0.643283 117.059
175.802 1.56999 86.1433 0.628357 117.054
175.902 1.5326 86.1484 0.613429 117.049
176.002 1.49522 86.1534 0.598497 117.044
176.102 1.45783 86.1583 0.583563 117.039
176.202 1.42044 86.163 0.568627 117.034
176.302 1.38305 86.1676 0.553687 117.029
176.402 1.34566 86.1721 0.538746 117.025
176.502 1.30827 86.1765 0.523801 117.02
176.602 1.27088 86.1808 0.508855 117.016
176.702 1.23348 86.1849 0.493906 117.012
176.802 1.19609 86.1889 0.478954 117.008
176.902 1.1587 86.1928 0.464001 117.004
177.002 1.1213 86.1966 0.449045 117
177.102 1.08391 86.2002 0.434088 116.997
177.202 1.04651 86.2037 0.419128 116.993
177.302 1.00912 86.2071 0.404167 116.99
177.402 0.971723 86.2104 0.389203 116.987
177.502 0.934327 86.2135 0.374238 116.983
177.602 0.89693 86.2166 0.359271 116.98
177.702 0.859533 86.2195 0.344303 116.977
177.802 0.822136 86.2222 0.329333 116.975
177.902 0.784738 86.2249 0.314361 116.972
178.002 0.74734 86.2274 0.299388 116.97
178.102 0.709942 86.2298 0.284414 116.967
178.202 0.672543 86.2321 0.269438 116.965
178.302 0.635144 86.2343 0.254461 116.963
178.402 0.597745 86.2363 0.239483 116.961
178.502 0.560346 86.2382 0.224504 116.959
178.602 0.522946 86.24 0.209524 116.957
178.702 0.485546 86.2417 0.194543 116.955
178.802 0.448146 86.2432 0.179561 116.954
178.902 0.410745 86.2446 0.164578 116.952
179.002 0.373345 86.2459 0.149595 116.951
179.102 0.335944 86.2471 0.13461 116.95
179.202 0.298543 86.2481 0.119625 116.949
179.302 0.261142 86.2491 0.10464 116.948
179.402 0.223741 86.2499 0.0896541 116.947
179.502 0.18634 86.2505 0.0746678 116.946
179.602 0.148938 86.2511 0.0596811 116.946
179.702 0.111537 86.2515 0.0446942 116.945
179.802 0.0741354 86.2518 0.0297071 116.945
179.902 0.0367339 86.252 0.0147198 116.945
