0 4.43878e-15 11.4897 0 167.375
0.1 0.06326 11.4897 0.00767294 167.375
0.2 0.126519 11.4898 0.0153459 167.374
0.3 0.189777 11.49 0.0230188 167.374
0.4 0.253033 11.4903 0.0306916 167.374
0.5 0.316286 11.4906 0.0383643 167.374
0.6 0.379535 11.491 0.046037 167.373
0.7 0.44278 11.4915 0.0537096 167.373
0.8 0.50602 11.492 0.061382 167.372
0.9 0.569254 11.4926 0.0690543 167.372
1 0.632482 11.4933 0.0767264 167.371
1.1 0.695703 11.4941 0.0843984 167.37
1.2 0.758916 11.4949 0.0920701 167.369
1.3 0.82212 11.4958 0.0997416 167.368
1.4 0.885315 11.4968 0.107413 167.368
1.5 0.9485 11.4979 0.115084 167.366
1.6 1.01167 11.499 0.122755 167.365
1.7 1.07484 11.5002 0.130425 167.364
1.8 1.13799 11.5015 0.138095 167.363
1.9 1.20112 11.5028 0.145765 167.362
2 1.26425 11.5042 0.153435 167.36
2.1 1.32736 11.5057 0.161104 167.359
2.2 1.39045 11.5073 0.168772 167.357
2.3 1.45353 11.5089 0.176441 167.355
2.4 1.51659 11.5106 0.184109 167.354
2.5 1.57964 11.5124 0.191776 167.352
2.6 1.64267 11.5142 0.199443 167.35
2.7 1.70568 11.5162 0.20711 167.348
2.8 1.76867 11.5182 0.214776 167.346
2.9 1.83164 11.5202 0.222441 167.344
3 1.89459 11.5224 0.230106 167.342
3.1 1.95751 11.5246 0.237771 167.34
3.2 2.02042 11.5269 0.245435 167.337
3.3 2.0833 11.5292 0.253098 167.335
3.4 2.14616 11.5317 0.260761 167.333
3.5 2.209 11.5342 0.268423 167.33
3.6 2.27181 11.5368 0.276084 167.328
3.7 2.33459 11.5394 0.283745 167.325
3.8 2.39735 11.5421 0.291405 167.322
3.9 2.46008 11.5449 0.299065 167.319
4 2.52279 11.5478 0.306723 167.317
4.1 2.58546 11.5507 0.314381 167.314
4.2 2.64811 11.5537 0.322039 167.311
4.3 2.71073 11.5568 0.329695 167.308
4.4 2.77331 11.56 0.337351 167.304
4.5 2.83587 11.5632 0.345006 167.301
4.6 2.89839 11.5665 0.35266 167.298
4.7 2.96088 11.5699 0.360313 167.294
4.8 3.02334 11.5733 0.367966 167.291
4.9 3.08576 11.5768 0.375617 167.287
5 3.14815 11.5804 0.383268 167.284
5.1 3.21051 11.5841 0.390917 167.28
5.2 3.27282 11.5878 0.398566 167.276
5.3 3.33511 11.5916 0.406214 167.273
5.4 3.39735 11.5955 0.413861 167.269
5.5 3.45956 11.5995 0.421507 167.265
5.6 3.52173 11.6035 0.429152 167.261
5.7 3.58385 11.6076 0.436796 167.257
5.8 3.64594 11.6118 0.444438 167.253
5.9 3.70799 11.616 0.45208 167.248
6 3.77 11.6203 0.459721 167.244
6.1 3.83196 11.6247 0.467361 167.24
6.2 3.89388 11.6292 0.474999 167.235
6.3 3.95576 11.6337 0.482636 167.231
6.4 4.0176 11.6383 0.490273 167.226
6.5 4.07939 11.643 0.497908 167.221
6.6 4.14113 11.6477 0.505542 167.217
6.7 4.20283 11.6525 0.513174 167.212
6.8 4.26448 11.6574 0.520806 167.207
6.9 4.32609 11.6624 0.528436 167.202
7 4.38765 11.6674 0.536065 167.197
7.1 4.44916 11.6725 0.543693 167.192
7.2 4.51062 11.6777 0.551319 167.187
7.3 4.57203 11.683 0.558944 167.181
7.4 4.63339 11.6883 0.566568 167.176
7.5 4.69469 11.6937 0.57419 167.171
7.6 4.75595 11.6991 0.581811 167.165
7.7 4.81715 11.7047 0.589431 167.16
7.79999 4.87831 11.7103 0.597049 167.154
7.89999 4.9394 11.716 0.604666 167.148
7.99999 5.00045 11.7217 0.612281 167.143
8.09999 5.06143 11.7276 0.619895 167.137
8.2 5.12237 11.7335 0.627508 167.131
8.3 5.18324 11.7394 0.635119 167.125
8.4 5.24406 11.7455 0.642728 167.119
8.5 5.30483 11.7516 0.650336 167.113
8.6 5.36553 11.7578 0.657943 167.107
8.7 5.42618 11.764 0.665548 167.1
8.8 5.48677 11.7704 0.673151 167.094
8.9 5.54729 11.7768 0.680753 167.088
9 5.60776 11.7832 0.688353 167.081
9.1 5.66817 11.7898 0.695951 167.075
9.2 5.72851 11.7964 0.703548 167.068
9.3 5.78879 11.8031 0.711143 167.061
9.4 5.84901 11.8099 0.718736 167.054
9.5 5.90916 11.8167 0.726328 167.048
9.6 5.96926 11.8236 0.733918 167.041
9.7 6.02928 11.8306 0.741506 167.034
9.8 6.08924 11.8376 0.749093 167.027
9.9 6.14914 11.8447 0.756677 167.02
10 6.20897 11.8519 0.76426 167.012
10.1 6.26873 11.8592 0.771841 167.005
10.2 6.32842 11.8665 0.779421 166.998
10.3 6.38805 11.8739 0.786998 166.99
10.4 6.44761 11.8814 0.794573 166.983
10.5 6.5071 11.889 0.802147 166.975
10.6 6.56651 11.8966 0.809719 166.968
10.7 6.62586 11.9043 0.817288 166.96
10.8 6.68514 11.912 0.824856 166.952
10.9 6.74434 11.9199 0.832422 166.944
11 6.80348 11.9278 0.839986 166.937
11.1 6.86254 11.9357 0.847548 166.929
11.2 6.92153 11.9438 0.855108 166.921
11.3 6.98044 11.9519 0.862665 166.912
11.4 7.03928 11.9601 0.870221 166.904
11.5 7.09804 11.9684 0.877775 166.896
11.6 7.15673 11.9767 0.885326 166.888
11.7 7.21534 11.9851 0.892876 166.879
11.8 7.27388 11.9936 0.900423 166.871
11.9 7.33234 12.0021 0.907968 166.862
12 7.39072 12.0107 0.915511 166.854
12.1 7.44902 12.0194 0.923052 166.845
12.2 7.50725 12.0282 0.930591 166.836
12.3 7.56539 12.037 0.938127 166.827
12.4 7.62346 12.0459 0.945661 166.818
12.5 7.68145 12.0549 0.953193 166.809
12.6 7.73935 12.0639 0.960723 166.8
12.7 7.79718 12.073 0.96825 166.791
12.8 7.85492 12.0822 0.975775 166.782
12.9 7.91258 12.0915 0.983298 166.773
13 7.97015 12.1008 0.990819 166.764
13.1 8.02765 12.1102 0.998337 166.754
13.2 8.08506 12.1197 1.00585 166.745
13.3 8.14238 12.1292 1.01337 166.735
13.4 8.19962 12.1388 1.02088 166.726
13.5 8.25678 12.1485 1.02838 166.716
13.6 8.31385 12.1582 1.03589 166.706
13.7 8.37083 12.1681 1.04339 166.696
13.8 8.42773 12.1779 1.05089 166.686
13.9 8.48454 12.1879 1.05839 166.676
14 8.54126 12.1979 1.06589 166.666
14.1 8.5979 12.208 1.07338 166.656
14.2 8.65444 12.2182 1.08087 166.646
14.3 8.7109 12.2285 1.08836 166.636
14.4 8.76727 12.2388 1.09585 166.626
14.5 8.82354 12.2492 1.10333 166.615
14.6 8.87973 12.2596 1.11081 166.605
14.7 8.93583 12.2701 1.11829 166.594
14.8 8.99183 12.2807 1.12576 166.584
14.9 9.04774 12.2914 1.13324 166.573
15 9.10356 12.3021 1.14071 166.562
15.1 9.15929 12.3129 1.14817 166.551
15.2 9.21493 12.3238 1.15564 166.541
15.3 9.27047 12.3348 1.1631 166.53
15.4 9.32591 12.3458 1.17056 166.519
15.5 9.38127 12.3569 1.17801 166.507
15.6 9.43652 12.368 1.18547 166.496
15.7 9.49169 12.3792 1.19292 166.485
15.8 9.54675 12.3905 1.20036 166.474
15.9 9.60172 12.4019 1.20781 166.462
16 9.6566 12.4133 1.21525 166.451
16.1 9.71137 12.4248 1.22269 166.439
16.2 9.76605 12.4364 1.23012 166.428
16.3 9.82063 12.4481 1.23756 166.416
16.4 9.87512 12.4598 1.24499 166.405
16.5 9.9295 12.4716 1.25241 166.393
16.6 9.98379 12.4834 1.25984 166.381
16.7 10.038 12.4953 1.26726 166.369
16.8 10.0921 12.5073 1.27468 166.357
16.9 10.1461 12.5194 1.28209 166.345
17 10.1999 12.5315 1.2895 166.333
17.1 10.2537 12.5437 1.29691 166.321
17.2 10.3074 12.556 1.30432 166.308
17.3 10.361 12.5683 1.31172 166.296
17.4 10.4145 12.5807 1.31912 166.284
17.5 10.4678 12.5932 1.32651 166.271
17.6 10.5211 12.6058 1.33391 166.259
17.7 10.5743 12.6184 1.3413 166.246
17.8 10.6274 12.6311 1.34868 166.233
17.9 10.6803 12.6438 1.35607 166.22
18 10.7332 12.6567 1.36345 166.208
18.1 10.7859 12.6696 1.37082 166.195
18.2 10.8386 12.6825 1.3782 166.182
18.3 10.8911 12.6955 1.38557 166.169
18.4 10.9436 12.7087 1.39293 166.156
18.5 10.9959 12.7218 1.4003 166.143
18.6 11.0481 12.7351 1.40766 166.129
18.7 11.1003 12.7484 1.41501 166.116
18.8 11.1523 12.7617 1.42237 166.103
18.9 11.2042 12.7752 1.42972 166.089
19 11.256 12.7887 1.43706 166.076
19.1 11.3077 12.8023 1.44441 166.062
19.2 11.3593 12.8159 1.45174 166.048
19.3 11.4107 12.8297 1.45908 166.035
19.4 11.4621 12.8434 1.46641 166.021
19.5 11.5134 12.8573 1.47374 166.007
19.6 11.5645 12.8712 1.48107 165.993
19.7 11.6156 12.8852 1.48839 165.979
19.8 11.6665 12.8993 1.49571 165.965
19.9 11.7173 12.9134 1.50302 165.951
20 11.768 12.9276 1.51033 165.937
20.1 11.8186 12.9419 1.51764 165.922
20.2 11.8691 12.9562 1.52495 165.908
20.3 11.9195 12.9706 1.53225 165.894
20.4 11.9697 12.9851 1.53954 165.879
20.5 12.0199 12.9996 1.54683 165.865
20.6 12.0699 13.0142 1.55412 165.85
20.7 12.1198 13.0289 1.56141 165.835
20.8 12.1697 13.0437 1.56869 165.821
20.9 12.2194 13.0585 1.57597 165.806
21 12.2689 13.0733 1.58324 165.791
21.1 12.3184 13.0883 1.59051 165.776
21.2 12.3678 13.1033 1.59778 165.761
21.3 12.417 13.1184 1.60504 165.746
21.4 12.4661 13.1335 1.6123 165.731
21.5 12.5152 13.1488 1.61955 165.716
21.6 12.5641 13.164 1.62681 165.7
21.7 12.6128 13.1794 1.63405 165.685
21.8 12.6615 13.1948 1.6413 165.67
21.9 12.7101 13.2103 1.64853 165.654
22 12.7585 13.2259 1.65577 165.638
22.1 12.8068 13.2415 1.663 165.623
22.2 12.855 13.2572 1.67023 165.607
22.3 12.9031 13.2729 1.67745 165.591
22.4 12.9511 13.2888 1.68467 165.576
22.5 12.999 13.3046 1.69189 165.56
22.6 13.0467 13.3206 1.6991 165.544
22.7001 13.0943 13.3366 1.7063 165.528
22.8001 13.1418 13.3527 1.71351 165.512
22.9001 13.1892 13.3689 1.7207 165.495
23.0001 13.2365 13.3851 1.7279 165.479
23.1001 13.2836 13.4014 1.73509 165.463
23.2001 13.3307 13.4178 1.74227 165.447
23.3001 13.3776 13.4342 1.74946 165.43
23.4001 13.4244 13.4507 1.75663 165.414
23.5001 13.471 13.4672 1.76381 165.397
23.6001 13.5176 13.4839 1.77098 165.38
23.7001 13.564 13.5006 1.77814 165.364
23.8001 13.6103 13.5173 1.7853 165.347
23.9001 13.6565 13.5341 1.79246 165.33
24.0001 13.7026 13.551 1.79961 165.313
24.1001 13.7486 13.568 1.80676 165.296
24.2001 13.7944 13.585 1.8139 165.279
24.3001 13.8401 13.6021 1.82104 165.262
24.4001 13.8857 13.6193 1.82817 165.245
24.5001 13.9312 13.6365 1.8353 165.228
24.6001 13.9766 13.6538 1.84243 165.211
24.7001 14.0218 13.6711 1.84955 165.193
24.8001 14.0669 13.6886 1.85667 165.176
24.9001 14.1119 13.7061 1.86378 165.158
25.0001 14.1568 13.7236 1.87089 165.141
25.1001 14.2015 13.7412 1.87799 165.123
25.2001 14.2461 13.7589 1.88509 165.105
25.3001 14.2907 13.7767 1.89218 165.088
25.4001 14.335 13.7945 1.89927 165.07
25.5001 14.3793 13.8124 1.90636 165.052
25.6001 14.4234 13.8303 1.91344 165.034
25.7001 14.4674 13.8483 1.92051 165.016
25.8001 14.5113 13.8664 1.92758 164.998
25.9001 14.5551 13.8845 1.93465 164.98
26.0001 14.5988 13.9028 1.94171 164.962
26.1001 14.6423 13.921 1.94877 164.943
26.2001 14.6857 13.9394 1.95582 164.925
26.3001 14.729 13.9578 1.96286 164.907
26.4001 14.7721 13.9762 1.96991 164.888
26.5001 14.8152 13.9948 1.97694 164.87
26.6001 14.8581 14.0134 1.98398 164.851
26.7001 14.9009 14.032 1.99101 164.832
26.8001 14.9435 14.0508 1.99803 164.814
26.9001 14.9861 14.0696 2.00505 164.795
27.0001 15.0285 14.0884 2.01206 164.776
27.1001 15.0708 14.1074 2.01907 164.757
27.2001 15.1129 14.1263 2.02607 164.738
27.3001 15.155 14.1454 2.03307 164.719
27.4001 15.1969 14.1645 2.04007 164.7
27.5001 15.2387 14.1837 2.04705 164.681
27.6001 15.2804 14.203 2.05404 164.661
27.7001 15.3219 14.2223 2.06102 164.642
27.8001 15.3633 14.2416 2.06799 164.623
27.9001 15.4046 14.2611 2.07496 164.603
28.0001 15.4458 14.2806 2.08192 164.584
28.1001 15.4868 14.3002 2.08888 164.564
28.2001 15.5278 14.3198 2.09584 164.545
28.3001 15.5686 14.3395 2.10279 164.525
28.4001 15.6092 14.3592 2.10973 164.505
28.5001 15.6498 14.3791 2.11667 164.485
28.6001 15.6902 14.399 2.1236 164.465
28.7001 15.7305 14.4189 2.13053 164.445
28.8001 15.7707 14.4389 2.13745 164.425
28.9001 15.8107 14.459 2.14437 164.405
29.0001 15.8506 14.4791 2.15128 164.385
29.1001 15.8904 14.4994 2.15819 164.365
29.2001 15.9301 14.5196 2.16509 164.345
29.3001 15.9696 14.54 2.17199 164.324
29.4001 16.0091 14.5604 2.17888 164.304
29.5001 16.0484 14.5808 2.18576 164.284
29.6001 16.0875 14.6013 2.19264 164.263
29.7001 16.1266 14.6219 2.19952 164.242
29.8001 16.1655 14.6426 2.20639 164.222
29.9001 16.2043 14.6633 2.21325 164.201
30.0001 16.243 14.6841 2.22011 164.18
30.1001 16.2815 14.7049 2.22697 164.159
30.2001 16.3199 14.7258 2.23382 164.139
30.3001 16.3582 14.7468 2.24066 164.118
30.4001 16.3964 14.7678 2.2475 164.097
30.5001 16.4344 14.7889 2.25433 164.075
30.6001 16.4723 14.81 2.26115 164.054
30.7001 16.5101 14.8312 2.26797 164.033
30.8001 16.5478 14.8525 2.27479 164.012
30.9001 16.5853 14.8739 2.2816 163.99
31.0001 16.6227 14.8953 2.2884 163.969
31.1001 16.66 14.9167 2.2952 163.948
31.2001 16.6972 14.9383 2.30199 163.926
31.3001 16.7342 14.9598 2.30878 163.904
31.4001 16.7711 14.9815 2.31556 163.883
31.5001 16.8079 15.0032 2.32234 163.861
31.6001 16.8445 15.025 2.32911 163.839
31.7001 16.8811 15.0468 2.33587 163.818
31.8001 16.9175 15.0687 2.34263 163.796
31.9001 16.9537 15.0907 2.34939 163.774
32.0001 16.9899 15.1127 2.35613 163.752
32.1001 17.0259 15.1348 2.36287 163.73
32.2001 17.0618 15.1569 2.36961 163.707
32.3001 17.0976 15.1791 2.37634 163.685
32.4001 17.1332 15.2014 2.38306 163.663
32.5001 17.1688 15.2237 2.38978 163.641
32.6001 17.2042 15.2461 2.39649 163.618
32.7001 17.2394 15.2686 2.4032 163.596
32.8001 17.2746 15.2911 2.4099 163.573
32.9001 17.3096 15.3136 2.41659 163.551
33.0001 17.3445 15.3363 2.42328 163.528
33.1001 17.3793 15.359 2.42997 163.505
33.2001 17.4139 15.3817 2.43664 163.483
33.3001 17.4484 15.4045 2.44331 163.46
33.4001 17.4828 15.4274 2.44998 163.437
33.5001 17.5171 15.4504 2.45664 163.414
33.6001 17.5513 15.4734 2.46329 163.391
33.7001 17.5853 15.4964 2.46994 163.368
33.8001 17.6192 15.5195 2.47658 163.345
33.9001 17.6529 15.5427 2.48321 163.322
34.0001 17.6866 15.566 2.48984 163.298
34.1001 17.7201 15.5893 2.49646 163.275
34.2001 17.7535 15.6126 2.50308 163.252
34.3 17.7868 15.636 2.50969 163.228
34.4 17.8199 15.6595 2.51629 163.205
34.5 17.8529 15.6831 2.52289 163.181
34.6 17.8858 15.7067 2.52948 163.158
34.7 17.9186 15.7303 2.53606 163.134
34.8 17.9512 15.754 2.54264 163.11
34.9 17.9838 15.7778 2.54921 163.087
35 18.0161 15.8017 2.55578 163.063
35.1 18.0484 15.8255 2.56234 163.039
35.2 18.0806 15.8495 2.56889 163.015
35.3 18.1126 15.8735 2.57544 162.991
35.4 18.1445 15.8976 2.58198 162.967
35.5 18.1763 15.9217 2.58852 162.943
35.6 18.2079 15.9459 2.59504 162.918
35.7 18.2394 15.9702 2.60157 162.894
35.8 18.2708 15.9945 2.60808 162.87
35.9 18.3021 16.0189 2.61459 162.845
36 18.3333 16.0433 2.62109 162.821
36.1 18.3643 16.0678 2.62759 162.797
36.2 18.3952 16.0923 2.63408 162.772
36.3 18.426 16.1169 2.64056 162.747
36.4 18.4567 16.1416 2.64704 162.723
36.5 18.4872 16.1663 2.65351 162.698
36.6 18.5176 16.1911 2.65997 162.673
36.7 18.5479 16.2159 2.66643 162.648
36.8 18.5781 16.2408 2.67288 162.623
36.9 18.6081 16.2658 2.67932 162.599
37 18.638 16.2908 2.68576 162.574
37.1 18.6678 16.3159 2.69219 162.548
37.2 18.6975 16.341 2.69861 162.523
37.3 18.7271 16.3662 2.70503 162.498
37.4 18.7565 16.3915 2.71144 162.473
37.5 18.7858 16.4168 2.71784 162.448
37.6 18.815 16.4421 2.72423 162.422
37.7 18.8441 16.4675 2.73062 162.397
37.8 18.873 16.493 2.73701 162.371
37.9 18.9018 16.5185 2.74338 162.346
38 18.9305 16.5441 2.74975 162.32
38.1 18.9591 16.5698 2.75612 162.295
38.2 18.9876 16.5955 2.76247 162.269
38.3 19.0159 16.6213 2.76882 162.243
38.4 19.0441 16.6471 2.77516 162.217
38.5 19.0722 16.6729 2.7815 162.191
38.6 19.1002 16.6989 2.78782 162.165
38.7 19.128 16.7249 2.79415 162.139
38.8 19.1557 16.7509 2.80046 162.113
38.9 19.1834 16.777 2.80677 162.087
39 19.2108 16.8032 2.81307 162.061
39.1 19.2382 16.8294 2.81936 162.035
39.2 19.2654 16.8557 2.82565 162.009
39.3 19.2926 16.882 2.83193 161.982
39.4 19.3196 16.9084 2.8382 161.956
39.5 19.3465 16.9348 2.84446 161.93
39.6 19.3732 16.9613 2.85072 161.903
39.7 19.3999 16.9879 2.85697 161.876
39.8 19.4264 17.0145 2.86321 161.85
39.9 19.4528 17.0411 2.86945 161.823
40 19.4791 17.0679 2.87568 161.796
40.1 19.5052 17.0946 2.8819 161.77
40.2 19.5313 17.1215 2.88812 161.743
40.3 19.5572 17.1484 2.89433 161.716
40.4 19.583 17.1753 2.90053 161.689
40.5 19.6087 17.2023 2.90672 161.662
40.6 19.6343 17.2294 2.9129 161.635
40.7 19.6597 17.2565 2.91908 161.608
40.7999 19.6851 17.2836 2.92525 161.581
40.8999 19.7103 17.3108 2.93142 161.553
40.9999 19.7354 17.3381 2.93758 161.526
41.0999 19.7603 17.3654 2.94373 161.499
41.1999 19.7852 17.3928 2.94987 161.471
41.2999 19.8099 17.4203 2.956 161.444
41.3999 19.8346 17.4478 2.96213 161.417
41.4999 19.8591 17.4753 2.96825 161.389
41.5999 19.8835 17.5029 2.97436 161.361
41.6999 19.9077 17.5306 2.98047 161.334
41.7999 19.9319 17.5583 2.98656 161.306
41.8999 19.9559 17.586 2.99265 161.278
41.9999 19.9798 17.6139 2.99874 161.25
42.0999 20.0036 17.6417 3.00481 161.223
42.1999 20.0273 17.6697 3.01088 161.195
42.2999 20.0509 17.6976 3.01694 161.167
42.3999 20.0744 17.7257 3.02299 161.139
42.4999 20.0977 17.7538 3.02903 161.111
42.5999 20.1209 17.7819 3.03507 161.082
42.6999 20.144 17.8101 3.0411 161.054
42.7999 20.167 17.8383 3.04712 161.026
42.8999 20.1899 17.8666 3.05314 160.998
42.9999 20.2126 17.895 3.05914 160.969
43.0999 20.2353 17.9234 3.06514 160.941
43.1999 20.2578 17.9519 3.07113 160.912
43.2999 20.2802 17.9804 3.07712 160.884
43.3999 20.3025 18.0089 3.08309 160.855
43.4999 20.3247 18.0375 3.08906 160.827
43.5999 20.3468 18.0662 3.09502 160.798
43.6999 20.3687 18.0949 3.10097 160.769
43.7999 20.3906 18.1237 3.10692 160.741
43.8999 20.4123 18.1525 3.11285 160.712
43.9999 20.4339 18.1814 3.11878 160.683
44.0999 20.4554 18.2104 3.1247 160.654
44.1999 20.4768 18.2393 3.13062 160.625
44.2999 20.4981 18.2684 3.13652 160.596
44.3999 20.5192 18.2975 3.14242 160.567
44.4999 20.5403 18.3266 3.14831 160.538
44.5999 20.5612 18.3558 3.15419 160.509
44.6999 20.582 18.385 3.16006 160.479
44.7999 20.6027 18.4143 3.16593 160.45
44.8999 20.6233 18.4437 3.17178 160.421
44.9999 20.6438 18.4731 3.17763 160.391
45.0999 20.6642 18.5025 3.18347 160.362
45.1999 20.6844 18.532 3.18931 160.332
45.2999 20.7046 18.5616 3.19513 160.303
45.3999 20.7246 18.5912 3.20095 160.273
45.4999 20.7445 18.6209 3.20676 160.243
45.5999 20.7644 18.6506 3.21256 160.214
45.6999 20.7841 18.6803 3.21835 160.184
45.7999 20.8037 18.7101 3.22414 160.154
45.8999 20.8231 18.74 3.22991 160.124
45.9999 20.8425 18.7699 3.23568 160.094
46.0999 20.8618 18.7999 3.24144 160.064
46.1999 20.8809 18.8299 3.24719 160.034
46.2999 20.8999 18.8599 3.25293 160.004
46.3999 20.9189 18.89 3.25867 159.974
46.4999 20.9377 18.9202 3.2644 159.944
46.5999 20.9564 18.9504 3.27012 159.914
46.6999 20.975 18.9807 3.27583 159.884
46.7999 20.9935 19.011 3.28153 159.853
46.8999 21.0119 19.0413 3.28722 159.823
46.9999 21.0301 19.0717 3.29291 159.793
47.0999 21.0483 19.1022 3.29858 159.762
47.1999 21.0663 19.1327 3.30425 159.732
47.2999 21.0843 19.1633 3.30991 159.701
47.3998 21.1021 19.1939 3.31556 159.67
47.4998 21.1199 19.2245 3.32121 159.64
47.5998 21.1375 19.2552 3.32684 159.609
47.6998 21.155 19.286 3.33247 159.578
47.7998 21.1724 19.3168 3.33809 159.548
47.8998 21.1897 19.3476 3.34369 159.517
47.9998 21.2069 19.3785 3.3493 159.486
48.0998 21.224 19.4095 3.35489 159.455
48.1998 21.2409 19.4405 3.36047 159.424
48.2998 21.2578 19.4715 3.36605 159.393
48.3998 21.2746 19.5026 3.37161 159.362
48.4998 21.2912 19.5338 3.37717 159.331
48.5998 21.3078 19.565 3.38272 159.299
48.6998 21.3242 19.5962 3.38826 159.268
48.7998 21.3406 19.6275 3.39379 159.237
48.8998 21.3568 19.6588 3.39932 159.206
48.9998 21.3729 19.6902 3.40483 159.174
49.0998 21.389 19.7216 3.41034 159.143
49.1998 21.4049 19.7531 3.41583 159.111
49.2998 21.4207 19.7846 3.42132 159.08
49.3998 21.4364 19.8162 3.4268 159.048
49.4998 21.452 19.8478 3.43227 159.017
49.5998 21.4675 19.8795 3.43773 158.985
49.6998 21.4829 19.9112 3.44319 158.953
49.7998 21.4982 19.943 3.44863 158.921
49.8998 21.5134 19.9748 3.45407 158.89
49.9998 21.5284 20.0066 3.45949 158.858
50.0998 21.5434 20.0385 3.46491 158.826
50.1998 21.5583 20.0705 3.47032 158.794
50.2998 21.5731 20.1025 3.47572 158.762
50.3998 21.5877 20.1345 3.48111 158.73
50.4998 21.6023 20.1666 3.48649 158.698
50.5998 21.6168 20.1987 3.49187 158.666
50.6998 21.6311 20.2309 3.49723 158.633
50.7998 21.6454 20.2631 3.50258 158.601
50.8998 21.6595 20.2954 3.50793 158.569
50.9998 21.6736 20.3277 3.51327 158.537
51.0998 21.6875 20.3601 3.5186 158.504
51.1998 21.7014 20.3925 3.52391 158.472
51.2998 21.7152 20.4249 3.52922 158.439
51.3998 21.7288 20.4574 3.53453 158.407
51.4998 21.7423 20.49 3.53982 158.374
51.5998 21.7558 20.5226 3.5451 158.342
51.6998 21.7691 20.5552 3.55037 158.309
51.7998 21.7824 20.5879 3.55564 158.276
51.8998 21.7955 20.6206 3.56089 158.244
51.9998 21.8086 20.6534 3.56614 158.211
52.0998 21.8215 20.6862 3.57138 158.178
52.1998 21.8344 20.719 3.5766 158.145
52.2998 21.8471 20.7519 3.58182 158.112
52.3998 21.8598 20.7849 3.58703 158.079
52.4998 21.8723 20.8179 3.59223 158.046
52.5998 21.8848 20.8509 3.59742 158.013
52.6998 21.8971 20.884 3.6026 157.98
52.7998 21.9094 20.9171 3.60777 157.947
52.8998 21.9215 20.9503 3.61294 157.914
52.9998 21.9336 20.9835 3.61809 157.881
53.0998 21.9455 21.0168 3.62323 157.848
53.1998 21.9574 21.0501 3.62837 157.814
53.2998 21.9691 21.0834 3.63349 157.781
53.3998 21.9808 21.1168 3.63861 157.748
53.4998 21.9924 21.1502 3.64371 157.714
53.5998 22.0038 21.1837 3.64881 157.681
53.6998 22.0152 21.2172 3.6539 157.647
53.7998 22.0265 21.2508 3.65897 157.614
53.8997 22.0377 21.2844 3.66404 157.58
53.9997 22.0487 21.318 3.6691 157.546
54.0997 22.0597 21.3517 3.67415 157.513
54.1997 22.0706 21.3854 3.67919 157.479
54.2997 22.0814 21.4192 3.68422 157.445
54.3997 22.0921 21.453 3.68924 157.411
54.4997 22.1027 21.4869 3.69425 157.377
54.5997 22.1132 21.5208 3.69925 157.344
54.6997 22.1236 21.5547 3.70424 157.31
54.7997 22.1339 21.5887 3.70923 157.276
54.8997 22.1442 21.6227 3.7142 157.242
54.9997 22.1543 21.6568 3.71916 157.208
55.0997 22.1643 21.6909 3.72411 157.173
55.1997 22.1743 21.725 3.72906 157.139
55.2997 22.1841 21.7592 3.73399 157.105
55.3997 22.1939 21.7935 3.73891 157.071
55.4997 22.2035 21.8277 3.74383 157.037
55.5997 22.2131 21.8621 3.74873 157.002
55.6997 22.2226 21.8964 3.75363 156.968
55.7997 22.2319 21.9308 3.75851 156.934
55.8997 22.2412 21.9652 3.76339 156.899
55.9997 22.2504 21.9997 3.76825 156.865
56.0997 22.2595 22.0342 3.77311 156.83
56.1997 22.2685 22.0688 3.77795 156.796
56.2997 22.2774 22.1034 3.78279 156.761
56.3997 22.2862 22.138 3.78761 156.726
56.4997 22.295 22.1727 3.79243 156.692
56.5997 22.3036 22.2074 3.79723 156.657
56.6997 22.3122 22.2422 3.80203 156.622
56.7997 22.3206 22.277 3.80681 156.587
56.8997 22.329 22.3118 3.81159 156.552
56.9997 22.3372 22.3467 3.81635 156.518
57.0997 22.3454 22.3816 3.82111 156.483
57.1997 22.3535 22.4166 3.82586 156.448
57.2997 22.3615 22.4516 3.83059 156.413
57.3997 22.3694 22.4866 3.83532 156.378
57.4997 22.3772 22.5217 3.84003 156.343
57.5997 22.385 22.5568 3.84474 156.307
57.6997 22.3926 22.592 3.84943 156.272
57.7997 22.4002 22.6272 3.85412 156.237
57.8997 22.4076 22.6624 3.85879 156.202
57.9997 22.415 22.6977 3.86346 156.167
58.0997 22.4223 22.733 3.86811 156.131
58.1997 22.4295 22.7683 3.87276 156.096
58.2997 22.4366 22.8037 3.87739 156.061
58.3997 22.4436 22.8391 3.88201 156.025
58.4997 22.4505 22.8746 3.88663 155.99
58.5997 22.4574 22.9101 3.89123 155.954
58.6997 22.4641 22.9456 3.89583 155.919
58.7997 22.4708 22.9812 3.90041 155.883
58.8997 22.4774 23.0168 3.90498 155.847
58.9997 22.4839 23.0525 3.90954 155.812
59.0997 22.4903 23.0882 3.9141 155.776
59.1997 22.4966 23.1239 3.91864 155.74
59.2997 22.5028 23.1597 3.92317 155.705
59.3997 22.509 23.1955 3.92769 155.669
59.4997 22.515 23.2313 3.9322 155.633
59.5997 22.521 23.2672 3.9367 155.597
59.6997 22.5269 23.3031 3.94119 155.561
59.7997 22.5327 23.339 3.94567 155.525
59.8997 22.5384 23.375 3.95014 155.489
59.9997 22.544 23.411 3.9546 155.453
60.0997 22.5496 23.4471 3.95904 155.417
60.1997 22.555 23.4832 3.96348 155.381
60.2997 22.5604 23.5193 3.96791 155.345
60.3997 22.5657 23.5555 3.97232 155.309
60.4996 22.5709 23.5917 3.97673 155.273
60.5996 22.576 23.6279 3.98112 155.236
60.6996 22.581 23.6642 3.98551 155.2
60.7996 22.586 23.7005 3.98988 155.164
60.8996 22.5908 23.7368 3.99425 155.128
60.9996 22.5956 23.7732 3.9986 155.091
61.0996 22.6003 23.8096 4.00294 155.055
61.1996 22.6049 23.8461 4.00727 155.018
61.2996 22.6095 23.8825 4.01159 154.982
61.3996 22.6139 23.9191 4.0159 154.945
61.4996 22.6183 23.9556 4.0202 154.909
61.5996 22.6226 23.9922 4.02449 154.872
61.6996 22.6268 24.0288 4.02877 154.835
61.7996 22.6309 24.0655 4.03304 154.799
61.8996 22.6349 24.1022 4.03729 154.762
61.9996 22.6389 24.1389 4.04154 154.725
62.0996 22.6427 24.1757 4.04577 154.689
62.1996 22.6465 24.2125 4.05 154.652
62.2996 22.6502 24.2493 4.05421 154.615
62.3996 22.6539 24.2861 4.05841 154.578
62.4996 22.6574 24.323 4.06261 154.541
62.5996 22.6609 24.36 4.06679 154.504
62.6996 22.6642 24.3969 4.07096 154.467
62.7996 22.6675 24.4339 4.07512 154.43
62.8996 22.6708 24.4709 4.07926 154.393
62.9996 22.6739 24.508 4.0834 154.356
63.0996 22.677 24.5451 4.08753 154.319
63.1996 22.68 24.5822 4.09164 154.282
63.2996 22.6829 24.6194 4.09575 154.245
63.3996 22.6857 24.6566 4.09984 154.208
63.4996 22.6884 24.6938 4.10392 154.171
63.5996 22.6911 24.7311 4.10799 154.133
63.6996 22.6937 24.7683 4.11205 154.096
63.7996 22.6962 24.8057 4.1161 154.059
63.8996 22.6986 24.843 4.12014 154.021
63.9996 22.7009 24.8804 4.12417 153.984
64.0996 22.7032 24.9178 4.12818 153.946
64.1996 22.7054 24.9553 4.13219 153.909
64.2996 22.7075 24.9928 4.13618 153.872
64.3996 22.7096 25.0303 4.14016 153.834
64.4996 22.7115 25.0678 4.14414 153.797
64.5996 22.7134 25.1054 4.1481 153.759
64.6996 22.7152 25.143 4.15205 153.721
64.7996 22.7169 25.1806 4.15598 153.684
64.8996 22.7186 25.2183 4.15991 153.646
64.9996 22.7201 25.256 4.16383 153.608
65.0996 22.7216 25.2937 4.16773 153.571
65.1996 22.7231 25.3315 4.17162 153.533
65.2996 22.7244 25.3693 4.1755 153.495
65.3996 22.7257 25.4071 4.17937 153.457
65.4996 22.7268 25.4449 4.18323 153.419
65.5996 22.728 25.4828 4.18708 153.381
65.6996 22.729 25.5207 4.19092 153.344
65.7996 22.73 25.5587 4.19474 153.306
65.8996 22.7308 25.5967 4.19856 153.268
65.9996 22.7317 25.6347 4.20236 153.23
66.0996 22.7324 25.6727 4.20615 153.192
66.1996 22.7331 25.7107 4.20993 153.154
66.2996 22.7336 25.7488 4.2137 153.115
66.3996 22.7342 25.787 4.21745 153.077
66.4996 22.7346 25.8251 4.2212 153.039
66.5996 22.735 25.8633 4.22493 153.001
66.6996 22.7352 25.9015 4.22866 152.963
66.7996 22.7355 25.9397 4.23237 152.925
66.8996 22.7356 25.978 4.23607 152.886
66.9995 22.7357 26.0163 4.23975 152.848
67.0995 22.7357 26.0546 4.24343 152.81
67.1995 22.7356 26.0929 4.2471 152.771
67.2995 22.7354 26.1313 4.25075 152.733
67.3995 22.7352 26.1697 4.25439 152.695
67.4995 22.7349 26.2081 4.25802 152.656
67.5995 22.7345 26.2466 4.26164 152.618
67.6995 22.7341 26.2851 4.26525 152.579
67.7995 22.7336 26.3236 4.26884 152.541
67.8995 22.733 26.3621 4.27242 152.502
67.9995 22.7323 26.4007 4.276 152.464
68.0995 22.7316 26.4393 4.27956 152.425
68.1995 22.7308 26.4779 4.28311 152.386
68.2995 22.7299 26.5166 4.28664 152.348
68.3995 22.729 26.5553 4.29017 152.309
68.4995 22.728 26.594 4.29368 152.27
68.5995 22.7269 26.6327 4.29718 152.232
68.6995 22.7257 26.6715 4.30067 152.193
68.7995 22.7245 26.7102 4.30415 152.154
68.8995 22.7232 26.749 4.30762 152.115
68.9995 22.7218 26.7879 4.31107 152.076
69.0995 22.7204 26.8267 4.31451 152.038
69.1995 22.7189 26.8656 4.31794 151.999
69.2995 22.7173 26.9045 4.32136 151.96
69.3995 22.7156 26.9435 4.32477 151.921
69.4995 22.7139 26.9825 4.32817 151.882
69.5995 22.7121 27.0214 4.33155 151.843
69.6995 22.7103 27.0605 4.33492 151.804
69.7995 22.7083 27.0995 4.33828 151.765
69.8995 22.7063 27.1386 4.34163 151.726
69.9995 22.7043 27.1777 4.34496 151.687
70.0995 22.7021 27.2168 4.34829 151.648
70.1995 22.6999 27.2559 4.3516 151.608
70.2995 22.6977 27.2951 4.3549 151.569
70.3995 22.6953 27.3343 4.35819 151.53
70.4995 22.6929 27.3735 4.36146 151.491
70.5995 22.6904 27.4127 4.36473 151.452
70.6995 22.6879 27.452 4.36798 151.412
70.7995 22.6853 27.4913 4.37122 151.373
70.8995 22.6826 27.5306 4.37445 151.334
70.9995 22.6799 27.5699 4.37766 151.294
71.0995 22.677 27.6093 4.38087 151.255
71.1995 22.6742 27.6486 4.38406 151.216
71.2995 22.6712 27.6881 4.38724 151.176
71.3995 22.6682 27.7275 4.3904 151.137
71.4995 22.6651 27.7669 4.39356 151.097
71.5995 22.662 27.8064 4.3967 151.058
71.6995 22.6588 27.8459 4.39983 151.018
71.7995 22.6555 27.8854 4.40295 150.979
71.8995 22.6521 27.925 4.40606 150.939
71.9995 22.6487 27.9645 4.40915 150.9
72.0995 22.6453 28.0041 4.41223 150.86
72.1995 22.6417 28.0437 4.4153 150.821
72.2995 22.6381 28.0834 4.41836 150.781
72.3995 22.6344 28.123 4.42141 150.741
72.4995 22.6307 28.1627 4.42444 150.702
72.5995 22.6269 28.2024 4.42746 150.662
72.6995 22.623 28.2421 4.43047 150.622
72.7995 22.6191 28.2818 4.43346 150.582
72.8995 22.6151 28.3216 4.43645 150.543
72.9995 22.611 28.3614 4.43942 150.503
73.0995 22.6069 28.4012 4.44238 150.463
73.1995 22.6027 28.441 4.44533 150.423
73.2995 22.5985 28.4809 4.44826 150.383
73.3995 22.5942 28.5207 4.45118 150.344
73.4995 22.5898 28.5606 4.45409 150.304
73.5994 22.5853 28.6005 4.45699 150.264
73.6994 22.5808 28.6405 4.45987 150.224
73.7994 22.5763 28.6804 4.46274 150.184
73.8994 22.5716 28.7204 4.4656 150.144
73.9994 22.5669 28.7604 4.46845 150.104
74.0994 22.5622 28.8004 4.47129 150.064
74.1994 22.5574 28.8404 4.47411 150.024
74.2994 22.5525 28.8805 4.47692 149.984
74.3994 22.5475 28.9205 4.47971 149.944
74.4994 22.5425 28.9606 4.4825 149.904
74.5994 22.5375 29.0007 4.48527 149.864
74.6994 22.5323 29.0409 4.48803 149.823
74.7994 22.5271 29.081 4.49078 149.783
74.8994 22.5219 29.1212 4.49351 149.743
74.9994 22.5166 29.1614 4.49623 149.703
75.0994 22.5112 29.2016 4.49894 149.663
75.1994 22.5058 29.2418 4.50164 149.623
75.2994 22.5003 29.282 4.50432 149.582
75.3994 22.4947 29.3223 4.50699 149.542
75.4994 22.4891 29.3626 4.50965 149.502
75.5994 22.4834 29.4029 4.5123 149.461
75.6994 22.4777 29.4432 4.51493 149.421
75.7994 22.4719 29.4835 4.51755 149.381
75.8994 22.466 29.5239 4.52016 149.34
75.9994 22.4601 29.5642 4.52275 149.3
76.0994 22.4541 29.6046 4.52534 149.26
76.1994 22.448 29.645 4.52791 149.219
76.2994 22.4419 29.6855 4.53046 149.179
76.3994 22.4358 29.7259 4.53301 149.138
76.4994 22.4296 29.7663 4.53554 149.098
76.5994 22.4233 29.8068 4.53806 149.058
76.6994 22.417 29.8473 4.54056 149.017
76.7994 22.4106 29.8878 4.54305 148.977
76.8994 22.4041 29.9283 4.54553 148.936
76.9994 22.3976 29.9689 4.548 148.895
77.0994 22.391 30.0094 4.55046 148.855
77.1994 22.3844 30.05 4.5529 148.814
77.2994 22.3777 30.0906 4.55533 148.774
77.3994 22.3709 30.1312 4.55774 148.733
77.4994 22.3641 30.1718 4.56014 148.693
77.5994 22.3573 30.2124 4.56253 148.652
77.6994 22.3504 30.2531 4.56491 148.611
77.7994 22.3434 30.2938 4.56727 148.571
77.8994 22.3363 30.3344 4.56962 148.53
77.9994 22.3293 30.3751 4.57196 148.489
78.0994 22.3221 30.4158 4.57429 148.448
78.1994 22.3149 30.4566 4.5766 148.408
78.2994 22.3076 30.4973 4.5789 148.367
78.3994 22.3003 30.5381 4.58118 148.326
78.4994 22.2929 30.5788 4.58346 148.285
78.5994 22.2855 30.6196 4.58572 148.245
78.6994 22.278 30.6604 4.58796 148.204
78.7994 22.2705 30.7012 4.5902 148.163
78.8994 22.2629 30.7421 4.59242 148.122
78.9994 22.2552 30.7829 4.59462 148.081
79.0994 22.2475 30.8238 4.59682 148.041
79.1994 22.2397 30.8646 4.599 148
79.2994 22.2319 30.9055 4.60117 147.959
79.3994 22.224 30.9464 4.60332 147.918
79.4994 22.2161 30.9873 4.60546 147.877
79.5994 22.2081 31.0282 4.60759 147.836
79.6994 22.2 31.0692 4.60971 147.795
79.7994 22.1919 31.1101 4.61181 147.754
79.8994 22.1838 31.1511 4.6139 147.713
79.9994 22.1756 31.1921 4.61597 147.672
80.0993 22.1673 31.233 4.61804 147.631
80.1993 22.159 31.274 4.62009 147.59
80.2993 22.1506 31.3151 4.62212 147.549
80.3993 22.1422 31.3561 4.62415 147.508
80.4993 22.1337 31.3971 4.62616 147.467
80.5993 22.1252 31.4382 4.62815 147.426
80.6993 22.1166 31.4792 4.63013 147.385
80.7993 22.1079 31.5203 4.6321 147.344
80.8993 22.0992 31.5614 4.63406 147.303
80.9993 22.0905 31.6025 4.636 147.262
81.0993 22.0817 31.6436 4.63793 147.221
81.1993 22.0728 31.6847 4.63985 147.18
81.2993 22.0639 31.7258 4.64175 147.138
81.3993 22.0549 31.767 4.64364 147.097
81.4993 22.0459 31.8081 4.64552 147.056
81.5993 22.0369 31.8493 4.64738 147.015
81.6993 22.0277 31.8905 4.64923 146.974
81.7993 22.0186 31.9316 4.65107 146.933
81.8993 22.0093 31.9728 4.65289 146.891
81.9993 22.0001 32.014 4.6547 146.85
82.0993 21.9907 32.0552 4.6565 146.809
82.1993 21.9813 32.0965 4.65828 146.768
82.2993 21.9719 32.1377 4.66005 146.727
82.3993 21.9624 32.1789 4.6618 146.685
82.4993 21.9529 32.2202 4.66354 146.644
82.5993 21.9433 32.2615 4.66527 146.603
82.6993 21.9337 32.3027 4.66699 146.562
82.7993 21.924 32.344 4.66869 146.52
82.8993 21.9142 32.3853 4.67038 146.479
82.9993 21.9044 32.4266 4.67205 146.438
83.0993 21.8946 32.4679 4.67371 146.396
83.1993 21.8847 32.5092 4.67536 146.355
83.2993 21.8747 32.5505 4.67699 146.314
83.3993 21.8647 32.5919 4.67861 146.272
83.4993 21.8547 32.6332 4.68022 146.231
83.5993 21.8446 32.6746 4.68181 146.19
83.6993 21.8345 32.7159 4.68339 146.148
83.7993 21.8243 32.7573 4.68496 146.107
83.8993 21.814 32.7987 4.68651 146.066
83.9993 21.8037 32.84 4.68805 146.024
84.0993 21.7934 32.8814 4.68957 145.983
84.1993 21.783 32.9228 4.69108 145.941
84.2993 21.7725 32.9642 4.69258 145.9
84.3993 21.762 33.0056 4.69406 145.859
84.4993 21.7515 33.0471 4.69553 145.817
84.5993 21.7409 33.0885 4.69699 145.776
84.6993 21.7303 33.1299 4.69843 145.734
84.7993 21.7196 33.1714 4.69986 145.693
84.8993 21.7088 33.2128 4.70128 145.652
84.9993 21.698 33.2543 4.70268 145.61
85.0993 21.6872 33.2957 4.70407 145.569
85.1993 21.6763 33.3372 4.70544 145.527
85.2993 21.6654 33.3786 4.7068 145.486
85.3993 21.6544 33.4201 4.70815 145.444
85.4993 21.6434 33.4616 4.70948 145.403
85.5993 21.6323 33.5031 4.7108 145.361
85.6993 21.6212 33.5446 4.7121 145.32
85.7993 21.61 33.5861 4.71339 145.278
85.8993 21.5988 33.6276 4.71467 145.237
85.9993 21.5875 33.6691 4.71593 145.195
86.0993 21.5762 33.7106 4.71718 145.154
86.1993 21.5648 33.7521 4.71842 145.112
86.2993 21.5534 33.7937 4.71964 145.071
86.3993 21.542 33.8352 4.72085 145.029
86.4993 21.5305 33.8767 4.72204 144.988
86.5993 21.5189 33.9183 4.72322 144.946
86.6992 21.5073 33.9598 4.72439 144.905
86.7992 21.4957 34.0013 4.72554 144.863
86.8992 21.484 34.0429 4.72668 144.821
86.9992 21.4722 34.0844 4.7278 144.78
87.0992 21.4605 34.126 4.72891 144.738
87.1992 21.4486 34.1676 4.73001 144.697
87.2992 21.4368 34.2091 4.73109 144.655
87.3992 21.4248 34.2507 4.73216 144.614
87.4992 21.4129 34.2923 4.73321 144.572
87.5992 21.4009 34.3338 4.73425 144.53
87.6992 21.3888 34.3754 4.73528 144.489
87.7992 21.3767 34.417 4.73629 144.447
87.8992 21.3645 34.4586 4.73729 144.406
87.9992 21.3524 34.5002 4.73828 144.364
88.0992 21.3401 34.5418 4.73925 144.323
88.1992 21.3278 34.5834 4.7402 144.281
88.2992 21.3155 34.6249 4.74115 144.239
88.3992 21.3031 34.6665 4.74207 144.198
88.4992 21.2907 34.7081 4.74299 144.156
88.5992 21.2782 34.7497 4.74389 144.115
88.6992 21.2657 34.7913 4.74477 144.073
88.7992 21.2532 34.8329 4.74565 144.031
88.8992 21.2406 34.8746 4.7465 143.99
88.9992 21.2279 34.9162 4.74735 143.948
89.0992 21.2153 34.9578 4.74818 143.907
89.1992 21.2025 34.9994 4.74899 143.865
89.2992 21.1898 35.041 4.74979 143.823
89.3992 21.1769 35.0826 4.75058 143.782
89.4992 21.1641 35.1242 4.75135 143.74
89.5992 21.1512 35.1658 4.75211 143.699
89.6992 21.1382 35.2074 4.75286 143.657
89.7992 21.1252 35.249 4.75359 143.615
89.8992 21.1122 35.2907 4.7543 143.574
89.9992 21.0991 35.3323 4.755 143.532
90.0992 21.086 35.3739 4.75569 143.49
90.1992 21.0728 35.4155 4.75636 143.449
90.2992 21.0596 35.4571 4.75702 143.407
90.3992 21.0464 35.4987 4.75767 143.366
90.4992 21.0331 35.5403 4.7583 143.324
90.5992 21.0197 35.5819 4.75892 143.282
90.6992 21.0064 35.6236 4.75952 143.241
90.7992 20.9929 35.6652 4.76011 143.199
90.8992 20.9795 35.7068 4.76068 143.158
90.9992 20.966 35.7484 4.76124 143.116
91.0992 20.9524 35.79 4.76178 143.074
91.1992 20.9388 35.8316 4.76231 143.033
91.2992 20.9252 35.8732 4.76283 142.991
91.3992 20.9115 35.9148 4.76333 142.95
91.4992 20.8978 35.9564 4.76382 142.908
91.5992 20.8841 35.998 4.76429 142.866
91.6992 20.8703 36.0396 4.76475 142.825
91.7992 20.8564 36.0812 4.7652 142.783
91.8992 20.8426 36.1228 4.76563 142.742
91.9992 20.8286 36.1644 4.76604 142.7
92.0992 20.8147 36.2059 4.76645 142.658
92.1992 20.8007 36.2475 4.76683 142.617
92.2992 20.7866 36.2891 4.76721 142.575
92.3992 20.7725 36.3307 4.76757 142.534
92.4992 20.7584 36.3723 4.76791 142.492
92.5992 20.7443 36.4138 4.76824 142.45
92.6992 20.7301 36.4554 4.76855 142.409
92.7992 20.7158 36.497 4.76886 142.367
92.8992 20.7015 36.5385 4.76914 142.326
92.9992 20.6872 36.5801 4.76941 142.284
93.0992 20.6728 36.6216 4.76967 142.243
93.1992 20.6584 36.6632 4.76991 142.201
93.2991 20.644 36.7047 4.77014 142.16
93.3991 20.6295 36.7463 4.77036 142.118
93.4991 20.615 36.7878 4.77056 142.077
93.5991 20.6004 36.8294 4.77074 142.035
93.6991 20.5858 36.8709 4.77091 141.993
93.7991 20.5711 36.9124 4.77107 141.952
93.8991 20.5565 36.9539 4.77121 141.91
93.9991 20.5417 36.9954 4.77134 141.869
94.0991 20.527 37.0369 4.77145 141.827
94.1991 20.5122 37.0785 4.77155 141.786
94.2991 20.4973 37.1199 4.77163 141.744
94.3991 20.4824 37.1614 4.7717 141.703
94.4991 20.4675 37.2029 4.77176 141.661
94.5991 20.4526 37.2444 4.7718 141.62
94.6991 20.4376 37.2859 4.77182 141.578
94.7991 20.4225 37.3274 4.77183 141.537
94.8991 20.4075 37.3688 4.77183 141.496
94.9991 20.3923 37.4103 4.77181 141.454
95.0991 20.3772 37.4517 4.77178 141.413
95.1991 20.362 37.4932 4.77173 141.371
95.2991 20.3468 37.5346 4.77167 141.33
95.3991 20.3315 37.576 4.77159 141.288
95.4991 20.3162 37.6175 4.7715 141.247
95.5991 20.3009 37.6589 4.77139 141.205
95.6991 20.2855 37.7003 4.77127 141.164
95.7991 20.2701 37.7417 4.77114 141.123
95.8991 20.2546 37.7831 4.77099 141.081
95.9991 20.2391 37.8245 4.77082 141.04
96.0991 20.2236 37.8659 4.77064 140.998
96.1991 20.208 37.9072 4.77045 140.957
96.2991 20.1924 37.9486 4.77024 140.916
96.3991 20.1768 37.99 4.77002 140.874
96.4991 20.1611 38.0313 4.76978 140.833
96.5991 20.1454 38.0727 4.76953 140.792
96.6991 20.1297 38.114 4.76926 140.75
96.7991 20.1139 38.1553 4.76898 140.709
96.8991 20.0981 38.1966 4.76868 140.668
96.9991 20.0822 38.2379 4.76837 140.626
97.0991 20.0663 38.2792 4.76805 140.585
97.1991 20.0504 38.3205 4.76771 140.544
97.2991 20.0344 38.3618 4.76735 140.503
97.3991 20.0184 38.4031 4.76698 140.461
97.4991 20.0024 38.4443 4.7666 140.42
97.5991 19.9863 38.4856 4.7662 140.379
97.6991 19.9702 38.5268 4.76578 140.337
97.7991 19.954 38.5681 4.76536 140.296
97.8991 19.9378 38.6093 4.76491 140.255
97.9991 19.9216 38.6505 4.76445 140.214
98.0991 19.9054 38.6917 4.76398 140.173
98.1991 19.8891 38.7329 4.76349 140.131
98.2991 19.8727 38.7741 4.76299 140.09
98.3991 19.8564 38.8153 4.76247 140.049
98.4991 19.84 38.8564 4.76194 140.008
98.5991 19.8235 38.8976 4.76139 139.967
98.6991 19.8071 38.9387 4.76083 139.926
98.7991 19.7906 38.9798 4.76025 139.884
98.8991 19.774 39.021 4.75966 139.843
98.9991 19.7575 39.0621 4.75906 139.802
99.0991 19.7409 39.1032 4.75844 139.761
99.1991 19.7242 39.1442 4.7578 139.72
99.2991 19.7075 39.1853 4.75715 139.679
99.3991 19.6908 39.2264 4.75648 139.638
99.4991 19.6741 39.2674 4.7558 139.597
99.5991 19.6573 39.3085 4.75511 139.556
99.6991 19.6405 39.3495 4.7544 139.515
99.799 19.6236 39.3905 4.75368 139.474
99.899 19.6068 39.4315 4.75294 139.433
99.999 19.5898 39.4725 4.75218 139.392
100.099 19.5729 39.5135 4.75141 139.351
100.199 19.5559 39.5544 4.75063 139.31
100.299 19.5389 39.5954 4.74983 139.269
100.399 19.5218 39.6363 4.74902 139.228
100.499 19.5048 39.6772 4.74819 139.187
100.599 19.4876 39.7181 4.74734 139.146
100.699 19.4705 39.759 4.74648 139.105
100.799 19.4533 39.7999 4.74561 139.064
100.899 19.4361 39.8408 4.74472 139.024
100.999 19.4188 39.8816 4.74382 138.983
101.099 19.4015 39.9225 4.7429 138.942
101.199 19.3842 39.9633 4.74197 138.901
101.299 19.3669 40.0041 4.74102 138.86
101.399 19.3495 40.0449 4.74006 138.819
101.499 19.3321 40.0857 4.73908 138.779
101.599 19.3146 40.1265 4.73809 138.738
101.699 19.2971 40.1672 4.73708 138.697
101.799 19.2796 40.208 4.73606 138.656
101.899 19.2621 40.2487 4.73502 138.616
101.999 19.2445 40.2894 4.73397 138.575
102.099 19.2269 40.3301 4.7329 138.534
102.199 19.2092 40.3708 4.73182 138.494
102.299 19.1916 40.4115 4.73073 138.453
102.399 19.1739 40.4521 4.72961 138.412
102.499 19.1561 40.4927 4.72849 138.372
102.599 19.1383 40.5334 4.72734 138.331
102.699 19.1205 40.574 4.72619 138.29
102.799 19.1027 40.6146 4.72502 138.25
102.899 19.0848 40.6551 4.72383 138.209
102.999 19.0669 40.6957 4.72263 138.169
103.099 19.049 40.7362 4.72141 138.128
103.199 19.031 40.7767 4.72018 138.088
103.299 19.0131 40.8172 4.71893 138.047
103.399 18.995 40.8577 4.71767 138.007
103.499 18.977 40.8982 4.7164 137.966
103.599 18.9589 40.9387 4.71511 137.926
103.699 18.9408 40.9791 4.7138 137.885
103.799 18.9226 41.0195 4.71248 137.845
103.899 18.9044 41.0599 4.71114 137.804
103.999 18.8862 41.1003 4.70979 137.764
104.099 18.868 41.1407 4.70843 137.724
104.199 18.8497 41.181 4.70704 137.683
104.299 18.8314 41.2214 4.70565 137.643
104.399 18.8131 41.2617 4.70424 137.603
104.499 18.7947 41.302 4.70281 137.562
104.599 18.7763 41.3423 4.70137 137.522
104.699 18.7579 41.3825 4.69991 137.482
104.799 18.7394 41.4228 4.69844 137.442
104.899 18.7209 41.463 4.69696 137.401
104.999 18.7024 41.5032 4.69546 137.361
105.099 18.6839 41.5434 4.69394 137.321
105.199 18.6653 41.5835 4.69241 137.281
105.299 18.6467 41.6237 4.69086 137.241
105.399 18.6281 41.6638 4.6893 137.201
105.499 18.6094 41.7039 4.68773 137.16
105.599 18.5907 41.744 4.68614 137.12
105.699 18.572 41.7841 4.68453 137.08
105.799 18.5532 41.8241 4.68291 137.04
105.899 18.5344 41.8642 4.68127 137
105.999 18.5156 41.9042 4.67962 136.96
106.099 18.4968 41.9442 4.67796 136.92
106.199 18.4779 41.9841 4.67627 136.88
106.299 18.459 42.0241 4.67458 136.84
106.399 18.4401 42.064 4.67287 136.8
106.499 18.4211 42.1039 4.67114 136.76
106.599 18.4021 42.1438 4.6694 136.721
106.699 18.3831 42.1837 4.66764 136.681
106.799 18.3641 42.2235 4.66587 136.641
106.899 18.345 42.2634 4.66409 136.601
106.999 18.3259 42.3032 4.66229 136.561
107.099 18.3067 42.3429 4.66047 136.521
107.199 18.2876 42.3827 4.65864 136.482
107.299 18.2684 42.4225 4.65679 136.442
107.399 18.2492 42.4622 4.65493 136.402
107.499 18.2299 42.5019 4.65305 136.362
107.599 18.2107 42.5415 4.65116 136.323
107.699 18.1913 42.5812 4.64926 136.283
107.799 18.172 42.6208 4.64733 136.243
107.899 18.1527 42.6604 4.6454 136.204
107.999 18.1333 42.7 4.64345 136.164
108.099 18.1139 42.7396 4.64148 136.125
108.199 18.0944 42.7791 4.6395 136.085
108.299 18.0749 42.8187 4.6375 136.046
108.399 18.0554 42.8582 4.63549 136.006
108.499 18.0359 42.8976 4.63346 135.967
108.599 18.0164 42.9371 4.63142 135.927
108.699 17.9968 42.9765 4.62937 135.888
108.799 17.9772 43.0159 4.62729 135.848
108.899 17.9575 43.0553 4.62521 135.809
108.999 17.9379 43.0947 4.62311 135.77
109.099 17.9182 43.134 4.62099 135.73
109.199 17.8985 43.1733 4.61886 135.691
109.299 17.8787 43.2126 4.61671 135.652
109.399 17.8589 43.2519 4.61455 135.612
109.499 17.8391 43.2911 4.61237 135.573
109.599 17.8193 43.3303 4.61018 135.534
109.699 17.7995 43.3695 4.60797 135.495
109.799 17.7796 43.4087 4.60575 135.456
109.899 17.7597 43.4478 4.60351 135.417
109.999 17.7397 43.4869 4.60126 135.377
110.099 17.7198 43.526 4.59899 135.338
110.199 17.6998 43.5651 4.59671 135.299
110.299 17.6798 43.6041 4.59441 135.26
110.399 17.6597 43.6431 4.5921 135.221
110.499 17.6397 43.6821 4.58977 135.182
110.599 17.6196 43.7211 4.58743 135.143
110.699 17.5995 43.76 4.58507 135.104
110.799 17.5793 43.7989 4.5827 135.065
110.899 17.5592 43.8378 4.58032 135.026
110.999 17.539 43.8767 4.57791 134.988
111.099 17.5187 43.9155 4.5755 134.949
111.199 17.4985 43.9543 4.57306 134.91
111.299 17.4782 43.9931 4.57062 134.871
111.399 17.4579 44.0319 4.56815 134.832
111.499 17.4376 44.0706 4.56568 134.794
111.599 17.4172 44.1093 4.56318 134.755
111.699 17.3969 44.148 4.56068 134.716
111.799 17.3765 44.1866 4.55815 134.678
111.899 17.356 44.2253 4.55562 134.639
111.999 17.3356 44.2639 4.55306 134.6
112.099 17.3151 44.3024 4.5505 134.562
112.199 17.2946 44.341 4.54791 134.523
112.299 17.2741 44.3795 4.54532 134.485
112.399 17.2535 44.418 4.5427 134.446
112.499 17.2329 44.4564 4.54008 134.408
112.599 17.2123 44.4949 4.53744 134.369
112.699 17.1917 44.5333 4.53478 134.331
112.799 17.171 44.5717 4.53211 134.293
112.899 17.1504 44.61 4.52942 134.254
112.999 17.1297 44.6483 4.52672 134.216
113.099 17.1089 44.6866 4.524 134.178
113.199 17.0882 44.7249 4.52127 134.139
113.299 17.0674 44.7631 4.51852 134.101
113.399 17.0466 44.8013 4.51576 134.063
113.499 17.0258 44.8395 4.51298 134.025
113.599 17.0049 44.8776 4.51019 133.987
113.699 16.984 44.9158 4.50738 133.949
113.799 16.9631 44.9538 4.50456 133.91
113.899 16.9422 44.9919 4.50172 133.872
113.999 16.9213 45.0299 4.49887 133.834
114.099 16.9003 45.0679 4.496 133.796
114.199 16.8793 45.1059 4.49312 133.758
114.299 16.8583 45.1438 4.49023 133.72
114.399 16.8372 45.1818 4.48731 133.683
114.499 16.8162 45.2196 4.48439 133.645
114.599 16.7951 45.2575 4.48145 133.607
114.699 16.7739 45.2953 4.47849 133.569
114.799 16.7528 45.3331 4.47552 133.531
114.899 16.7316 45.3709 4.47253 133.493
114.999 16.7105 45.4086 4.46953 133.456
115.099 16.6892 45.4463 4.46651 133.418
115.199 16.668 45.484 4.46348 133.38
115.299 16.6468 45.5216 4.46044 133.343
115.399 16.6255 45.5592 4.45738 133.305
115.499 16.6042 45.5968 4.4543 133.268
115.599 16.5828 45.6343 4.45121 133.23
115.699 16.5615 45.6718 4.4481 133.192
115.799 16.5401 45.7093 4.44498 133.155
115.899 16.5187 45.7468 4.44185 133.118
115.999 16.4973 45.7842 4.4387 133.08
116.099 16.4759 45.8216 4.43553 133.043
116.199 16.4544 45.8589 4.43235 133.005
116.299 16.4329 45.8963 4.42916 132.968
116.399 16.4114 45.9335 4.42595 132.931
116.499 16.3899 45.9708 4.42272 132.894
116.599 16.3683 46.008 4.41948 132.856
116.699 16.3467 46.0452 4.41623 132.819
116.799 16.3251 46.0824 4.41296 132.782
116.899 16.3035 46.1195 4.40968 132.745
116.999 16.2819 46.1566 4.40638 132.708
117.099 16.2602 46.1937 4.40307 132.671
117.199 16.2385 46.2307 4.39974 132.634
117.299 16.2168 46.2677 4.39639 132.597
117.399 16.1951 46.3046 4.39304 132.56
117.499 16.1733 46.3416 4.38966 132.523
117.599 16.1515 46.3785 4.38628 132.486
117.699 16.1297 46.4153 4.38287 132.449
117.799 16.1079 46.4522 4.37946 132.412
117.899 16.086 46.489 4.37602 132.375
117.999 16.0642 46.5257 4.37258 132.339
118.099 16.0423 46.5624 4.36912 132.302
118.199 16.0204 46.5991 4.36564 132.265
118.299 15.9984 46.6358 4.36215 132.229
118.399 15.9765 46.6724 4.35864 132.192
118.499 15.9545 46.709 4.35512 132.155
118.599 15.9325 46.7455 4.35159 132.119
118.699 15.9105 46.7821 4.34804 132.082
118.799 15.8885 46.8186 4.34447 132.046
118.899 15.8664 46.855 4.34089 132.009
118.999 15.8443 46.8914 4.3373 131.973
119.099 15.8222 46.9278 4.33369 131.937
119.199 15.8001 46.9641 4.33007 131.9
119.299 15.7779 47.0004 4.32643 131.864
119.399 15.7558 47.0367 4.32277 131.828
119.499 15.7336 47.073 4.31911 131.791
119.599 15.7114 47.1092 4.31542 131.755
119.699 15.6891 47.1453 4.31173 131.719
119.799 15.6669 47.1814 4.30801 131.683
119.899 15.6446 47.2175 4.30429 131.647
119.999 15.6223 47.2536 4.30055 131.611
120.099 15.6 47.2896 4.29679 131.575
120.199 15.5777 47.3256 4.29302 131.539
120.299 15.5553 47.3615 4.28923 131.503
120.399 15.5329 47.3975 4.28544 131.467
120.499 15.5105 47.4333 4.28162 131.431
120.599 15.4881 47.4692 4.27779 131.395
120.699 15.4657 47.505 4.27395 131.359
120.799 15.4432 47.5407 4.27009 131.324
120.899 15.4208 47.5765 4.26622 131.288
120.999 15.3983 47.6121 4.26233 131.252
121.099 15.3757 47.6478 4.25843 131.217
121.199 15.3532 47.6834 4.25451 131.181
121.299 15.3306 47.719 4.25058 131.145
121.399 15.3081 47.7545 4.24663 131.11
121.499 15.2855 47.79 4.24267 131.074
121.599 15.2629 47.8255 4.2387 131.039
121.699 15.2402 47.8609 4.23471 131.003
121.799 15.2176 47.8963 4.23071 130.968
121.899 15.1949 47.9316 4.22669 130.933
121.999 15.1722 47.967 4.22265 130.897
122.099 15.1495 48.0022 4.21861 130.862
122.199 15.1267 48.0375 4.21455 130.827
122.299 15.104 48.0727 4.21047 130.792
122.399 15.0812 48.1078 4.20638 130.757
122.499 15.0584 48.1429 4.20227 130.721
122.599 15.0356 48.178 4.19815 130.686
122.699 15.0127 48.213 4.19402 130.651
122.799 14.9899 48.248 4.18987 130.616
122.899 14.967 48.283 4.18571 130.581
122.999 14.9441 48.3179 4.18153 130.546
123.099 14.9212 48.3528 4.17734 130.512
123.199 14.8983 48.3876 4.17313 130.477
123.299 14.8753 48.4224 4.16891 130.442
123.399 14.8524 48.4572 4.16467 130.407
123.499 14.8294 48.4919 4.16042 130.372
123.599 14.8064 48.5266 4.15616 130.338
123.699 14.7833 48.5612 4.15188 130.303
123.799 14.7603 48.5958 4.14759 130.268
123.899 14.7372 48.6304 4.14328 130.234
123.999 14.7142 48.6649 4.13896 130.199
124.099 14.6911 48.6994 4.13462 130.165
124.199 14.6679 48.7338 4.13027 130.13
124.299 14.6448 48.7682 4.12591 130.096
124.399 14.6216 48.8026 4.12153 130.062
124.499 14.5985 48.8369 4.11714 130.027
124.599 14.5753 48.8712 4.11273 129.993
124.699 14.5521 48.9054 4.10831 129.959
124.799 14.5288 48.9396 4.10387 129.925
124.899 14.5056 48.9738 4.09942 129.891
124.999 14.4823 49.0079 4.09496 129.856
125.099 14.459 49.0419 4.09048 129.822
125.199 14.4357 49.076 4.08599 129.788
125.299 14.4124 49.1099 4.08148 129.754
125.399 14.3891 49.1439 4.07696 129.72
125.499 14.3657 49.1778 4.07242 129.687
125.599 14.3423 49.2116 4.06787 129.653
125.699 14.3189 49.2455 4.06331 129.619
125.799 14.2955 49.2792 4.05873 129.585
125.899 14.2721 49.313 4.05414 129.551
125.999 14.2487 49.3466 4.04953 129.518
126.099 14.2252 49.3803 4.04491 129.484
126.199 14.2017 49.4139 4.04028 129.45
126.299 14.1782 49.4475 4.03563 129.417
126.399 14.1547 49.481 4.03096 129.383
126.499 14.1312 49.5144 4.02629 129.35
126.599 14.1076 49.5479 4.0216 129.316
126.699 14.084 49.5813 4.01689 129.283
126.799 14.0605 49.6146 4.01217 129.25
126.899 14.0369 49.6479 4.00744 129.216
126.999 14.0132 49.6812 4.00269 129.183
127.099 13.9896 49.7144 3.99793 129.15
127.199 13.9659 49.7475 3.99316 129.117
127.299 13.9423 49.7807 3.98837 129.084
127.399 13.9186 49.8137 3.98356 129.051
127.499 13.8949 49.8468 3.97875 129.018
127.599 13.8711 49.8798 3.97391 128.985
127.699 13.8474 49.9127 3.96907 128.952
127.799 13.8236 49.9456 3.96421 128.919
127.899 13.7999 49.9785 3.95934 128.886
127.999 13.7761 50.0113 3.95445 128.853
128.099 13.7523 50.0441 3.94955 128.82
128.199 13.7284 50.0768 3.94463 128.788
128.299 13.7046 50.1095 3.9397 128.755
128.399 13.6807 50.1421 3.93476 128.722
128.499 13.6569 50.1747 3.9298 128.69
128.599 13.633 50.2073 3.92483 128.657
128.699 13.609 50.2398 3.91985 128.625
128.799 13.5851 50.2722 3.91485 128.592
128.899 13.5612 50.3046 3.90984 128.56
128.999 13.5372 50.337 3.90481 128.527
129.099 13.5132 50.3693 3.89977 128.495
129.199 13.4892 50.4016 3.89472 128.463
129.299 13.4652 50.4338 3.88965 128.431
129.399 13.4412 50.466 3.88457 128.398
129.499 13.4172 50.4981 3.87947 128.366
129.599 13.3931 50.5302 3.87437 128.334
129.699 13.369 50.5623 3.86924 128.302
129.799 13.345 50.5943 3.86411 128.27
129.899 13.3208 50.6262 3.85896 128.238
129.999 13.2967 50.6581 3.85379 128.206
130.099 13.2726 50.69 3.84862 128.174
130.199 13.2484 50.7218 3.84343 128.143
130.299 13.2243 50.7535 3.83822 128.111
130.399 13.2001 50.7853 3.833 128.079
130.499 13.1759 50.8169 3.82777 128.047
130.599 13.1517 50.8486 3.82253 128.016
130.699 13.1274 50.8801 3.81727 127.984
130.799 13.1032 50.9117 3.812 127.953
130.899 13.0789 50.9431 3.80671 127.921
130.999 13.0546 50.9746 3.80141 127.89
131.099 13.0303 51.006 3.7961 127.858
131.199 13.006 51.0373 3.79077 127.827
131.299 12.9817 51.0686 3.78543 127.796
131.399 12.9574 51.0998 3.78008 127.765
131.499 12.933 51.131 3.77471 127.733
131.599 12.9086 51.1622 3.76933 127.702
131.699 12.8843 51.1933 3.76394 127.671
131.799 12.8599 51.2243 3.75853 127.64
131.899 12.8354 51.2553 3.75311 127.609
131.999 12.811 51.2863 3.74767 127.578
132.099 12.7866 51.3172 3.74223 127.547
132.199 12.7621 51.348 3.73676 127.516
132.299 12.7376 51.3788 3.73129 127.486
132.399 12.7131 51.4096 3.7258 127.455
132.499 12.6886 51.4403 3.7203 127.424
132.599 12.6641 51.4709 3.71479 127.393
132.699 12.6396 51.5016 3.70926 127.363
132.799 12.615 51.5321 3.70372 127.332
132.899 12.5905 51.5626 3.69816 127.302
132.999 12.5659 51.5931 3.6926 127.271
133.099 12.5413 51.6235 3.68702 127.241
133.199 12.5167 51.6539 3.68142 127.21
133.299 12.492 51.6842 3.67582 127.18
133.399 12.4674 51.7144 3.67019 127.15
133.499 12.4427 51.7446 3.66456 127.12
133.599 12.4181 51.7748 3.65891 127.09
133.699 12.3934 51.8049 3.65325 127.059
133.799 12.3687 51.835 3.64758 127.029
133.899 12.344 51.865 3.6419 126.999
133.999 12.3193 51.895 3.6362 126.969
134.099 12.2945 51.9249 3.63048 126.939
134.199 12.2698 51.9547 3.62476 126.91
134.299 12.245 51.9845 3.61902 126.88
134.399 12.2202 52.0143 3.61327 126.85
134.499 12.1954 52.044 3.60751 126.82
134.599 12.1706 52.0737 3.60173 126.791
134.699 12.1458 52.1033 3.59594 126.761
134.799 12.121 52.1328 3.59013 126.731
134.899 12.0961 52.1623 3.58432 126.702
134.999 12.0712 52.1918 3.57849 126.673
135.099 12.0464 52.2212 3.57265 126.643
135.199 12.0215 52.2505 3.56679 126.614
135.299 11.9966 52.2798 3.56092 126.584
135.399 11.9716 52.3091 3.55504 126.555
135.499 11.9467 52.3383 3.54915 126.526
135.599 11.9218 52.3674 3.54324 126.497
135.699 11.8968 52.3965 3.53732 126.468
135.799 11.8718 52.4256 3.53139 126.439
135.899 11.8468 52.4545 3.52545 126.41
135.999 11.8218 52.4835 3.51949 126.381
136.099 11.7968 52.5124 3.51352 126.352
136.199 11.7718 52.5412 3.50753 126.323
136.299 11.7467 52.57 3.50154 126.294
136.399 11.7217 52.5987 3.49553 126.266
136.499 11.6966 52.6274 3.48951 126.237
136.599 11.6715 52.656 3.48347 126.208
136.699 11.6464 52.6846 3.47743 126.18
136.799 11.6213 52.7131 3.47137 126.151
136.899 11.5962 52.7415 3.4653 126.123
136.999 11.5711 52.77 3.45921 126.094
137.099 11.5459 52.7983 3.45311 126.066
137.199 11.5208 52.8266 3.447 126.038
137.299 11.4956 52.8549 3.44088 126.009
137.399 11.4704 52.8831 3.43475 125.981
137.499 11.4452 52.9112 3.4286 125.953
137.599 11.42 52.9393 3.42244 125.925
137.699 11.3948 52.9673 3.41627 125.897
137.799 11.3695 52.9953 3.41008 125.869
137.899 11.3443 53.0232 3.40389 125.841
137.999 11.319 53.0511 3.39768 125.813
138.099 11.2938 53.0789 3.39146 125.785
138.199 11.2685 53.1067 3.38522 125.758
138.299 11.2432 53.1344 3.37897 125.73
138.399 11.2178 53.1621 3.37272 125.702
138.499 11.1925 53.1897 3.36644 125.675
138.599 11.1672 53.2172 3.36016 125.647
138.699 11.1418 53.2447 3.35386 125.62
138.799 11.1165 53.2722 3.34756 125.592
138.899 11.0911 53.2995 3.34124 125.565
138.999 11.0657 53.3269 3.3349 125.537
139.099 11.0403 53.3541 3.32856 125.51
139.199 11.0149 53.3814 3.3222 125.483
139.299 10.9895 53.4085 3.31583 125.456
139.399 10.964 53.4356 3.30945 125.429
139.499 10.9386 53.4627 3.30306 125.402
139.599 10.9131 53.4897 3.29665 125.375
139.699 10.8876 53.5166 3.29023 125.348
139.799 10.8622 53.5435 3.2838 125.321
139.899 10.8367 53.5704 3.27736 125.294
139.999 10.8112 53.5971 3.27091 125.267
140.099 10.7856 53.6239 3.26444 125.24
140.199 10.7601 53.6505 3.25797 125.214
140.299 10.7346 53.6771 3.25148 125.187
140.399 10.709 53.7037 3.24497 125.161
140.499 10.6834 53.7302 3.23846 125.134
140.599 10.6579 53.7566 3.23193 125.108
140.699 10.6323 53.783 3.2254 125.081
140.799 10.6067 53.8094 3.21885 125.055
140.899 10.581 53.8356 3.21229 125.029
140.999 10.5554 53.8619 3.20571 125.002
141.099 10.5298 53.888 3.19913 124.976
141.199 10.5041 53.9141 3.19253 124.95
141.299 10.4785 53.9402 3.18592 124.924
141.399 10.4528 53.9662 3.1793 124.898
141.499 10.4271 53.9921 3.17267 124.872
141.599 10.4014 54.018 3.16603 124.846
141.699 10.3757 54.0438 3.15937 124.821
141.799 10.35 54.0696 3.15271 124.795
141.899 10.3243 54.0953 3.14603 124.769
141.999 10.2985 54.1209 3.13934 124.743
142.099 10.2728 54.1465 3.13263 124.718
142.199 10.247 54.1721 3.12592 124.692
142.299 10.2212 54.1975 3.1192 124.667
142.399 10.1954 54.223 3.11246 124.641
142.499 10.1697 54.2483 3.10571 124.616
142.6 10.1438 54.2736 3.09895 124.591
142.7 10.118 54.2989 3.09218 124.565
142.8 10.0922 54.3241 3.0854 124.54
142.9 10.0664 54.3492 3.0786 124.515
143 10.0405 54.3743 3.0718 124.49
143.1 10.0146 54.3993 3.06498 124.465
143.2 9.98878 54.4242 3.05815 124.44
143.3 9.96289 54.4491 3.05131 124.415
143.4 9.937 54.474 3.04446 124.39
143.5 9.9111 54.4988 3.0376 124.366
143.6 9.88518 54.5235 3.03073 124.341
143.7 9.85925 54.5482 3.02384 124.316
143.8 9.83332 54.5728 3.01695 124.292
143.9 9.80737 54.5973 3.01004 124.267
144 9.78141 54.6218 3.00312 124.243
144.1 9.75545 54.6462 2.99619 124.218
144.2 9.72947 54.6706 2.98925 124.194
144.3 9.70348 54.6949 2.9823 124.169
144.4 9.67748 54.7192 2.97534 124.145
144.5 9.65147 54.7434 2.96836 124.121
144.6 9.62545 54.7675 2.96138 124.097
144.7 9.59942 54.7916 2.95438 124.073
144.8 9.57338 54.8156 2.94738 124.049
144.9 9.54733 54.8396 2.94036 124.025
145 9.52127 54.8635 2.93333 124.001
145.1 9.4952 54.8873 2.92629 123.977
145.2 9.46912 54.9111 2.91924 123.953
145.3 9.44303 54.9348 2.91218 123.93
145.4 9.41693 54.9585 2.9051 123.906
145.5 9.39082 54.9821 2.89802 123.882
145.6 9.3647 55.0056 2.89093 123.859
145.7 9.33857 55.0291 2.88382 123.835
145.8 9.31243 55.0525 2.87671 123.812
145.9 9.28628 55.0759 2.86958 123.788
146 9.26012 55.0992 2.86244 123.765
146.1 9.23395 55.1224 2.85529 123.742
146.2 9.20777 55.1456 2.84814 123.719
146.3 9.18158 55.1687 2.84097 123.696
146.4 9.15538 55.1918 2.83379 123.673
146.5 9.12917 55.2148 2.8266 123.65
146.6 9.10295 55.2377 2.81939 123.627
146.7 9.07672 55.2606 2.81218 123.604
146.8 9.05049 55.2834 2.80496 123.581
146.9 9.02424 55.3062 2.79773 123.558
147 8.99798 55.3289 2.79048 123.535
147.1 8.97172 55.3515 2.78323 123.513
147.2 8.94544 55.3741 2.77597 123.49
147.3 8.91916 55.3966 2.76869 123.468
147.4 8.89286 55.4191 2.76141 123.445
147.5 8.86656 55.4415 2.75411 123.423
147.6 8.84025 55.4638 2.7468 123.401
147.7 8.81392 55.486 2.73949 123.378
147.8 8.78759 55.5083 2.73216 123.356
147.9 8.76125 55.5304 2.72483 123.334
148 8.7349 55.5525 2.71748 123.312
148.1 8.70854 55.5745 2.71012 123.29
148.2 8.68218 55.5965 2.70275 123.268
148.3 8.6558 55.6184 2.69538 123.246
148.4 8.62941 55.6402 2.68799 123.224
148.5 8.60302 55.662 2.68059 123.202
148.6 8.57662 55.6837 2.67318 123.181
148.7 8.5502 55.7053 2.66577 123.159
148.8 8.52378 55.7269 2.65834 123.137
148.9 8.49735 55.7485 2.6509 123.116
149 8.47091 55.7699 2.64345 123.094
149.1 8.44446 55.7913 2.63599 123.073
149.2 8.41801 55.8127 2.62853 123.052
149.3 8.39154 55.8339 2.62105 123.03
149.4 8.36507 55.8552 2.61356 123.009
149.5 8.33858 55.8763 2.60606 122.988
149.6 8.31209 55.8974 2.59856 122.967
149.7 8.28559 55.9184 2.59104 122.946
149.8 8.25908 55.9394 2.58351 122.925
149.9 8.23256 55.9603 2.57597 122.904
150 8.20604 55.9811 2.56843 122.883
150.1 8.1795 56.0019 2.56087 122.862
150.2 8.15296 56.0226 2.55331 122.842
150.3 8.12641 56.0433 2.54573 122.821
150.4 8.09985 56.0639 2.53814 122.8
150.5 8.07328 56.0844 2.53055 122.78
150.6 8.04671 56.1049 2.52295 122.759
150.7 8.02012 56.1253 2.51533 122.739
150.8 7.99353 56.1456 2.50771 122.719
150.9 7.96693 56.1659 2.50008 122.698
151 7.94032 56.1861 2.49243 122.678
151.1 7.9137 56.2062 2.48478 122.658
151.2 7.88708 56.2263 2.47712 122.638
151.3 7.86044 56.2463 2.46945 122.618
151.4 7.8338 56.2663 2.46177 122.598
151.5 7.80715 56.2862 2.45408 122.578
151.6 7.78049 56.306 2.44638 122.558
151.7 7.75383 56.3257 2.43867 122.539
151.8 7.72716 56.3454 2.43095 122.519
151.9 7.70047 56.3651 2.42323 122.499
152 7.67378 56.3846 2.41549 122.48
152.1 7.64709 56.4041 2.40775 122.46
152.2 7.62038 56.4236 2.39999 122.441
152.3 7.59367 56.443 2.39223 122.421
152.4 7.56695 56.4623 2.38446 122.402
152.5 7.54022 56.4815 2.37668 122.383
152.6 7.51349 56.5007 2.36889 122.364
152.7 7.48674 56.5198 2.36109 122.344
152.8 7.45999 56.5389 2.35328 122.325
152.9 7.43323 56.5579 2.34546 122.306
153 7.40647 56.5768 2.33763 122.288
153.1 7.37969 56.5957 2.3298 122.269
153.2 7.35291 56.6145 2.32196 122.25
153.3 7.32612 56.6332 2.3141 122.231
153.4 7.29933 56.6519 2.30624 122.212
153.5 7.27252 56.6705 2.29837 122.194
153.6 7.24571 56.689 2.29049 122.175
153.7 7.21889 56.7075 2.2826 122.157
153.8 7.19207 56.7259 2.27471 122.138
153.9 7.16523 56.7442 2.2668 122.12
154 7.13839 56.7625 2.25889 122.102
154.1 7.11155 56.7807 2.25096 122.084
154.2 7.08469 56.7988 2.24303 122.065
154.3 7.05783 56.8169 2.23509 122.047
154.4 7.03096 56.8349 2.22714 122.029
154.5 7.00408 56.8529 2.21919 122.011
154.6 6.9772 56.8708 2.21122 121.994
154.7 6.95031 56.8886 2.20325 121.976
154.8 6.92341 56.9063 2.19526 121.958
154.9 6.89651 56.924 2.18727 121.94
155 6.8696 56.9416 2.17927 121.923
155.1 6.84268 56.9592 2.17127 121.905
155.2 6.81576 56.9767 2.16325 121.888
155.3 6.78882 56.9941 2.15523 121.87
155.4 6.76189 57.0115 2.1472 121.853
155.5 6.73494 57.0288 2.13915 121.836
155.6 6.70799 57.046 2.13111 121.818
155.7 6.68103 57.0631 2.12305 121.801
155.8 6.65406 57.0802 2.11498 121.784
155.9 6.62709 57.0973 2.10691 121.767
156 6.60011 57.1142 2.09883 121.75
156.1 6.57313 57.1311 2.09074 121.733
156.2 6.54614 57.1479 2.08264 121.716
156.3 6.51914 57.1647 2.07454 121.7
156.4 6.49213 57.1814 2.06642 121.683
156.5 6.46512 57.198 2.0583 121.666
156.6 6.4381 57.2146 2.05017 121.65
156.7 6.41108 57.2311 2.04204 121.633
156.8 6.38405 57.2475 2.03389 121.617
156.9 6.35701 57.2639 2.02574 121.6
157 6.32996 57.2802 2.01758 121.584
157.1 6.30291 57.2964 2.00941 121.568
157.2 6.27586 57.3126 2.00124 121.552
157.3 6.2488 57.3286 1.99305 121.536
157.4 6.22173 57.3447 1.98486 121.52
157.5 6.19465 57.3606 1.97666 121.504
157.6 6.16757 57.3765 1.96846 121.488
157.7 6.14048 57.3923 1.96024 121.472
157.8 6.11339 57.4081 1.95202 121.456
157.9 6.08629 57.4238 1.94379 121.441
158 6.05918 57.4394 1.93555 121.425
158.1 6.03207 57.455 1.92731 121.409
158.2 6.00496 57.4705 1.91906 121.394
158.3 5.97783 57.4859 1.9108 121.378
158.4 5.9507 57.5012 1.90253 121.363
158.5 5.92357 57.5165 1.89426 121.348
158.6 5.89643 57.5317 1.88598 121.333
158.7 5.86928 57.5469 1.87769 121.317
158.8 5.84213 57.562 1.8694 121.302
158.9 5.81497 57.577 1.86109 121.287
159.001 5.7878 57.5919 1.85278 121.272
159.101 5.76063 57.6068 1.84447 121.258
159.201 5.73346 57.6216 1.83614 121.243
159.301 5.70627 57.6364 1.82781 121.228
159.401 5.67909 57.651 1.81947 121.213
159.501 5.65189 57.6657 1.81113 121.199
159.601 5.6247 57.6802 1.80278 121.184
159.701 5.59749 57.6947 1.79442 121.17
159.801 5.57028 57.7091 1.78605 121.155
159.901 5.54307 57.7234 1.77768 121.141
160.001 5.51585 57.7377 1.7693 121.127
160.101 5.48862 57.7519 1.76091 121.112
160.201 5.46139 57.766 1.75252 121.098
160.301 5.43415 57.7801 1.74412 121.084
160.401 5.40691 57.7941 1.73571 121.07
160.501 5.37966 57.808 1.7273 121.056
160.601 5.35241 57.8218 1.71888 121.042
160.701 5.32515 57.8356 1.71045 121.029
160.801 5.29789 57.8494 1.70202 121.015
160.901 5.27062 57.863 1.69358 121.001
161.001 5.24335 57.8766 1.68513 120.988
161.101 5.21607 57.8901 1.67668 120.974
161.201 5.18878 57.9035 1.66822 120.961
161.301 5.1615 57.9169 1.65975 120.947
161.401 5.1342 57.9302 1.65128 120.934
161.501 5.1069 57.9435 1.6428 120.921
161.601 5.0796 57.9566 1.63431 120.908
161.701 5.05229 57.9697 1.62582 120.895
161.801 5.02497 57.9828 1.61732 120.882
161.901 4.99766 57.9957 1.60882 120.869
162.001 4.97033 58.0086 1.60031 120.856
162.101 4.943 58.0215 1.59179 120.843
162.201 4.91567 58.0342 1.58327 120.83
162.301 4.88833 58.0469 1.57474 120.817
162.401 4.86099 58.0595 1.5662 120.805
162.501 4.83364 58.0721 1.55766 120.792
162.601 4.80629 58.0845 1.54912 120.78
162.701 4.77893 58.097 1.54056 120.767
162.801 4.75157 58.1093 1.532 120.755
162.901 4.7242 58.1216 1.52344 120.743
163.001 4.69683 58.1338 1.51487 120.731
163.101 4.66945 58.1459 1.50629 120.718
163.201 4.64207 58.158 1.49771 120.706
163.301 4.61469 58.17 1.48912 120.694
163.401 4.5873 58.1819 1.48052 120.682
163.501 4.5599 58.1937 1.47192 120.671
163.601 4.53251 58.2055 1.46332 120.659
163.701 4.5051 58.2172 1.4547 120.647
163.801 4.4777 58.2289 1.44609 120.635
163.901 4.45028 58.2405 1.43746 120.624
164.001 4.42287 58.252 1.42884 120.612
164.101 4.39545 58.2634 1.4202 120.601
164.201 4.36802 58.2748 1.41156 120.59
164.301 4.3406 58.2861 1.40292 120.578
164.401 4.31316 58.2973 1.39427 120.567
164.501 4.28573 58.3084 1.38561 120.556
164.601 4.25828 58.3195 1.37695 120.545
164.701 4.23084 58.3305 1.36828 120.534
164.801 4.20339 58.3415 1.35961 120.523
164.901 4.17593 58.3524 1.35093 120.512
165.001 4.14848 58.3632 1.34225 120.501
165.101 4.12102 58.3739 1.33356 120.49
165.201 4.09355 58.3846 1.32487 120.48
165.301 4.06608 58.3952 1.31617 120.469
165.401 4.03861 58.4057 1.30747 120.459
165.501 4.01113 58.4161 1.29876 120.448
165.601 3.98365 58.4265 1.29004 120.438
165.701 3.95616 58.4368 1.28133 120.427
165.801 3.92867 58.4471 1.2726 120.417
165.901 3.90118 58.4573 1.26387 120.407
166.001 3.87368 58.4674 1.25514 120.397
166.101 3.84618 58.4774 1.2464 120.387
166.201 3.81868 58.4873 1.23766 120.377
166.301 3.79117 58.4972 1.22891 120.367
166.401 3.76366 58.5071 1.22016 120.357
166.501 3.73614 58.5168 1.2114 120.348
166.601 3.70862 58.5265 1.20264 120.338
166.701 3.6811 58.5361 1.19387 120.328
166.801 3.65358 58.5456 1.1851 120.319
166.901 3.62605 58.5551 1.17632 120.309
167.001 3.59851 58.5645 1.16754 120.3
167.101 3.57098 58.5738 1.15875 120.291
167.201 3.54344 58.5831 1.14996 120.281
167.301 3.51589 58.5923 1.14117 120.272
167.401 3.48835 58.6014 1.13237 120.263
167.501 3.4608 58.6104 1.12357 120.254
167.601 3.43324 58.6194 1.11476 120.245
167.701 3.40569 58.6283 1.10595 120.236
167.801 3.37813 58.6371 1.09713 120.227
167.901 3.35056 58.6459 1.08831 120.218
168.001 3.323 58.6546 1.07949 120.21
168.101 3.29543 58.6632 1.07066 120.201
168.201 3.26785 58.6717 1.06182 120.193
168.301 3.24028 58.6802 1.05299 120.184
168.401 3.2127 58.6886 1.04414 120.176
168.501 3.18512 58.6969 1.0353 120.167
168.601 3.15753 58.7052 1.02645 120.159
168.701 3.12994 58.7134 1.01759 120.151
168.801 3.10235 58.7215 1.00874 120.143
168.901 3.07476 58.7295 0.999874 120.135
169.001 3.04716 58.7375 0.991009 120.127
169.101 3.01956 58.7454 0.982139 120.119
169.201 2.99195 58.7533 0.973266 120.111
169.301 2.96435 58.761 0.964388 120.103
169.401 2.93674 58.7687 0.955507 120.096
169.501 2.90913 58.7763 0.946623 120.088
169.601 2.88151 58.7839 0.937734 120.08
169.701 2.8539 58.7914 0.928842 120.073
169.801 2.82628 58.7988 0.919946 120.066
169.901 2.79865 58.8061 0.911047 120.058
170.001 2.77103 58.8134 0.902144 120.051
170.101 2.7434 58.8205 0.893237 120.044
170.201 2.71577 58.8277 0.884327 120.037
170.301 2.68814 58.8347 0.875414 120.03
170.401 2.6605 58.8417 0.866497 120.023
170.501 2.63286 58.8486 0.857577 120.016
170.601 2.60522 58.8554 0.848653 120.009
170.701 2.57758 58.8622 0.839726 120.002
170.801 2.54993 58.8689 0.830796 119.995
170.901 2.52228 58.8755 0.821862 119.989
171.001 2.49463 58.882 0.812926 119.982
171.101 2.46698 58.8885 0.803986 119.976
171.201 2.43932 58.8949 0.795043 119.969
171.301 2.41166 58.9012 0.786096 119.963
171.401 2.384 58.9075 0.777147 119.957
171.501 2.35634 58.9137 0.768195 119.951
171.601 2.32868 58.9198 0.75924 119.945
171.701 2.30101 58.9258 0.750281 119.938
171.801 2.27334 58.9318 0.74132 119.933
171.901 2.24567 58.9377 0.732356 119.927
172.001 2.21799 58.9435 0.723389 119.921
172.101 2.19032 58.9493 0.714419 119.915
172.201 2.16264 58.955 0.705446 119.909
172.301 2.13496 58.9606 0.696471 119.904
172.401 2.10728 58.9661 0.687492 119.898
172.501 2.0796 58.9716 0.678512 119.893
172.601 2.05191 58.977 0.669528 119.887
172.701 2.02422 58.9823 0.660542 119.882
172.801 1.99653 58.9876 0.651553 119.877
172.901 1.96884 58.9927 0.642562 119.872
173.001 1.94115 58.9978 0.633568 119.866
173.101 1.91345 59.0029 0.624571 119.861
173.201 1.88575 59.0078 0.615573 119.856
173.301 1.85805 59.0127 0.606571 119.852
173.401 1.83035 59.0175 0.597568 119.847
173.501 1.80265 59.0223 0.588562 119.842
173.601 1.77495 59.027 0.579554 119.837
173.701 1.74724 59.0316 0.570543 119.833
173.801 1.71953 59.0361 0.56153 119.828
173.901 1.69182 59.0406 0.552515 119.824
174.001 1.66411 59.0449 0.543498 119.819
174.101 1.6364 59.0493 0.534479 119.815
174.201 1.60869 59.0535 0.525458 119.811
174.301 1.58097 59.0577 0.516434 119.807
174.401 1.55325 59.0618 0.507409 119.803
174.501 1.52553 59.0658 0.498381 119.799
174.601 1.49781 59.0697 0.489352 119.795
174.701 1.47009 59.0736 0.48032 119.791
174.801 1.44237 59.0774 0.471287 119.787
174.901 1.41465 59.0812 0.462252 119.783
175.001 1.38692 59.0848 0.453215 119.78
175.101 1.35919 59.0884 0.444176 119.776
175.201 1.33147 59.0919 0.435136 119.772
175.301 1.30374 59.0954 0.426094 119.769
175.402 1.27601 59.0987 0.41705 119.766
175.502 1.24827 59.102 0.408004 119.762
175.602 1.22054 59.1053 0.398957 119.759
175.702 1.19281 59.1084 0.389909 119.756
175.802 1.16507 59.1115 0.380858 119.753
175.902 1.13733 59.1145 0.371807 119.75
176.002 1.1096 59.1175 0.362754 119.747
176.102 1.08186 59.1203 0.353699 119.744
176.202 1.05412 59.1231 0.344643 119.741
176.302 1.02638 59.1258 0.335586 119.738
176.402 0.998635 59.1285 0.326527 119.736
176.502 0.970892 59.1311 0.317467 119.733
176.602 0.943149 59.1336 0.308406 119.731
176.702 0.915404 59.136 0.299344 119.728
176.802 0.887659 59.1384 0.29028 119.726
176.902 0.859912 59.1406 0.281215 119.724
177.002 0.832165 59.1429 0.27215 119.721
177.102 0.804418 59.145 0.263083 119.719
177.202 0.776669 59.1471 0.254015 119.717
177.302 0.74892 59.1491 0.244946 119.715
177.402 0.72117 59.151 0.235876 119.713
177.502 0.693419 59.1528 0.226805 119.711
177.602 0.665667 59.1546 0.217734 119.71
177.702 0.637915 59.1563 0.208661 119.708
177.802 0.610163 59.1579 0.199588 119.706
177.902 0.58241 59.1595 0.190513 119.705
178.002 0.554656 59.161 0.181439 119.703
178.102 0.526901 59.1624 0.172363 119.702
178.202 0.499147 59.1638 0.163287 119.701
178.302 0.471391 59.165 0.15421 119.699
178.402 0.443636 59.1662 0.145132 119.698
178.502 0.415879 59.1673 0.136054 119.697
178.602 0.388123 59.1684 0.126975 119.696
178.702 0.360366 59.1694 0.117896 119.695
178.802 0.332609 59.1703 0.108817 119.694
178.902 0.304851 59.1711 0.0997365 119.693
179.002 0.277093 59.1719 0.090656 119.692
179.102 0.249335 59.1726 0.0815752 119.692
179.202 0.221577 59.1732 0.0724941 119.691
179.302 0.193818 59.1737 0.0634127 119.691
179.402 0.166059 59.1742 0.0543311 119.69
179.502 0.138301 59.1746 0.0452492 119.69
179.602 0.110542 59.1749 0.0361671 119.689
179.702 0.0827823 59.1752 0.027085 119.689
179.802 0.0550231 59.1754 0.0180027 119.689
179.902 0.0272638 59.1755 0.00892029 119.689
