0 1.10514e-14 2.81981 0 163.309
0.1 0.1575 2.81984 0.00756187 163.308
0.2 0.314995 2.81995 0.0151237 163.308
0.3 0.47248 2.82012 0.0226855 163.308
0.4 0.629949 2.82037 0.0302473 163.308
0.5 0.787398 2.82068 0.037809 163.308
0.6 0.944821 2.82107 0.0453706 163.307
0.7 1.10221 2.82152 0.0529321 163.307
0.8 1.25957 2.82205 0.0604934 163.306
0.9 1.41688 2.82264 0.0680547 163.306
1 1.57415 2.8233 0.0756157 163.305
1.1 1.73137 2.82404 0.0831766 163.304
1.2 1.88853 2.82484 0.0907373 163.303
1.3 2.04563 2.82571 0.0982977 163.303
1.4 2.20266 2.82666 0.105858 163.302
1.5 2.35962 2.82767 0.113418 163.301
1.6 2.51651 2.82875 0.120978 163.3
1.7 2.67331 2.82991 0.128537 163.298
1.8 2.83003 2.83113 0.136096 163.297
1.9 2.98665 2.83242 0.143655 163.296
2 3.14318 2.83379 0.151213 163.295
2.1 3.2996 2.83522 0.158771 163.293
2.2 3.45592 2.83672 0.166329 163.292
2.3 3.61212 2.83829 0.173886 163.29
2.4 3.76821 2.83993 0.181443 163.288
2.5 3.92418 2.84165 0.189 163.287
2.6 4.08002 2.84343 0.196556 163.285
2.7 4.23573 2.84528 0.204111 163.283
2.8 4.3913 2.8472 0.211666 163.281
2.9 4.54673 2.84919 0.219221 163.279
3 4.70201 2.85125 0.226775 163.277
3.1 4.85715 2.85338 0.234328 163.275
3.2 5.01212 2.85558 0.241881 163.273
3.3 5.16694 2.85785 0.249434 163.27
3.4 5.32159 2.86019 0.256985 163.268
3.5 5.47607 2.8626 0.264537 163.266
3.6 5.63038 2.86508 0.272087 163.263
3.7 5.78451 2.86763 0.279637 163.261
3.8 5.93845 2.87025 0.287186 163.258
3.9 6.09221 2.87294 0.294735 163.255
4 6.24577 2.8757 0.302282 163.253
4.1 6.39913 2.87853 0.30983 163.25
4.2 6.55229 2.88142 0.317376 163.247
4.3 6.70524 2.88439 0.324922 163.244
4.4 6.85799 2.88743 0.332466 163.241
4.5 7.01051 2.89054 0.34001 163.238
4.6 7.16282 2.89371 0.347554 163.235
4.7 7.3149 2.89696 0.355096 163.231
4.8 7.46675 2.90028 0.362637 163.228
4.9 7.61837 2.90366 0.370178 163.225
5 7.76975 2.90712 0.377718 163.221
5.1 7.92089 2.91064 0.385257 163.218
5.2 8.07179 2.91424 0.392795 163.214
5.3 8.22243 2.9179 0.400332 163.21
5.4 8.37282 2.92163 0.407868 163.207
5.5 8.52295 2.92544 0.415403 163.203
5.6 8.67282 2.92931 0.422937 163.199
5.7 8.82242 2.93325 0.43047 163.195
5.8 8.97175 2.93726 0.438002 163.191
5.9 9.1208 2.94135 0.445533 163.187
6 9.26958 2.9455 0.453063 163.183
6.1 9.41807 2.94972 0.460592 163.179
6.2 9.56628 2.95401 0.46812 163.174
6.3 9.71419 2.95837 0.475647 163.17
6.4 9.86181 2.9628 0.483172 163.166
6.5 10.0091 2.96729 0.490697 163.161
6.6 10.1562 2.97186 0.49822 163.156
6.7 10.3029 2.9765 0.505742 163.152
6.8 10.4493 2.98121 0.513263 163.147
6.9 10.5954 2.98598 0.520782 163.142
7 10.7412 2.99083 0.528301 163.137
7.1 10.8866 2.99574 0.535818 163.133
7.2 11.0318 3.00073 0.543333 163.128
7.3 11.1766 3.00578 0.550848 163.123
7.4 11.3211 3.0109 0.558361 163.117
7.5 11.4652 3.0161 0.565873 163.112
7.6 11.609 3.02136 0.573384 163.107
7.7 11.7525 3.02669 0.580893 163.102
7.79999 11.8956 3.03209 0.5884 163.096
7.89999 12.0384 3.03756 0.595907 163.091
7.99999 12.1808 3.0431 0.603412 163.085
8.09999 12.3229 3.0487 0.610915 163.08
8.2 12.4646 3.05438 0.618417 163.074
8.3 12.606 3.06013 0.625918 163.068
8.4 12.747 3.06594 0.633417 163.062
8.5 12.8876 3.07183 0.640915 163.056
8.6 13.0279 3.07778 0.648411 163.051
8.7 13.1678 3.0838 0.655905 163.045
8.8 13.3073 3.08989 0.663398 163.038
8.9 13.4465 3.09605 0.670889 163.032
9 13.5853 3.10228 0.678379 163.026
9.1 13.7237 3.10858 0.685867 163.02
9.2 13.8617 3.11495 0.693354 163.013
9.3 13.9993 3.12139 0.700839 163.007
9.4 14.1365 3.12789 0.708322 163
9.5 14.2734 3.13447 0.715803 162.994
9.6 14.4098 3.14111 0.723283 162.987
9.7 14.5459 3.14783 0.730761 162.98
9.8 14.6815 3.15461 0.738237 162.974
9.9 14.8168 3.16146 0.745712 162.967
10 14.9516 3.16838 0.753184 162.96
10.1 15.0861 3.17536 0.760655 162.953
10.2 15.2201 3.18242 0.768125 162.946
10.3 15.3537 3.18955 0.775592 162.939
10.4 15.4869 3.19674 0.783057 162.932
10.5 15.6197 3.204 0.790521 162.924
10.6 15.7521 3.21134 0.797982 162.917
10.7 15.8841 3.21874 0.805442 162.91
10.8 16.0156 3.22621 0.8129 162.902
10.9 16.1467 3.23374 0.820356 162.895
11 16.2774 3.24135 0.82781 162.887
11.1 16.4077 3.24903 0.835262 162.879
11.2 16.5375 3.25677 0.842712 162.872
11.3 16.6669 3.26458 0.85016 162.864
11.4 16.7959 3.27246 0.857605 162.856
11.5 16.9245 3.28041 0.865049 162.848
11.6 17.0526 3.28843 0.872491 162.84
11.7 17.1802 3.29652 0.879931 162.832
11.8 17.3075 3.30467 0.887368 162.824
11.9 17.4343 3.31289 0.894804 162.815
12 17.5606 3.32119 0.902237 162.807
12.1 17.6866 3.32955 0.909668 162.799
12.2 17.812 3.33797 0.917097 162.79
12.3 17.9371 3.34647 0.924524 162.782
12.4 18.0616 3.35504 0.931948 162.773
12.5 18.1858 3.36367 0.939371 162.765
12.6 18.3095 3.37237 0.946791 162.756
12.7 18.4327 3.38114 0.954209 162.747
12.8 18.5555 3.38998 0.961624 162.738
12.9 18.6778 3.39888 0.969037 162.729
13 18.7997 3.40786 0.976448 162.72
13.1 18.9211 3.4169 0.983857 162.711
13.2 19.0421 3.42601 0.991263 162.702
13.3 19.1626 3.43519 0.998667 162.693
13.4 19.2826 3.44443 1.00607 162.684
13.5 19.4022 3.45375 1.01347 162.675
13.6 19.5214 3.46313 1.02086 162.665
13.7 19.6401 3.47258 1.02826 162.656
13.8 19.7583 3.4821 1.03565 162.646
13.9 19.876 3.49168 1.04304 162.637
14 19.9933 3.50134 1.05043 162.627
14.1 20.1101 3.51106 1.05781 162.617
14.2 20.2265 3.52085 1.06519 162.607
14.3 20.3424 3.53071 1.07257 162.598
14.4 20.4579 3.54063 1.07995 162.588
14.5 20.5728 3.55062 1.08732 162.578
14.6 20.6873 3.56068 1.09469 162.568
14.7 20.8014 3.57081 1.10206 162.558
14.8 20.9149 3.58101 1.10943 162.547
14.9 21.0281 3.59127 1.11679 162.537
15 21.1407 3.6016 1.12415 162.527
15.1 21.2529 3.612 1.13151 162.516
15.2 21.3646 3.62246 1.13886 162.506
15.3 21.4758 3.633 1.14622 162.495
15.4 21.5866 3.6436 1.15357 162.485
15.5 21.6969 3.65427 1.16091 162.474
15.6 21.8067 3.665 1.16826 162.463
15.7 21.916 3.6758 1.1756 162.453
15.8 22.0249 3.68667 1.18294 162.442
15.9 22.1333 3.69761 1.19027 162.431
16 22.2413 3.70861 1.19761 162.42
16.1 22.3488 3.71969 1.20494 162.409
16.2 22.4558 3.73082 1.21226 162.397
16.3 22.5623 3.74203 1.21959 162.386
16.4 22.6684 3.7533 1.22691 162.375
16.5 22.774 3.76464 1.23423 162.364
16.6 22.8791 3.77605 1.24154 162.352
16.7 22.9837 3.78752 1.24886 162.341
16.8 23.0879 3.79906 1.25616 162.329
16.9 23.1916 3.81067 1.26347 162.318
17 23.2949 3.82235 1.27077 162.306
17.1 23.3977 3.83409 1.27807 162.294
17.2 23.5 3.84589 1.28537 162.282
17.3 23.6018 3.85777 1.29267 162.271
17.4 23.7032 3.86971 1.29996 162.259
17.5 23.8041 3.88172 1.30724 162.247
17.6 23.9045 3.89379 1.31453 162.235
17.7 24.0045 3.90594 1.32181 162.222
17.8 24.104 3.91814 1.32909 162.21
17.9 24.203 3.93042 1.33636 162.198
18 24.3016 3.94276 1.34364 162.186
18.1 24.3997 3.95517 1.35091 162.173
18.2 24.4973 3.96764 1.35817 162.161
18.3 24.5945 3.98018 1.36543 162.148
18.4 24.6912 3.99279 1.37269 162.136
18.5 24.7874 4.00546 1.37995 162.123
18.6 24.8832 4.0182 1.3872 162.11
18.7 24.9785 4.03101 1.39445 162.097
18.8 25.0733 4.04388 1.40169 162.084
18.9 25.1677 4.05682 1.40894 162.072
19 25.2616 4.06982 1.41618 162.058
19.1 25.3551 4.08289 1.42341 162.045
19.2 25.4481 4.09603 1.43064 162.032
19.3 25.5406 4.10923 1.43787 162.019
19.4 25.6327 4.1225 1.4451 162.006
19.5 25.7243 4.13583 1.45232 161.992
19.6 25.8155 4.14923 1.45954 161.979
19.7 25.9062 4.1627 1.46675 161.966
19.8 25.9965 4.17623 1.47396 161.952
19.9 26.0863 4.18983 1.48117 161.938
20 26.1756 4.20349 1.48837 161.925
20.1 26.2645 4.21722 1.49557 161.911
20.2 26.3529 4.23102 1.50277 161.897
20.3 26.4409 4.24488 1.50996 161.883
20.4 26.5285 4.2588 1.51715 161.87
20.5 26.6155 4.27279 1.52434 161.856
20.6 26.7022 4.28685 1.53152 161.841
20.7 26.7883 4.30097 1.5387 161.827
20.8 26.8741 4.31516 1.54587 161.813
20.9 26.9594 4.32941 1.55304 161.799
21 27.0442 4.34373 1.56021 161.785
21.1 27.1286 4.35811 1.56737 161.77
21.2 27.2126 4.37256 1.57453 161.756
21.3 27.2961 4.38708 1.58169 161.741
21.4 27.3791 4.40165 1.58884 161.727
21.5 27.4617 4.4163 1.59599 161.712
21.6 27.5439 4.43101 1.60313 161.697
21.7 27.6257 4.44578 1.61027 161.683
21.8 27.707 4.46062 1.61741 161.668
21.9 27.7878 4.47552 1.62454 161.653
22 27.8683 4.49049 1.63167 161.638
22.1 27.9483 4.50553 1.6388 161.623
22.2 28.0278 4.52062 1.64592 161.608
22.3 28.1069 4.53579 1.65303 161.593
22.4 28.1856 4.55101 1.66015 161.577
22.5 28.2639 4.56631 1.66725 161.562
22.6 28.3417 4.58166 1.67436 161.547
22.7001 28.4191 4.59708 1.68146 161.531
22.8001 28.4961 4.61257 1.68856 161.516
22.9001 28.5726 4.62812 1.69565 161.5
23.0001 28.6487 4.64373 1.70274 161.485
23.1001 28.7244 4.65941 1.70982 161.469
23.2001 28.7997 4.67516 1.7169 161.453
23.3001 28.8746 4.69096 1.72398 161.437
23.4001 28.949 4.70683 1.73105 161.421
23.5001 29.023 4.72277 1.73812 161.406
23.6001 29.0966 4.73877 1.74518 161.39
23.7001 29.1697 4.75483 1.75224 161.373
23.8001 29.2425 4.77096 1.75929 161.357
23.9001 29.3148 4.78715 1.76634 161.341
24.0001 29.3867 4.80341 1.77339 161.325
24.1001 29.4583 4.81973 1.78043 161.309
24.2001 29.5293 4.83611 1.78747 161.292
24.3001 29.6 4.85256 1.7945 161.276
24.4001 29.6703 4.86907 1.80153 161.259
24.5001 29.7402 4.88564 1.80856 161.243
24.6001 29.8096 4.90228 1.81558 161.226
24.7001 29.8787 4.91898 1.82259 161.209
24.8001 29.9473 4.93575 1.8296 161.193
24.9001 30.0156 4.95258 1.83661 161.176
25.0001 30.0834 4.96947 1.84361 161.159
25.1001 30.1508 4.98643 1.85061 161.142
25.2001 30.2179 5.00344 1.85761 161.125
25.3001 30.2845 5.02053 1.86459 161.108
25.4001 30.3508 5.03767 1.87158 161.091
25.5001 30.4166 5.05488 1.87856 161.073
25.6001 30.4821 5.07215 1.88553 161.056
25.7001 30.5471 5.08948 1.8925 161.039
25.8001 30.6118 5.10688 1.89947 161.021
25.9001 30.6761 5.12434 1.90643 161.004
26.0001 30.7399 5.14186 1.91339 160.986
26.1001 30.8034 5.15945 1.92034 160.969
26.2001 30.8665 5.1771 1.92729 160.951
26.3001 30.9293 5.19481 1.93423 160.934
26.4001 30.9916 5.21258 1.94117 160.916
26.5001 31.0535 5.23042 1.9481 160.898
26.6001 31.1151 5.24832 1.95503 160.88
26.7001 31.1763 5.26628 1.96195 160.862
26.8001 31.2371 5.28431 1.96887 160.844
26.9001 31.2975 5.30239 1.97579 160.826
27.0001 31.3576 5.32054 1.9827 160.808
27.1001 31.4173 5.33875 1.9896 160.79
27.2001 31.4766 5.35702 1.9965 160.771
27.3001 31.5355 5.37536 2.0034 160.753
27.4001 31.594 5.39376 2.01029 160.735
27.5001 31.6522 5.41222 2.01717 160.716
27.6001 31.71 5.43074 2.02405 160.698
27.7001 31.7675 5.44932 2.03093 160.679
27.8001 31.8246 5.46797 2.0378 160.66
27.9001 31.8813 5.48667 2.04466 160.642
28.0001 31.9376 5.50544 2.05152 160.623
28.1001 31.9936 5.52427 2.05838 160.604
28.2001 32.0492 5.54317 2.06523 160.585
28.3001 32.1045 5.56212 2.07207 160.566
28.4001 32.1594 5.58114 2.07891 160.547
28.5001 32.2139 5.60021 2.08575 160.528
28.6001 32.2681 5.61935 2.09258 160.509
28.7001 32.322 5.63855 2.0994 160.49
28.8001 32.3754 5.65781 2.10622 160.471
28.9001 32.4286 5.67713 2.11304 160.451
29.0001 32.4813 5.69652 2.11985 160.432
29.1001 32.5338 5.71596 2.12665 160.412
29.2001 32.5858 5.73547 2.13345 160.393
29.3001 32.6376 5.75503 2.14024 160.373
29.4001 32.689 5.77466 2.14703 160.354
29.5001 32.74 5.79435 2.15382 160.334
29.6001 32.7907 5.8141 2.16059 160.314
29.7001 32.841 5.83391 2.16737 160.294
29.8001 32.891 5.85378 2.17413 160.275
29.9001 32.9407 5.87371 2.1809 160.255
30.0001 32.99 5.8937 2.18765 160.235
30.1001 33.039 5.91376 2.1944 160.215
30.2001 33.0877 5.93387 2.20115 160.194
30.3001 33.136 5.95404 2.20789 160.174
30.4001 33.184 5.97428 2.21463 160.154
30.5001 33.2316 5.99457 2.22136 160.134
30.6001 33.279 6.01493 2.22808 160.113
30.7001 33.326 6.03534 2.2348 160.093
30.8001 33.3726 6.05581 2.24151 160.073
30.9001 33.419 6.07635 2.24822 160.052
31.0001 33.465 6.09694 2.25492 160.031
31.1001 33.5107 6.1176 2.26162 160.011
31.2001 33.556 6.13831 2.26831 159.99
31.3001 33.6011 6.15909 2.275 159.969
31.4001 33.6458 6.17992 2.28168 159.948
31.5001 33.6902 6.20081 2.28835 159.928
31.6001 33.7343 6.22177 2.29502 159.907
31.7001 33.778 6.24278 2.30168 159.886
31.8001 33.8215 6.26385 2.30834 159.864
31.9001 33.8646 6.28498 2.31499 159.843
32.0001 33.9074 6.30617 2.32164 159.822
32.1001 33.9499 6.32742 2.32828 159.801
32.2001 33.9921 6.34873 2.33491 159.78
32.3001 34.034 6.3701 2.34154 159.758
32.4001 34.0756 6.39153 2.34816 159.737
32.5001 34.1169 6.41301 2.35478 159.715
32.6001 34.1578 6.43456 2.36139 159.694
32.7001 34.1985 6.45616 2.368 159.672
32.8001 34.2388 6.47783 2.3746 159.65
32.9001 34.2789 6.49955 2.38119 159.629
33.0001 34.3186 6.52133 2.38778 159.607
33.1001 34.3581 6.54317 2.39436 159.585
33.2001 34.3972 6.56506 2.40094 159.563
33.3001 34.4361 6.58702 2.40751 159.541
33.4001 34.4746 6.60903 2.41407 159.519
33.5001 34.5129 6.63111 2.42063 159.497
33.6001 34.5509 6.65324 2.42718 159.475
33.7001 34.5885 6.67543 2.43373 159.453
33.8001 34.6259 6.69767 2.44027 159.431
33.9001 34.663 6.71998 2.4468 159.408
34.0001 34.6998 6.74234 2.45333 159.386
34.1001 34.7363 6.76476 2.45986 159.364
34.2001 34.7725 6.78724 2.46637 159.341
34.3 34.8085 6.80978 2.47288 159.319
34.4 34.8441 6.83237 2.47939 159.296
34.5 34.8795 6.85502 2.48588 159.273
34.6 34.9146 6.87773 2.49238 159.251
34.7 34.9494 6.9005 2.49886 159.228
34.8 34.9839 6.92333 2.50534 159.205
34.9 35.0182 6.94621 2.51181 159.182
35 35.0521 6.96915 2.51828 159.159
35.1 35.0858 6.99215 2.52474 159.136
35.2 35.1193 7.0152 2.5312 159.113
35.3 35.1524 7.03831 2.53764 159.09
35.4 35.1853 7.06148 2.54409 159.067
35.5 35.2179 7.0847 2.55052 159.044
35.6 35.2502 7.10799 2.55695 159.02
35.7 35.2823 7.13132 2.56337 158.997
35.8 35.314 7.15472 2.56979 158.974
35.9 35.3456 7.17817 2.5762 158.95
36 35.3768 7.20168 2.5826 158.927
36.1 35.4078 7.22525 2.589 158.903
36.2 35.4385 7.24887 2.59539 158.879
36.3 35.469 7.27255 2.60178 158.856
36.4 35.4992 7.29628 2.60815 158.832
36.5 35.5291 7.32007 2.61453 158.808
36.6 35.5588 7.34392 2.62089 158.784
36.7 35.5882 7.36782 2.62725 158.76
36.8 35.6174 7.39178 2.6336 158.737
36.9 35.6463 7.4158 2.63995 158.713
37 35.6749 7.43987 2.64629 158.688
37.1 35.7033 7.46399 2.65262 158.664
37.2 35.7314 7.48818 2.65894 158.64
37.3 35.7593 7.51242 2.66526 158.616
37.4 35.787 7.53671 2.67158 158.592
37.5 35.8143 7.56106 2.67788 158.567
37.6 35.8415 7.58546 2.68418 158.543
37.7 35.8684 7.60992 2.69047 158.518
37.8 35.895 7.63444 2.69676 158.494
37.9 35.9214 7.65901 2.70304 158.469
38 35.9475 7.68364 2.70931 158.445
38.1 35.9734 7.70832 2.71558 158.42
38.2 35.9991 7.73305 2.72183 158.395
38.3 36.0245 7.75784 2.72809 158.37
38.4 36.0497 7.78269 2.73433 158.346
38.5 36.0746 7.80759 2.74057 158.321
38.6 36.0993 7.83255 2.7468 158.296
38.7 36.1238 7.85755 2.75303 158.271
38.8 36.148 7.88262 2.75924 158.246
38.9 36.172 7.90774 2.76546 158.221
39 36.1957 7.93291 2.77166 158.195
39.1 36.2192 7.95814 2.77786 158.17
39.2 36.2425 7.98342 2.78405 158.145
39.3 36.2655 8.00876 2.79023 158.12
39.4 36.2884 8.03415 2.79641 158.094
39.5 36.3109 8.05959 2.80257 158.069
39.6 36.3333 8.08509 2.80874 158.043
39.7 36.3554 8.11064 2.81489 158.018
39.8 36.3773 8.13625 2.82104 157.992
39.9 36.399 8.1619 2.82718 157.966
40 36.4204 8.18762 2.83331 157.941
40.1 36.4417 8.21338 2.83944 157.915
40.2 36.4627 8.2392 2.84556 157.889
40.3 36.4834 8.26508 2.85167 157.863
40.4 36.504 8.291 2.85778 157.837
40.5 36.5243 8.31698 2.86388 157.811
40.6 36.5444 8.34302 2.86997 157.785
40.7 36.5643 8.3691 2.87605 157.759
40.7999 36.584 8.39524 2.88213 157.733
40.8999 36.6035 8.42143 2.8882 157.707
40.9999 36.6227 8.44768 2.89426 157.681
41.0999 36.6417 8.47398 2.90032 157.654
41.1999 36.6606 8.50033 2.90636 157.628
41.2999 36.6792 8.52673 2.9124 157.602
41.3999 36.6975 8.55318 2.91844 157.575
41.4999 36.7157 8.57969 2.92446 157.549
41.5999 36.7337 8.60625 2.93048 157.522
41.6999 36.7514 8.63286 2.93649 157.495
41.7999 36.769 8.65953 2.9425 157.469
41.8999 36.7863 8.68624 2.94849 157.442
41.9999 36.8034 8.71301 2.95448 157.415
42.0999 36.8204 8.73983 2.96046 157.388
42.1999 36.8371 8.76671 2.96644 157.362
42.2999 36.8536 8.79363 2.9724 157.335
42.3999 36.8699 8.8206 2.97836 157.308
42.4999 36.886 8.84763 2.98431 157.281
42.5999 36.9019 8.87471 2.99026 157.254
42.6999 36.9176 8.90184 2.99619 157.226
42.7999 36.9331 8.92902 3.00212 157.199
42.8999 36.9484 8.95626 3.00804 157.172
42.9999 36.9635 8.98354 3.01396 157.145
43.0999 36.9784 9.01088 3.01986 157.117
43.1999 36.9932 9.03826 3.02576 157.09
43.2999 37.0077 9.0657 3.03165 157.063
43.3999 37.022 9.09319 3.03753 157.035
43.4999 37.0361 9.12073 3.04341 157.008
43.5999 37.05 9.14832 3.04928 156.98
43.6999 37.0638 9.17596 3.05514 156.952
43.7999 37.0773 9.20365 3.06099 156.925
43.8999 37.0907 9.23139 3.06683 156.897
43.9999 37.1038 9.25918 3.07267 156.869
44.0999 37.1168 9.28702 3.0785 156.841
44.1999 37.1296 9.31491 3.08432 156.813
44.2999 37.1422 9.34286 3.09013 156.785
44.3999 37.1546 9.37085 3.09594 156.757
44.4999 37.1668 9.39889 3.10174 156.729
44.5999 37.1788 9.42698 3.10753 156.701
44.6999 37.1907 9.45512 3.11331 156.673
44.7999 37.2024 9.48331 3.11908 156.645
44.8999 37.2138 9.51156 3.12485 156.617
44.9999 37.2251 9.53985 3.13061 156.588
45.0999 37.2363 9.56819 3.13636 156.56
45.1999 37.2472 9.59658 3.1421 156.532
45.2999 37.2579 9.62501 3.14783 156.503
45.3999 37.2685 9.6535 3.15356 156.475
45.4999 37.2789 9.68204 3.15928 156.446
45.5999 37.2891 9.71062 3.16499 156.418
45.6999 37.2992 9.73926 3.17069 156.389
45.7999 37.3091 9.76794 3.17638 156.36
45.8999 37.3187 9.79667 3.18207 156.332
45.9999 37.3283 9.82545 3.18775 156.303
46.0999 37.3376 9.85428 3.19342 156.274
46.1999 37.3468 9.88316 3.19908 156.245
46.2999 37.3558 9.91209 3.20473 156.216
46.3999 37.3646 9.94106 3.21038 156.187
46.4999 37.3732 9.97008 3.21602 156.158
46.5999 37.3817 9.99916 3.22165 156.129
46.6999 37.39 10.0283 3.22727 156.1
46.7999 37.3982 10.0574 3.23288 156.071
46.8999 37.4061 10.0867 3.23848 156.042
46.9999 37.4139 10.1159 3.24408 156.012
47.0999 37.4216 10.1452 3.24967 155.983
47.1999 37.429 10.1746 3.25525 155.954
47.2999 37.4363 10.204 3.26082 155.924
47.3998 37.4435 10.2334 3.26638 155.895
47.4998 37.4504 10.2629 3.27194 155.865
47.5998 37.4573 10.2925 3.27748 155.836
47.6998 37.4639 10.3221 3.28302 155.806
47.7998 37.4704 10.3517 3.28855 155.777
47.8998 37.4767 10.3814 3.29407 155.747
47.9998 37.4829 10.4111 3.29958 155.717
48.0998 37.4889 10.4409 3.30509 155.687
48.1998 37.4947 10.4708 3.31058 155.658
48.2998 37.5004 10.5006 3.31607 155.628
48.3998 37.5059 10.5306 3.32155 155.598
48.4998 37.5113 10.5605 3.32702 155.568
48.5998 37.5165 10.5905 3.33248 155.538
48.6998 37.5215 10.6206 3.33793 155.508
48.7998 37.5264 10.6507 3.34338 155.478
48.8998 37.5312 10.6809 3.34881 155.447
48.9998 37.5357 10.7111 3.35424 155.417
49.0998 37.5402 10.7413 3.35966 155.387
49.1998 37.5445 10.7716 3.36507 155.357
49.2998 37.5486 10.8019 3.37047 155.326
49.3998 37.5526 10.8323 3.37587 155.296
49.4998 37.5564 10.8627 3.38125 155.266
49.5998 37.56 10.8932 3.38662 155.235
49.6998 37.5636 10.9237 3.39199 155.205
49.7998 37.5669 10.9543 3.39735 155.174
49.8998 37.5702 10.9849 3.4027 155.143
49.9998 37.5732 11.0155 3.40804 155.113
50.0998 37.5762 11.0462 3.41337 155.082
50.1998 37.5789 11.077 3.41869 155.051
50.2998 37.5816 11.1078 3.42401 155.021
50.3998 37.5841 11.1386 3.42931 154.99
50.4998 37.5864 11.1695 3.43461 154.959
50.5998 37.5886 11.2004 3.4399 154.928
50.6998 37.5907 11.2314 3.44518 154.897
50.7998 37.5926 11.2624 3.45045 154.866
50.8998 37.5943 11.2934 3.45571 154.835
50.9998 37.5959 11.3245 3.46096 154.804
51.0998 37.5974 11.3557 3.4662 154.773
51.1998 37.5988 11.3869 3.47144 154.741
51.2998 37.6 11.4181 3.47666 154.71
51.3998 37.601 11.4494 3.48188 154.679
51.4998 37.602 11.4807 3.48709 154.648
51.5998 37.6027 11.512 3.49228 154.616
51.6998 37.6034 11.5434 3.49747 154.585
51.7998 37.6039 11.5749 3.50265 154.553
51.8998 37.6043 11.6064 3.50783 154.522
51.9998 37.6045 11.6379 3.51299 154.49
52.0998 37.6046 11.6695 3.51814 154.459
52.1998 37.6045 11.7011 3.52328 154.427
52.2998 37.6044 11.7328 3.52842 154.396
52.3998 37.6041 11.7645 3.53354 154.364
52.4998 37.6036 11.7962 3.53866 154.332
52.5998 37.603 11.828 3.54377 154.3
52.6998 37.6023 11.8598 3.54887 154.268
52.7998 37.6015 11.8917 3.55395 154.237
52.8998 37.6005 11.9236 3.55903 154.205
52.9998 37.5994 11.9556 3.5641 154.173
53.0998 37.5982 11.9876 3.56917 154.141
53.1998 37.5968 12.0196 3.57422 154.109
53.2998 37.5953 12.0517 3.57926 154.077
53.3998 37.5937 12.0838 3.58429 154.044
53.4998 37.5919 12.116 3.58932 154.012
53.5998 37.5901 12.1482 3.59433 153.98
53.6998 37.588 12.1805 3.59934 153.948
53.7998 37.5859 12.2128 3.60433 153.916
53.8997 37.5836 12.2451 3.60932 153.883
53.9997 37.5813 12.2775 3.6143 153.851
54.0997 37.5787 12.3099 3.61926 153.818
54.1997 37.5761 12.3424 3.62422 153.786
54.2997 37.5733 12.3749 3.62917 153.753
54.3997 37.5705 12.4074 3.63411 153.721
54.4997 37.5674 12.44 3.63904 153.688
54.5997 37.5643 12.4726 3.64396 153.656
54.6997 37.5611 12.5053 3.64887 153.623
54.7997 37.5577 12.538 3.65377 153.59
54.8997 37.5542 12.5707 3.65866 153.558
54.9997 37.5506 12.6035 3.66355 153.525
55.0997 37.5468 12.6363 3.66842 153.492
55.1997 37.543 12.6692 3.67328 153.459
55.2997 37.539 12.7021 3.67813 153.426
55.3997 37.5349 12.735 3.68298 153.393
55.4997 37.5307 12.768 3.68781 153.36
55.5997 37.5263 12.801 3.69264 153.327
55.6997 37.5219 12.8341 3.69745 153.294
55.7997 37.5173 12.8672 3.70226 153.261
55.8997 37.5126 12.9003 3.70705 153.228
55.9997 37.5078 12.9335 3.71184 153.195
56.0997 37.5029 12.9667 3.71661 153.162
56.1997 37.4978 13 3.72138 153.128
56.2997 37.4927 13.0333 3.72614 153.095
56.3997 37.4874 13.0666 3.73088 153.062
56.4997 37.482 13.1 3.73562 153.028
56.5997 37.4766 13.1334 3.74035 152.995
56.6997 37.4709 13.1668 3.74506 152.961
56.7997 37.4652 13.2003 3.74977 152.928
56.8997 37.4594 13.2338 3.75447 152.894
56.9997 37.4535 13.2674 3.75916 152.861
57.0997 37.4474 13.301 3.76383 152.827
57.1997 37.4412 13.3346 3.7685 152.794
57.2997 37.435 13.3683 3.77316 152.76
57.3997 37.4286 13.402 3.77781 152.726
57.4997 37.4221 13.4358 3.78244 152.693
57.5997 37.4155 13.4696 3.78707 152.659
57.6997 37.4088 13.5034 3.79169 152.625
57.7997 37.4019 13.5373 3.7963 152.591
57.8997 37.395 13.5712 3.8009 152.557
57.9997 37.388 13.6051 3.80548 152.523
58.0997 37.3808 13.6391 3.81006 152.489
58.1997 37.3736 13.6731 3.81463 152.455
58.2997 37.3662 13.7072 3.81919 152.421
58.3997 37.3588 13.7413 3.82374 152.387
58.4997 37.3512 13.7754 3.82827 152.353
58.5997 37.3435 13.8095 3.8328 152.319
58.6997 37.3357 13.8437 3.83732 152.285
58.7997 37.3279 13.878 3.84183 152.25
58.8997 37.3199 13.9122 3.84632 152.216
58.9997 37.3118 13.9465 3.85081 152.182
59.0997 37.3036 13.9809 3.85529 152.147
59.1997 37.2953 14.0153 3.85975 152.113
59.2997 37.2869 14.0497 3.86421 152.079
59.3997 37.2784 14.0841 3.86865 152.044
59.4997 37.2698 14.1186 3.87309 152.01
59.5997 37.2611 14.1531 3.87752 151.975
59.6997 37.2523 14.1877 3.88193 151.941
59.7997 37.2434 14.2223 3.88633 151.906
59.8997 37.2344 14.2569 3.89073 151.871
59.9997 37.2253 14.2916 3.89511 151.837
60.0997 37.2161 14.3263 3.89949 151.802
60.1997 37.2068 14.361 3.90385 151.767
60.2997 37.1974 14.3958 3.9082 151.733
60.3997 37.1879 14.4306 3.91255 151.698
60.4996 37.1783 14.4654 3.91688 151.663
60.5996 37.1686 14.5003 3.9212 151.628
60.6996 37.1588 14.5352 3.92551 151.593
60.7996 37.149 14.5701 3.92981 151.558
60.8996 37.139 14.6051 3.9341 151.523
60.9996 37.1289 14.6401 3.93838 151.488
61.0996 37.1187 14.6751 3.94265 151.453
61.1996 37.1085 14.7102 3.94691 151.418
61.2996 37.0981 14.7453 3.95116 151.383
61.3996 37.0877 14.7804 3.9554 151.348
61.4996 37.0771 14.8156 3.95962 151.313
61.5996 37.0665 14.8508 3.96384 151.277
61.6996 37.0558 14.8861 3.96805 151.242
61.7996 37.0449 14.9213 3.97224 151.207
61.8996 37.034 14.9567 3.97643 151.172
61.9996 37.023 14.992 3.9806 151.136
62.0996 37.0119 15.0274 3.98476 151.101
62.1996 37.0007 15.0628 3.98892 151.066
62.2996 36.9894 15.0982 3.99306 151.03
62.3996 36.978 15.1337 3.99719 150.995
62.4996 36.9666 15.1692 4.00131 150.959
62.5996 36.955 15.2047 4.00542 150.924
62.6996 36.9434 15.2403 4.00952 150.888
62.7996 36.9316 15.2759 4.01361 150.852
62.8996 36.9198 15.3115 4.01769 150.817
62.9996 36.9079 15.3472 4.02175 150.781
63.0996 36.8959 15.3829 4.02581 150.745
63.1996 36.8838 15.4186 4.02986 150.71
63.2996 36.8716 15.4544 4.03389 150.674
63.3996 36.8594 15.4901 4.03791 150.638
63.4996 36.847 15.526 4.04193 150.602
63.5996 36.8346 15.5618 4.04593 150.566
63.6996 36.8221 15.5977 4.04992 150.531
63.7996 36.8095 15.6336 4.0539 150.495
63.8996 36.7968 15.6696 4.05787 150.459
63.9996 36.784 15.7055 4.06183 150.423
64.0996 36.7711 15.7415 4.06578 150.387
64.1996 36.7582 15.7776 4.06971 150.351
64.2996 36.7451 15.8136 4.07364 150.315
64.3996 36.732 15.8497 4.07755 150.279
64.4996 36.7188 15.8859 4.08145 150.242
64.5996 36.7055 15.922 4.08535 150.206
64.6996 36.6922 15.9582 4.08923 150.17
64.7996 36.6787 15.9944 4.0931 150.134
64.8996 36.6652 16.0307 4.09696 150.098
64.9996 36.6516 16.067 4.10081 150.061
65.0996 36.6379 16.1033 4.10464 150.025
65.1996 36.6241 16.1396 4.10847 149.989
65.2996 36.6102 16.176 4.11228 149.952
65.3996 36.5963 16.2124 4.11609 149.916
65.4996 36.5823 16.2488 4.11988 149.88
65.5996 36.5682 16.2852 4.12366 149.843
65.6996 36.554 16.3217 4.12743 149.807
65.7996 36.5397 16.3582 4.13119 149.77
65.8996 36.5254 16.3948 4.13494 149.734
65.9996 36.511 16.4313 4.13867 149.697
66.0996 36.4965 16.4679 4.1424 149.66
66.1996 36.4819 16.5046 4.14611 149.624
66.2996 36.4672 16.5412 4.14982 149.587
66.3996 36.4525 16.5779 4.15351 149.55
66.4996 36.4377 16.6146 4.15719 149.514
66.5996 36.4228 16.6513 4.16086 149.477
66.6996 36.4078 16.6881 4.16452 149.44
66.7996 36.3928 16.7249 4.16816 149.403
66.8996 36.3776 16.7617 4.1718 149.367
66.9995 36.3624 16.7986 4.17542 149.33
67.0995 36.3472 16.8354 4.17903 149.293
67.1995 36.3318 16.8723 4.18263 149.256
67.2995 36.3164 16.9093 4.18622 149.219
67.3995 36.3009 16.9462 4.1898 149.182
67.4995 36.2853 16.9832 4.19337 149.145
67.5995 36.2697 17.0202 4.19692 149.108
67.6995 36.254 17.0572 4.20047 149.071
67.7995 36.2382 17.0943 4.204 149.034
67.8995 36.2223 17.1314 4.20752 148.997
67.9995 36.2063 17.1685 4.21103 148.96
68.0995 36.1903 17.2056 4.21452 148.923
68.1995 36.1742 17.2428 4.21801 148.886
68.2995 36.1581 17.28 4.22149 148.848
68.3995 36.1418 17.3172 4.22495 148.811
68.4995 36.1255 17.3545 4.2284 148.774
68.5995 36.1091 17.3917 4.23184 148.737
68.6995 36.0927 17.429 4.23527 148.699
68.7995 36.0762 17.4664 4.23868 148.662
68.8995 36.0596 17.5037 4.24209 148.625
68.9995 36.0429 17.5411 4.24548 148.587
69.0995 36.0262 17.5785 4.24886 148.55
69.1995 36.0093 17.6159 4.25223 148.512
69.2995 35.9925 17.6533 4.25559 148.475
69.3995 35.9755 17.6908 4.25894 148.438
69.4995 35.9585 17.7283 4.26227 148.4
69.5995 35.9414 17.7658 4.2656 148.362
69.6995 35.9243 17.8034 4.26891 148.325
69.7995 35.907 17.8409 4.27221 148.287
69.8995 35.8897 17.8785 4.2755 148.25
69.9995 35.8724 17.9162 4.27877 148.212
70.0995 35.8549 17.9538 4.28204 148.175
70.1995 35.8374 17.9915 4.28529 148.137
70.2995 35.8199 18.0291 4.28853 148.099
70.3995 35.8022 18.0669 4.29176 148.061
70.4995 35.7845 18.1046 4.29498 148.024
70.5995 35.7668 18.1423 4.29818 147.986
70.6995 35.7489 18.1801 4.30137 147.948
70.7995 35.731 18.2179 4.30455 147.91
70.8995 35.7131 18.2558 4.30772 147.873
70.9995 35.695 18.2936 4.31088 147.835
71.0995 35.6769 18.3315 4.31403 147.797
71.1995 35.6588 18.3694 4.31716 147.759
71.2995 35.6405 18.4073 4.32028 147.721
71.3995 35.6223 18.4452 4.32339 147.683
71.4995 35.6039 18.4832 4.32649 147.645
71.5995 35.5855 18.5212 4.32958 147.607
71.6995 35.567 18.5592 4.33265 147.569
71.7995 35.5484 18.5972 4.33571 147.531
71.8995 35.5298 18.6353 4.33876 147.493
71.9995 35.5111 18.6734 4.3418 147.455
72.0995 35.4924 18.7114 4.34483 147.417
72.1995 35.4736 18.7496 4.34784 147.379
72.2995 35.4547 18.7877 4.35084 147.341
72.3995 35.4358 18.8259 4.35383 147.302
72.4995 35.4168 18.864 4.35681 147.264
72.5995 35.3977 18.9022 4.35977 147.226
72.6995 35.3786 18.9405 4.36272 147.188
72.7995 35.3594 18.9787 4.36567 147.15
72.8995 35.3402 19.017 4.36859 147.111
72.9995 35.3209 19.0553 4.37151 147.073
73.0995 35.3015 19.0936 4.37442 147.035
73.1995 35.2821 19.1319 4.37731 146.996
73.2995 35.2626 19.1702 4.38019 146.958
73.3995 35.243 19.2086 4.38306 146.92
73.4995 35.2234 19.247 4.38591 146.881
73.5994 35.2038 19.2854 4.38875 146.843
73.6994 35.184 19.3238 4.39158 146.805
73.7994 35.1642 19.3622 4.3944 146.766
73.8994 35.1444 19.4007 4.39721 146.728
73.9994 35.1245 19.4392 4.4 146.689
74.0994 35.1045 19.4777 4.40279 146.651
74.1994 35.0845 19.5162 4.40555 146.612
74.2994 35.0644 19.5548 4.40831 146.574
74.3994 35.0442 19.5933 4.41106 146.535
74.4994 35.024 19.6319 4.41379 146.496
74.5994 35.0038 19.6705 4.41651 146.458
74.6994 34.9835 19.7091 4.41922 146.419
74.7994 34.9631 19.7477 4.42191 146.381
74.8994 34.9427 19.7864 4.42459 146.342
74.9994 34.9222 19.8251 4.42726 146.303
75.0994 34.9016 19.8637 4.42992 146.265
75.1994 34.881 19.9025 4.43257 146.226
75.2994 34.8603 19.9412 4.4352 146.187
75.3994 34.8396 19.9799 4.43782 146.148
75.4994 34.8188 20.0187 4.44043 146.11
75.5994 34.798 20.0575 4.44302 146.071
75.6994 34.7771 20.0963 4.44561 146.032
75.7994 34.7562 20.1351 4.44818 145.993
75.8994 34.7352 20.1739 4.45074 145.954
75.9994 34.7141 20.2127 4.45328 145.916
76.0994 34.693 20.2516 4.45581 145.877
76.1994 34.6719 20.2905 4.45833 145.838
76.2994 34.6506 20.3294 4.46084 145.799
76.3994 34.6294 20.3683 4.46334 145.76
76.4994 34.608 20.4072 4.46582 145.721
76.5994 34.5867 20.4462 4.46829 145.682
76.6994 34.5652 20.4851 4.47075 145.643
76.7994 34.5437 20.5241 4.47319 145.604
76.8994 34.5222 20.5631 4.47562 145.565
76.9994 34.5006 20.6021 4.47804 145.526
77.0994 34.4789 20.6411 4.48045 145.487
77.1994 34.4572 20.6802 4.48284 145.448
77.2994 34.4355 20.7192 4.48522 145.409
77.3994 34.4137 20.7583 4.48759 145.37
77.4994 34.3918 20.7974 4.48995 145.331
77.5994 34.3699 20.8365 4.49229 145.292
77.6994 34.3479 20.8756 4.49462 145.253
77.7994 34.3259 20.9147 4.49694 145.214
77.8994 34.3038 20.9539 4.49924 145.174
77.9994 34.2817 20.993 4.50153 145.135
78.0994 34.2595 21.0322 4.50381 145.096
78.1994 34.2373 21.0714 4.50608 145.057
78.2994 34.215 21.1106 4.50833 145.018
78.3994 34.1927 21.1498 4.51057 144.978
78.4994 34.1703 21.1891 4.5128 144.939
78.5994 34.1479 21.2283 4.51501 144.9
78.6994 34.1254 21.2676 4.51722 144.861
78.7994 34.1029 21.3068 4.5194 144.821
78.8994 34.0803 21.3461 4.52158 144.782
78.9994 34.0577 21.3854 4.52374 144.743
79.0994 34.035 21.4248 4.52589 144.704
79.1994 34.0122 21.4641 4.52803 144.664
79.2994 33.9895 21.5034 4.53016 144.625
79.3994 33.9666 21.5428 4.53227 144.586
79.4994 33.9438 21.5821 4.53437 144.546
79.5994 33.9208 21.6215 4.53645 144.507
79.6994 33.8978 21.6609 4.53852 144.467
79.7994 33.8748 21.7003 4.54058 144.428
79.8994 33.8517 21.7397 4.54263 144.389
79.9994 33.8286 21.7792 4.54466 144.349
80.0993 33.8055 21.8186 4.54668 144.31
80.1993 33.7822 21.8581 4.54869 144.27
80.2993 33.759 21.8975 4.55068 144.231
80.3993 33.7357 21.937 4.55267 144.191
80.4993 33.7123 21.9765 4.55463 144.152
80.5993 33.6889 22.016 4.55659 144.112
80.6993 33.6654 22.0555 4.55853 144.073
80.7993 33.6419 22.095 4.56046 144.033
80.8993 33.6184 22.1346 4.56238 143.994
80.9993 33.5948 22.1741 4.56428 143.954
81.0993 33.5711 22.2137 4.56617 143.915
81.1993 33.5474 22.2532 4.56804 143.875
81.2993 33.5237 22.2928 4.56991 143.836
81.3993 33.4999 22.3324 4.57176 143.796
81.4993 33.4761 22.372 4.57359 143.756
81.5993 33.4522 22.4116 4.57542 143.717
81.6993 33.4283 22.4512 4.57723 143.677
81.7993 33.4043 22.4909 4.57902 143.637
81.8993 33.3803 22.5305 4.58081 143.598
81.9993 33.3563 22.5701 4.58258 143.558
82.0993 33.3322 22.6098 4.58434 143.519
82.1993 33.308 22.6495 4.58608 143.479
82.2993 33.2838 22.6891 4.58781 143.439
82.3993 33.2596 22.7288 4.58953 143.399
82.4993 33.2353 22.7685 4.59123 143.36
82.5993 33.211 22.8082 4.59292 143.32
82.6993 33.1866 22.8479 4.5946 143.28
82.7993 33.1622 22.8877 4.59627 143.241
82.8993 33.1378 22.9274 4.59792 143.201
82.9993 33.1133 22.9671 4.59956 143.161
83.0993 33.0887 23.0069 4.60118 143.121
83.1993 33.0641 23.0467 4.60279 143.082
83.2993 33.0395 23.0864 4.60439 143.042
83.3993 33.0148 23.1262 4.60597 143.002
83.4993 32.9901 23.166 4.60754 142.962
83.5993 32.9653 23.2058 4.6091 142.923
83.6993 32.9405 23.2456 4.61064 142.883
83.7993 32.9157 23.2854 4.61218 142.843
83.8993 32.8908 23.3252 4.61369 142.803
83.9993 32.8659 23.365 4.6152 142.763
84.0993 32.8409 23.4048 4.61669 142.723
84.1993 32.8159 23.4447 4.61816 142.684
84.2993 32.7908 23.4845 4.61963 142.644
84.3993 32.7657 23.5244 4.62108 142.604
84.4993 32.7406 23.5642 4.62251 142.564
84.5993 32.7154 23.6041 4.62394 142.524
84.6993 32.6902 23.6439 4.62534 142.484
84.7993 32.6649 23.6838 4.62674 142.444
84.8993 32.6396 23.7237 4.62812 142.405
84.9993 32.6143 23.7636 4.62949 142.365
85.0993 32.5889 23.8035 4.63085 142.325
85.1993 32.5635 23.8434 4.63219 142.285
85.2993 32.538 23.8833 4.63352 142.245
85.3993 32.5125 23.9232 4.63483 142.205
85.4993 32.4869 23.9631 4.63613 142.165
85.5993 32.4613 24.003 4.63742 142.125
85.6993 32.4357 24.043 4.63869 142.085
85.7993 32.41 24.0829 4.63995 142.045
85.8993 32.3843 24.1228 4.6412 142.005
85.9993 32.3586 24.1628 4.64243 141.966
86.0993 32.3328 24.2027 4.64365 141.926
86.1993 32.307 24.2427 4.64485 141.886
86.2993 32.2811 24.2827 4.64605 141.846
86.3993 32.2552 24.3226 4.64722 141.806
86.4993 32.2292 24.3626 4.64839 141.766
86.5993 32.2033 24.4026 4.64954 141.726
86.6992 32.1772 24.4425 4.65068 141.686
86.7992 32.1512 24.4825 4.6518 141.646
86.8992 32.1251 24.5225 4.65291 141.606
86.9992 32.0989 24.5625 4.654 141.566
87.0992 32.0728 24.6025 4.65509 141.526
87.1992 32.0465 24.6425 4.65615 141.486
87.2992 32.0203 24.6825 4.65721 141.446
87.3992 31.994 24.7225 4.65825 141.406
87.4992 31.9677 24.7625 4.65928 141.366
87.5992 31.9413 24.8025 4.66029 141.326
87.6992 31.9149 24.8425 4.66129 141.286
87.7992 31.8885 24.8825 4.66227 141.246
87.8992 31.862 24.9225 4.66325 141.206
87.9992 31.8355 24.9625 4.6642 141.166
88.0992 31.8089 25.0025 4.66515 141.126
88.1992 31.7823 25.0426 4.66608 141.086
88.2992 31.7557 25.0826 4.66699 141.046
88.3992 31.729 25.1226 4.6679 141.006
88.4992 31.7023 25.1627 4.66879 140.966
88.5992 31.6756 25.2027 4.66966 140.926
88.6992 31.6488 25.2427 4.67052 140.886
88.7992 31.622 25.2828 4.67137 140.846
88.8992 31.5952 25.3228 4.6722 140.806
88.9992 31.5683 25.3628 4.67302 140.765
89.0992 31.5414 25.4029 4.67382 140.725
89.1992 31.5144 25.4429 4.67462 140.685
89.2992 31.4874 25.4829 4.67539 140.645
89.3992 31.4604 25.523 4.67616 140.605
89.4992 31.4333 25.563 4.67691 140.565
89.5992 31.4062 25.6031 4.67764 140.525
89.6992 31.3791 25.6431 4.67836 140.485
89.7992 31.3519 25.6832 4.67907 140.445
89.8992 31.3247 25.7232 4.67976 140.405
89.9992 31.2975 25.7632 4.68044 140.365
90.0992 31.2702 25.8033 4.68111 140.325
90.1992 31.2429 25.8433 4.68176 140.285
90.2992 31.2156 25.8834 4.6824 140.245
90.3992 31.1882 25.9234 4.68302 140.205
90.4992 31.1608 25.9635 4.68363 140.165
90.5992 31.1333 26.0035 4.68423 140.125
90.6992 31.1059 26.0435 4.68481 140.085
90.7992 31.0784 26.0836 4.68538 140.045
90.8992 31.0508 26.1236 4.68593 140.005
90.9992 31.0232 26.1637 4.68647 139.965
91.0992 30.9956 26.2037 4.68699 139.925
91.1992 30.968 26.2437 4.6875 139.885
91.2992 30.9403 26.2838 4.688 139.845
91.3992 30.9126 26.3238 4.68848 139.805
91.4992 30.8848 26.3638 4.68895 139.764
91.5992 30.857 26.4039 4.68941 139.724
91.6992 30.8292 26.4439 4.68985 139.684
91.7992 30.8014 26.4839 4.69027 139.644
91.8992 30.7735 26.5239 4.69069 139.604
91.9992 30.7456 26.564 4.69108 139.564
92.0992 30.7176 26.604 4.69147 139.524
92.1992 30.6897 26.644 4.69184 139.484
92.2992 30.6617 26.684 4.69219 139.444
92.3992 30.6336 26.724 4.69254 139.404
92.4992 30.6055 26.764 4.69286 139.364
92.5992 30.5774 26.804 4.69318 139.324
92.6992 30.5493 26.844 4.69347 139.284
92.7992 30.5211 26.884 4.69376 139.244
92.8992 30.4929 26.924 4.69403 139.204
92.9992 30.4647 26.964 4.69429 139.164
93.0992 30.4364 27.004 4.69453 139.124
93.1992 30.4081 27.044 4.69476 139.084
93.2991 30.3798 27.084 4.69497 139.044
93.3991 30.3514 27.1239 4.69517 139.004
93.4991 30.323 27.1639 4.69535 138.964
93.5991 30.2946 27.2039 4.69552 138.924
93.6991 30.2661 27.2438 4.69568 138.884
93.7991 30.2377 27.2838 4.69582 138.845
93.8991 30.2091 27.3237 4.69595 138.805
93.9991 30.1806 27.3637 4.69606 138.765
94.0991 30.152 27.4036 4.69616 138.725
94.1991 30.1234 27.4436 4.69625 138.685
94.2991 30.0948 27.4835 4.69632 138.645
94.3991 30.0661 27.5234 4.69638 138.605
94.4991 30.0374 27.5634 4.69642 138.565
94.5991 30.0087 27.6033 4.69645 138.525
94.6991 29.9799 27.6432 4.69646 138.485
94.7991 29.9511 27.6831 4.69646 138.445
94.8991 29.9223 27.723 4.69644 138.405
94.9991 29.8934 27.7629 4.69641 138.365
95.0991 29.8646 27.8028 4.69637 138.326
95.1991 29.8357 27.8427 4.69631 138.286
95.2991 29.8067 27.8825 4.69624 138.246
95.3991 29.7777 27.9224 4.69615 138.206
95.4991 29.7487 27.9623 4.69605 138.166
95.5991 29.7197 28.0021 4.69593 138.126
95.6991 29.6907 28.042 4.6958 138.086
95.7991 29.6616 28.0818 4.69566 138.046
95.8991 29.6325 28.1217 4.6955 138.007
95.9991 29.6033 28.1615 4.69533 137.967
96.0991 29.5741 28.2013 4.69514 137.927
96.1991 29.5449 28.2411 4.69494 137.887
96.2991 29.5157 28.2809 4.69472 137.847
96.3991 29.4864 28.3207 4.69449 137.808
96.4991 29.4572 28.3605 4.69424 137.768
96.5991 29.4278 28.4003 4.69398 137.728
96.6991 29.3985 28.4401 4.69371 137.688
96.7991 29.3691 28.4798 4.69342 137.648
96.8991 29.3397 28.5196 4.69312 137.609
96.9991 29.3103 28.5593 4.6928 137.569
97.0991 29.2808 28.5991 4.69247 137.529
97.1991 29.2513 28.6388 4.69212 137.49
97.2991 29.2218 28.6785 4.69176 137.45
97.3991 29.1923 28.7183 4.69138 137.41
97.4991 29.1627 28.758 4.69099 137.37
97.5991 29.1331 28.7977 4.69059 137.331
97.6991 29.1035 28.8373 4.69017 137.291
97.7991 29.0738 28.877 4.68974 137.251
97.8991 29.0442 28.9167 4.68929 137.212
97.9991 29.0145 28.9563 4.68883 137.172
98.0991 28.9847 28.996 4.68835 137.132
98.1991 28.955 29.0356 4.68786 137.093
98.2991 28.9252 29.0753 4.68735 137.053
98.3991 28.8954 29.1149 4.68683 137.013
98.4991 28.8655 29.1545 4.68629 136.974
98.5991 28.8357 29.1941 4.68574 136.934
98.6991 28.8058 29.2337 4.68518 136.895
98.7991 28.7758 29.2733 4.6846 136.855
98.8991 28.7459 29.3128 4.68401 136.815
98.9991 28.7159 29.3524 4.6834 136.776
99.0991 28.6859 29.3919 4.68278 136.736
99.1991 28.6559 29.4315 4.68214 136.697
99.2991 28.6258 29.471 4.68149 136.657
99.3991 28.5958 29.5105 4.68082 136.618
99.4991 28.5656 29.55 4.68014 136.578
99.5991 28.5355 29.5895 4.67944 136.539
99.6991 28.5054 29.629 4.67873 136.499
99.799 28.4752 29.6684 4.67801 136.46
99.899 28.445 29.7079 4.67727 136.42
99.999 28.4147 29.7473 4.67652 136.381
100.099 28.3845 29.7868 4.67575 136.342
100.199 28.3542 29.8262 4.67496 136.302
100.299 28.3239 29.8656 4.67417 136.263
100.399 28.2935 29.905 4.67335 136.223
100.499 28.2632 29.9444 4.67253 136.184
100.599 28.2328 29.9837 4.67168 136.145
100.699 28.2024 30.0231 4.67083 136.105
100.799 28.1719 30.0624 4.66996 136.066
100.899 28.1415 30.1017 4.66907 136.027
100.999 28.111 30.1411 4.66817 135.987
101.099 28.0805 30.1804 4.66726 135.948
101.199 28.0499 30.2196 4.66633 135.909
101.299 28.0194 30.2589 4.66538 135.869
101.399 27.9888 30.2982 4.66442 135.83
101.499 27.9582 30.3374 4.66345 135.791
101.599 27.9275 30.3767 4.66246 135.752
101.699 27.8969 30.4159 4.66146 135.712
101.799 27.8662 30.4551 4.66044 135.673
101.899 27.8355 30.4943 4.65941 135.634
101.999 27.8048 30.5335 4.65836 135.595
102.099 27.774 30.5726 4.6573 135.556
102.199 27.7432 30.6118 4.65622 135.517
102.299 27.7124 30.6509 4.65513 135.477
102.399 27.6816 30.69 4.65403 135.438
102.499 27.6507 30.7291 4.65291 135.399
102.599 27.6199 30.7682 4.65177 135.36
102.699 27.589 30.8073 4.65062 135.321
102.799 27.558 30.8463 4.64946 135.282
102.899 27.5271 30.8854 4.64828 135.243
102.999 27.4961 30.9244 4.64709 135.204
103.099 27.4651 30.9634 4.64588 135.165
103.199 27.4341 31.0024 4.64465 135.126
103.299 27.4031 31.0414 4.64342 135.087
103.399 27.372 31.0803 4.64216 135.048
103.499 27.3409 31.1193 4.6409 135.009
103.599 27.3098 31.1582 4.63961 134.97
103.699 27.2787 31.1971 4.63832 134.931
103.799 27.2475 31.236 4.637 134.892
103.899 27.2163 31.2749 4.63568 134.853
103.999 27.1851 31.3138 4.63434 134.815
104.099 27.1539 31.3526 4.63298 134.776
104.199 27.1227 31.3914 4.63161 134.737
104.299 27.0914 31.4303 4.63023 134.698
104.399 27.0601 31.469 4.62883 134.659
104.499 27.0288 31.5078 4.62741 134.62
104.599 26.9975 31.5466 4.62598 134.582
104.699 26.9661 31.5853 4.62454 134.543
104.799 26.9347 31.624 4.62308 134.504
104.899 26.9033 31.6628 4.6216 134.466
104.999 26.8719 31.7014 4.62012 134.427
105.099 26.8405 31.7401 4.61861 134.388
105.199 26.809 31.7788 4.6171 134.35
105.299 26.7775 31.8174 4.61556 134.311
105.399 26.746 31.856 4.61402 134.272
105.499 26.7144 31.8946 4.61245 134.234
105.599 26.6829 31.9332 4.61088 134.195
105.699 26.6513 31.9718 4.60928 134.157
105.799 26.6197 32.0103 4.60768 134.118
105.899 26.5881 32.0488 4.60606 134.08
105.999 26.5564 32.0873 4.60442 134.041
106.099 26.5248 32.1258 4.60277 134.003
106.199 26.4931 32.1643 4.6011 133.964
106.299 26.4614 32.2027 4.59942 133.926
106.399 26.4297 32.2411 4.59773 133.887
106.499 26.3979 32.2795 4.59602 133.849
106.599 26.3661 32.3179 4.59429 133.81
106.699 26.3344 32.3563 4.59255 133.772
106.799 26.3025 32.3946 4.5908 133.734
106.899 26.2707 32.433 4.58903 133.695
106.999 26.2389 32.4713 4.58725 133.657
107.099 26.207 32.5095 4.58545 133.619
107.199 26.1751 32.5478 4.58364 133.581
107.299 26.1432 32.5861 4.58181 133.542
107.399 26.1112 32.6243 4.57997 133.504
107.499 26.0793 32.6625 4.57811 133.466
107.599 26.0473 32.7007 4.57624 133.428
107.699 26.0153 32.7388 4.57435 133.39
107.799 25.9833 32.777 4.57245 133.351
107.899 25.9512 32.8151 4.57053 133.313
107.999 25.9192 32.8532 4.5686 133.275
108.099 25.8871 32.8912 4.56665 133.237
108.199 25.855 32.9293 4.56469 133.199
108.299 25.8229 32.9673 4.56271 133.161
108.399 25.7907 33.0053 4.56072 133.123
108.499 25.7586 33.0433 4.55872 133.085
108.599 25.7264 33.0813 4.5567 133.047
108.699 25.6942 33.1192 4.55466 133.009
108.799 25.662 33.1571 4.55261 132.971
108.899 25.6298 33.195 4.55055 132.933
108.999 25.5975 33.2329 4.54847 132.895
109.099 25.5652 33.2708 4.54638 132.858
109.199 25.5329 33.3086 4.54427 132.82
109.299 25.5006 33.3464 4.54214 132.782
109.399 25.4683 33.3842 4.54001 132.744
109.499 25.4359 33.4219 4.53785 132.706
109.599 25.4035 33.4597 4.53568 132.669
109.699 25.3711 33.4974 4.5335 132.631
109.799 25.3387 33.5351 4.5313 132.593
109.899 25.3063 33.5727 4.52909 132.556
109.999 25.2739 33.6104 4.52687 132.518
110.099 25.2414 33.648 4.52462 132.48
110.199 25.2089 33.6856 4.52237 132.443
110.299 25.1764 33.7232 4.5201 132.405
110.399 25.1439 33.7607 4.51781 132.368
110.499 25.1113 33.7982 4.51551 132.33
110.599 25.0787 33.8357 4.51319 132.293
110.699 25.0462 33.8732 4.51086 132.255
110.799 25.0136 33.9106 4.50852 132.218
110.899 24.9809 33.9481 4.50616 132.18
110.999 24.9483 33.9854 4.50378 132.143
111.099 24.9156 34.0228 4.50139 132.105
111.199 24.883 34.0602 4.49899 132.068
111.299 24.8503 34.0975 4.49657 132.031
111.399 24.8176 34.1348 4.49414 131.994
111.499 24.7848 34.1721 4.49169 131.956
111.599 24.7521 34.2093 4.48923 131.919
111.699 24.7193 34.2465 4.48675 131.882
111.799 24.6865 34.2837 4.48426 131.845
111.899 24.6537 34.3209 4.48175 131.807
111.999 24.6209 34.358 4.47923 131.77
112.099 24.5881 34.3951 4.47669 131.733
112.199 24.5552 34.4322 4.47414 131.696
112.299 24.5223 34.4693 4.47157 131.659
112.399 24.4894 34.5063 4.46899 131.622
112.499 24.4565 34.5433 4.46639 131.585
112.599 24.4236 34.5803 4.46378 131.548
112.699 24.3907 34.6173 4.46116 131.511
112.799 24.3577 34.6542 4.45852 131.474
112.899 24.3247 34.6911 4.45586 131.437
112.999 24.2917 34.728 4.45319 131.4
113.099 24.2587 34.7648 4.45051 131.363
113.199 24.2257 34.8016 4.44781 131.327
113.299 24.1926 34.8384 4.4451 131.29
113.399 24.1595 34.8752 4.44237 131.253
113.499 24.1265 34.9119 4.43963 131.216
113.599 24.0934 34.9486 4.43687 131.18
113.699 24.0602 34.9853 4.4341 131.143
113.799 24.0271 35.022 4.43131 131.106
113.899 23.994 35.0586 4.42851 131.07
113.999 23.9608 35.0952 4.42569 131.033
114.099 23.9276 35.1318 4.42286 130.997
114.199 23.8944 35.1683 4.42001 130.96
114.299 23.8612 35.2048 4.41715 130.923
114.399 23.8279 35.2413 4.41428 130.887
114.499 23.7947 35.2778 4.41139 130.851
114.599 23.7614 35.3142 4.40848 130.814
114.699 23.7281 35.3506 4.40557 130.778
114.799 23.6948 35.3869 4.40263 130.741
114.899 23.6615 35.4233 4.39968 130.705
114.999 23.6282 35.4596 4.39672 130.669
115.099 23.5948 35.4959 4.39374 130.632
115.199 23.5614 35.5321 4.39075 130.596
115.299 23.528 35.5683 4.38774 130.56
115.399 23.4946 35.6045 4.38472 130.524
115.499 23.4612 35.6407 4.38168 130.488
115.599 23.4278 35.6768 4.37863 130.452
115.699 23.3943 35.7129 4.37557 130.415
115.799 23.3609 35.749 4.37249 130.379
115.899 23.3274 35.785 4.36939 130.343
115.999 23.2939 35.821 4.36628 130.307
116.099 23.2604 35.857 4.36316 130.271
116.199 23.2268 35.8929 4.36002 130.235
116.299 23.1933 35.9288 4.35687 130.199
116.399 23.1597 35.9647 4.3537 130.164
116.499 23.1262 36.0006 4.35052 130.128
116.599 23.0926 36.0364 4.34732 130.092
116.699 23.0589 36.0722 4.34411 130.056
116.799 23.0253 36.108 4.34088 130.02
116.899 22.9917 36.1437 4.33764 129.985
116.999 22.958 36.1794 4.33438 129.949
117.099 22.9244 36.215 4.33111 129.913
117.199 22.8907 36.2507 4.32783 129.878
117.299 22.857 36.2863 4.32453 129.842
117.399 22.8232 36.3218 4.32122 129.806
117.499 22.7895 36.3574 4.31789 129.771
117.599 22.7558 36.3929 4.31455 129.735
117.699 22.722 36.4284 4.31119 129.7
117.799 22.6882 36.4638 4.30782 129.665
117.899 22.6544 36.4992 4.30443 129.629
117.999 22.6206 36.5346 4.30103 129.594
118.099 22.5868 36.5699 4.29762 129.558
118.199 22.5529 36.6052 4.29419 129.523
118.299 22.5191 36.6405 4.29074 129.488
118.399 22.4852 36.6757 4.28728 129.453
118.499 22.4513 36.7109 4.28381 129.417
118.599 22.4174 36.7461 4.28032 129.382
118.699 22.3835 36.7813 4.27682 129.347
118.799 22.3496 36.8164 4.2733 129.312
118.899 22.3156 36.8514 4.26977 129.277
118.999 22.2817 36.8865 4.26622 129.242
119.099 22.2477 36.9215 4.26266 129.207
119.199 22.2137 36.9565 4.25909 129.172
119.299 22.1797 36.9914 4.2555 129.137
119.399 22.1457 37.0263 4.2519 129.102
119.499 22.1117 37.0612 4.24828 129.067
119.599 22.0776 37.096 4.24465 129.032
119.699 22.0436 37.1308 4.241 128.998
119.799 22.0095 37.1656 4.23734 128.963
119.899 21.9754 37.2003 4.23366 128.928
119.999 21.9413 37.235 4.22997 128.893
120.099 21.9072 37.2697 4.22627 128.859
120.199 21.8731 37.3043 4.22255 128.824
120.299 21.8389 37.3389 4.21882 128.789
120.399 21.8048 37.3734 4.21507 128.755
120.499 21.7706 37.408 4.21131 128.72
120.599 21.7364 37.4424 4.20753 128.686
120.699 21.7022 37.4769 4.20374 128.651
120.799 21.668 37.5113 4.19994 128.617
120.899 21.6337 37.5457 4.19612 128.583
120.999 21.5995 37.58 4.19228 128.548
121.099 21.5652 37.6143 4.18844 128.514
121.199 21.531 37.6486 4.18457 128.48
121.299 21.4967 37.6828 4.1807 128.445
121.399 21.4624 37.717 4.17681 128.411
121.499 21.4281 37.7512 4.1729 128.377
121.599 21.3938 37.7853 4.16898 128.343
121.699 21.3594 37.8194 4.16505 128.309
121.799 21.3251 37.8535 4.1611 128.275
121.899 21.2907 37.8875 4.15714 128.241
121.999 21.2563 37.9215 4.15316 128.207
122.099 21.2219 37.9554 4.14917 128.173
122.199 21.1875 37.9893 4.14517 128.139
122.299 21.1531 38.0232 4.14115 128.105
122.399 21.1187 38.057 4.13711 128.071
122.499 21.0842 38.0908 4.13307 128.038
122.599 21.0498 38.1245 4.129 128.004
122.699 21.0153 38.1583 4.12493 127.97
122.799 20.9808 38.1919 4.12084 127.936
122.899 20.9463 38.2256 4.11673 127.903
122.999 20.9118 38.2592 4.11261 127.869
123.099 20.8773 38.2928 4.10848 127.836
123.199 20.8427 38.3263 4.10433 127.802
123.299 20.8082 38.3598 4.10017 127.769
123.399 20.7736 38.3932 4.096 127.735
123.499 20.739 38.4266 4.09181 127.702
123.599 20.7045 38.46 4.08761 127.668
123.699 20.6699 38.4933 4.08339 127.635
123.799 20.6352 38.5266 4.07916 127.602
123.899 20.6006 38.5599 4.07491 127.568
123.999 20.566 38.5931 4.07065 127.535
124.099 20.5313 38.6263 4.06638 127.502
124.199 20.4967 38.6594 4.06209 127.469
124.299 20.462 38.6925 4.05779 127.436
124.399 20.4273 38.7256 4.05347 127.403
124.499 20.3926 38.7586 4.04914 127.37
124.599 20.3579 38.7916 4.0448 127.337
124.699 20.3231 38.8245 4.04044 127.304
124.799 20.2884 38.8574 4.03607 127.271
124.899 20.2537 38.8903 4.03168 127.238
124.999 20.2189 38.9231 4.02728 127.205
125.099 20.1841 38.9559 4.02287 127.172
125.199 20.1493 38.9886 4.01844 127.14
125.299 20.1145 39.0213 4.014 127.107
125.399 20.0797 39.054 4.00954 127.074
125.499 20.0449 39.0866 4.00507 127.042
125.599 20.01 39.1192 4.00059 127.009
125.699 19.9752 39.1518 3.99609 126.977
125.799 19.9403 39.1842 3.99158 126.944
125.899 19.9055 39.2167 3.98705 126.912
125.999 19.8706 39.2491 3.98251 126.879
126.099 19.8357 39.2815 3.97796 126.847
126.199 19.8008 39.3138 3.97339 126.814
126.299 19.7658 39.3461 3.96881 126.782
126.399 19.7309 39.3784 3.96422 126.75
126.499 19.696 39.4106 3.95961 126.718
126.599 19.661 39.4428 3.95499 126.686
126.699 19.626 39.4749 3.95035 126.653
126.799 19.5911 39.507 3.9457 126.621
126.899 19.5561 39.539 3.94104 126.589
126.999 19.5211 39.571 3.93636 126.557
127.099 19.4861 39.603 3.93167 126.525
127.199 19.451 39.6349 3.92696 126.493
127.299 19.416 39.6668 3.92224 126.462
127.399 19.381 39.6986 3.91751 126.43
127.499 19.3459 39.7304 3.91276 126.398
127.599 19.3108 39.7621 3.908 126.366
127.699 19.2757 39.7939 3.90323 126.334
127.799 19.2406 39.8255 3.89844 126.303
127.899 19.2055 39.8571 3.89364 126.271
127.999 19.1704 39.8887 3.88883 126.24
128.099 19.1353 39.9202 3.884 126.208
128.199 19.1002 39.9517 3.87916 126.177
128.299 19.065 39.9832 3.8743 126.145
128.399 19.0298 40.0146 3.86943 126.114
128.499 18.9947 40.046 3.86455 126.082
128.599 18.9595 40.0773 3.85965 126.051
128.699 18.9243 40.1086 3.85474 126.02
128.799 18.8891 40.1398 3.84982 125.989
128.899 18.8539 40.171 3.84488 125.957
128.999 18.8186 40.2021 3.83993 125.926
129.099 18.7834 40.2332 3.83496 125.895
129.199 18.7481 40.2643 3.82998 125.864
129.299 18.7129 40.2953 3.82499 125.833
129.399 18.6776 40.3263 3.81999 125.802
129.499 18.6423 40.3572 3.81497 125.771
129.599 18.607 40.3881 3.80994 125.74
129.699 18.5717 40.4189 3.80489 125.709
129.799 18.5364 40.4497 3.79983 125.679
129.899 18.5011 40.4804 3.79476 125.648
129.999 18.4657 40.5111 3.78967 125.617
130.099 18.4304 40.5418 3.78457 125.587
130.199 18.395 40.5724 3.77946 125.556
130.299 18.3597 40.603 3.77433 125.525
130.399 18.3243 40.6335 3.76919 125.495
130.499 18.2889 40.664 3.76404 125.464
130.599 18.2535 40.6944 3.75888 125.434
130.699 18.2181 40.7248 3.7537 125.404
130.799 18.1827 40.7551 3.7485 125.373
130.899 18.1472 40.7854 3.7433 125.343
130.999 18.1118 40.8157 3.73808 125.313
131.099 18.0763 40.8459 3.73284 125.282
131.199 18.0409 40.876 3.7276 125.252
131.299 18.0054 40.9061 3.72234 125.222
131.399 17.9699 40.9362 3.71707 125.192
131.499 17.9344 40.9662 3.71178 125.162
131.599 17.8989 40.9962 3.70648 125.132
131.699 17.8634 41.0261 3.70117 125.102
131.799 17.8279 41.056 3.69584 125.072
131.899 17.7924 41.0858 3.69051 125.043
131.999 17.7568 41.1156 3.68515 125.013
132.099 17.7213 41.1453 3.67979 124.983
132.199 17.6857 41.175 3.67441 124.953
132.299 17.6501 41.2047 3.66902 124.924
132.399 17.6145 41.2343 3.66362 124.894
132.499 17.579 41.2638 3.6582 124.865
132.599 17.5434 41.2933 3.65277 124.835
132.699 17.5077 41.3228 3.64733 124.806
132.799 17.4721 41.3522 3.64187 124.776
132.899 17.4365 41.3815 3.6364 124.747
132.999 17.4009 41.4108 3.63092 124.717
133.099 17.3652 41.4401 3.62542 124.688
133.199 17.3295 41.4693 3.61992 124.659
133.299 17.2939 41.4985 3.61439 124.63
133.399 17.2582 41.5276 3.60886 124.601
133.499 17.2225 41.5567 3.60331 124.572
133.599 17.1868 41.5857 3.59775 124.543
133.699 17.1511 41.6147 3.59218 124.514
133.799 17.1154 41.6436 3.5866 124.485
133.899 17.0797 41.6725 3.581 124.456
133.999 17.0439 41.7013 3.57539 124.427
134.099 17.0082 41.7301 3.56976 124.398
134.199 16.9724 41.7589 3.56412 124.369
134.299 16.9367 41.7875 3.55847 124.341
134.399 16.9009 41.8162 3.55281 124.312
134.499 16.8651 41.8448 3.54714 124.284
134.599 16.8293 41.8733 3.54145 124.255
134.699 16.7935 41.9018 3.53575 124.227
134.799 16.7577 41.9302 3.53003 124.198
134.899 16.7219 41.9586 3.52431 124.17
134.999 16.6861 41.987 3.51857 124.141
135.099 16.6502 42.0153 3.51282 124.113
135.199 16.6144 42.0435 3.50705 124.085
135.299 16.5785 42.0717 3.50127 124.057
135.399 16.5427 42.0998 3.49549 124.028
135.499 16.5068 42.1279 3.48968 124
135.599 16.4709 42.156 3.48387 123.972
135.699 16.435 42.184 3.47804 123.944
135.799 16.3991 42.2119 3.4722 123.916
135.899 16.3632 42.2398 3.46635 123.888
135.999 16.3273 42.2677 3.46048 123.861
136.099 16.2914 42.2955 3.45461 123.833
136.199 16.2555 42.3232 3.44872 123.805
136.299 16.2195 42.3509 3.44281 123.777
136.399 16.1836 42.3785 3.4369 123.75
136.499 16.1476 42.4061 3.43097 123.722
136.599 16.1116 42.4337 3.42503 123.695
136.699 16.0757 42.4612 3.41908 123.667
136.799 16.0397 42.4886 3.41311 123.64
136.899 16.0037 42.516 3.40714 123.612
136.999 15.9677 42.5433 3.40115 123.585
137.099 15.9317 42.5706 3.39515 123.558
137.199 15.8956 42.5979 3.38913 123.53
137.299 15.8596 42.625 3.38311 123.503
137.399 15.8236 42.6522 3.37707 123.476
137.499 15.7875 42.6793 3.37102 123.449
137.599 15.7515 42.7063 3.36495 123.422
137.699 15.7154 42.7333 3.35888 123.395
137.799 15.6793 42.7602 3.35279 123.368
137.899 15.6433 42.7871 3.34669 123.341
137.999 15.6072 42.8139 3.34058 123.314
138.099 15.5711 42.8407 3.33446 123.288
138.199 15.535 42.8674 3.32832 123.261
138.299 15.4989 42.894 3.32217 123.234
138.399 15.4628 42.9207 3.31601 123.208
138.499 15.4266 42.9472 3.30984 123.181
138.599 15.3905 42.9737 3.30365 123.155
138.699 15.3544 43.0002 3.29746 123.128
138.799 15.3182 43.0266 3.29125 123.102
138.899 15.282 43.0529 3.28503 123.075
138.999 15.2459 43.0792 3.2788 123.049
139.099 15.2097 43.1055 3.27255 123.023
139.199 15.1735 43.1317 3.26629 122.997
139.299 15.1373 43.1578 3.26003 122.97
139.399 15.1011 43.1839 3.25375 122.944
139.499 15.0649 43.21 3.24745 122.918
139.599 15.0287 43.2359 3.24115 122.892
139.699 14.9925 43.2619 3.23483 122.866
139.799 14.9563 43.2877 3.22851 122.841
139.899 14.92 43.3136 3.22217 122.815
139.999 14.8838 43.3393 3.21582 122.789
140.099 14.8475 43.365 3.20945 122.763
140.199 14.8113 43.3907 3.20308 122.738
140.299 14.775 43.4163 3.19669 122.712
140.399 14.7387 43.4419 3.19029 122.686
140.499 14.7024 43.4674 3.18388 122.661
140.599 14.6661 43.4928 3.17746 122.636
140.699 14.6298 43.5182 3.17103 122.61
140.799 14.5935 43.5435 3.16458 122.585
140.899 14.5572 43.5688 3.15813 122.559
140.999 14.5209 43.5941 3.15166 122.534
141.099 14.4846 43.6192 3.14518 122.509
141.199 14.4482 43.6444 3.13869 122.484
141.299 14.4119 43.6694 3.13218 122.459
141.399 14.3755 43.6944 3.12567 122.434
141.499 14.3392 43.7194 3.11914 122.409
141.599 14.3028 43.7443 3.1126 122.384
141.699 14.2664 43.7691 3.10606 122.359
141.799 14.2301 43.7939 3.0995 122.334
141.899 14.1937 43.8187 3.09292 122.31
141.999 14.1573 43.8434 3.08634 122.285
142.099 14.1209 43.868 3.07975 122.26
142.199 14.0845 43.8926 3.07314 122.236
142.299 14.0481 43.9171 3.06652 122.211
142.399 14.0116 43.9415 3.05989 122.187
142.499 13.9752 43.9659 3.05326 122.162
142.6 13.9388 43.9903 3.0466 122.138
142.7 13.9023 44.0146 3.03994 122.114
142.8 13.8659 44.0388 3.03327 122.089
142.9 13.8294 44.063 3.02658 122.065
143 13.7929 44.0871 3.01989 122.041
143.1 13.7565 44.1112 3.01318 122.017
143.2 13.72 44.1352 3.00646 121.993
143.3 13.6835 44.1592 2.99973 121.969
143.4 13.647 44.1831 2.99299 121.945
143.5 13.6105 44.207 2.98624 121.921
143.6 13.574 44.2307 2.97948 121.898
143.7 13.5375 44.2545 2.97271 121.874
143.8 13.501 44.2782 2.96592 121.85
143.9 13.4645 44.3018 2.95912 121.827
144 13.4279 44.3254 2.95232 121.803
144.1 13.3914 44.3489 2.9455 121.779
144.2 13.3548 44.3723 2.93867 121.756
144.3 13.3183 44.3957 2.93183 121.733
144.4 13.2817 44.4191 2.92498 121.709
144.5 13.2451 44.4423 2.91812 121.686
144.6 13.2086 44.4656 2.91125 121.663
144.7 13.172 44.4887 2.90437 121.64
144.8 13.1354 44.5118 2.89747 121.616
144.9 13.0988 44.5349 2.89057 121.593
145 13.0622 44.5579 2.88365 121.57
145.1 13.0256 44.5808 2.87673 121.547
145.2 12.989 44.6037 2.86979 121.525
145.3 12.9524 44.6266 2.86285 121.502
145.4 12.9158 44.6493 2.85589 121.479
145.5 12.8791 44.672 2.84892 121.456
145.6 12.8425 44.6947 2.84194 121.434
145.7 12.8058 44.7173 2.83495 121.411
145.8 12.7692 44.7398 2.82795 121.388
145.9 12.7325 44.7623 2.82094 121.366
146 12.6959 44.7847 2.81392 121.344
146.1 12.6592 44.8071 2.80689 121.321
146.2 12.6225 44.8294 2.79985 121.299
146.3 12.5858 44.8517 2.79279 121.277
146.4 12.5491 44.8738 2.78573 121.254
146.5 12.5125 44.896 2.77866 121.232
146.6 12.4758 44.9181 2.77157 121.21
146.7 12.439 44.9401 2.76448 121.188
146.8 12.4023 44.962 2.75737 121.166
146.9 12.3656 44.9839 2.75026 121.144
147 12.3289 45.0058 2.74313 121.123
147.1 12.2922 45.0275 2.736 121.101
147.2 12.2554 45.0493 2.72885 121.079
147.3 12.2187 45.0709 2.7217 121.057
147.4 12.1819 45.0925 2.71453 121.036
147.5 12.1452 45.1141 2.70736 121.014
147.6 12.1084 45.1356 2.70017 120.993
147.7 12.0716 45.157 2.69297 120.971
147.8 12.0349 45.1784 2.68577 120.95
147.9 11.9981 45.1997 2.67855 120.929
148 11.9613 45.2209 2.67132 120.907
148.1 11.9245 45.2421 2.66409 120.886
148.2 11.8877 45.2633 2.65684 120.865
148.3 11.8509 45.2843 2.64958 120.844
148.4 11.8141 45.3053 2.64232 120.823
148.5 11.7773 45.3263 2.63504 120.802
148.6 11.7405 45.3472 2.62776 120.781
148.7 11.7037 45.368 2.62046 120.76
148.8 11.6668 45.3888 2.61315 120.74
148.9 11.63 45.4095 2.60584 120.719
149 11.5932 45.4302 2.59851 120.698
149.1 11.5563 45.4508 2.59118 120.678
149.2 11.5195 45.4713 2.58383 120.657
149.3 11.4826 45.4918 2.57648 120.637
149.4 11.4457 45.5122 2.56911 120.616
149.5 11.4089 45.5326 2.56174 120.596
149.6 11.372 45.5528 2.55435 120.575
149.7 11.3351 45.5731 2.54696 120.555
149.8 11.2982 45.5933 2.53956 120.535
149.9 11.2613 45.6134 2.53215 120.515
150 11.2244 45.6334 2.52472 120.495
150.1 11.1875 45.6534 2.51729 120.475
150.2 11.1506 45.6734 2.50985 120.455
150.3 11.1137 45.6932 2.5024 120.435
150.4 11.0768 45.713 2.49494 120.415
150.5 11.0399 45.7328 2.48747 120.396
150.6 11.0029 45.7525 2.47999 120.376
150.7 10.966 45.7721 2.4725 120.356
150.8 10.9291 45.7917 2.46501 120.337
150.9 10.8921 45.8112 2.4575 120.317
151 10.8552 45.8306 2.44998 120.298
151.1 10.8182 45.85 2.44246 120.278
151.2 10.7813 45.8693 2.43492 120.259
151.3 10.7443 45.8886 2.42738 120.24
151.4 10.7073 45.9078 2.41983 120.221
151.5 10.6704 45.9269 2.41227 120.201
151.6 10.6334 45.946 2.40469 120.182
151.7 10.5964 45.965 2.39711 120.163
151.8 10.5594 45.984 2.38953 120.144
151.9 10.5224 46.0029 2.38193 120.125
152 10.4854 46.0217 2.37432 120.107
152.1 10.4484 46.0405 2.3667 120.088
152.2 10.4114 46.0592 2.35908 120.069
152.3 10.3744 46.0778 2.35144 120.05
152.4 10.3374 46.0964 2.3438 120.032
152.5 10.3003 46.1149 2.33615 120.013
152.6 10.2633 46.1334 2.32849 119.995
152.7 10.2263 46.1518 2.32082 119.977
152.8 10.1892 46.1701 2.31314 119.958
152.9 10.1522 46.1884 2.30545 119.94
153 10.1151 46.2066 2.29776 119.922
153.1 10.0781 46.2248 2.29005 119.904
153.2 10.041 46.2429 2.28234 119.885
153.3 10.004 46.2609 2.27461 119.867
153.4 9.96691 46.2788 2.26688 119.849
153.5 9.92984 46.2967 2.25914 119.832
153.6 9.89276 46.3146 2.2514 119.814
153.7 9.85568 46.3324 2.24364 119.796
153.8 9.81859 46.3501 2.23587 119.778
153.9 9.7815 46.3677 2.2281 119.761
154 9.74441 46.3853 2.22032 119.743
154.1 9.70731 46.4028 2.21253 119.725
154.2 9.6702 46.4203 2.20473 119.708
154.3 9.63309 46.4377 2.19692 119.691
154.4 9.59598 46.455 2.18911 119.673
154.5 9.55886 46.4723 2.18128 119.656
154.6 9.52174 46.4895 2.17345 119.639
154.7 9.48462 46.5067 2.16561 119.622
154.8 9.44748 46.5237 2.15776 119.605
154.9 9.41035 46.5408 2.1499 119.588
155 9.37321 46.5577 2.14204 119.571
155.1 9.33607 46.5746 2.13416 119.554
155.2 9.29892 46.5914 2.12628 119.537
155.3 9.26177 46.6082 2.11839 119.52
155.4 9.22461 46.6249 2.1105 119.503
155.5 9.18745 46.6415 2.10259 119.487
155.6 9.15028 46.6581 2.09468 119.47
155.7 9.11311 46.6746 2.08675 119.454
155.8 9.07594 46.6911 2.07882 119.437
155.9 9.03876 46.7075 2.07089 119.421
156 9.00158 46.7238 2.06294 119.405
156.1 8.96439 46.74 2.05499 119.388
156.2 8.9272 46.7562 2.04703 119.372
156.3 8.89001 46.7724 2.03906 119.356
156.4 8.85281 46.7884 2.03108 119.34
156.5 8.81561 46.8044 2.02309 119.324
156.6 8.7784 46.8204 2.0151 119.308
156.7 8.74119 46.8362 2.0071 119.292
156.8 8.70397 46.852 1.99909 119.276
156.9 8.66675 46.8678 1.99108 119.261
157 8.62953 46.8835 1.98306 119.245
157.1 8.5923 46.8991 1.97502 119.229
157.2 8.55507 46.9146 1.96699 119.214
157.3 8.51784 46.9301 1.95894 119.198
157.4 8.4806 46.9455 1.95089 119.183
157.5 8.44336 46.9609 1.94283 119.167
157.6 8.40611 46.9762 1.93476 119.152
157.7 8.36886 46.9914 1.92668 119.137
157.8 8.33161 47.0066 1.9186 119.122
157.9 8.29435 47.0217 1.91051 119.107
158 8.25709 47.0367 1.90241 119.092
158.1 8.21982 47.0517 1.89431 119.077
158.2 8.18255 47.0666 1.88619 119.062
158.3 8.14528 47.0814 1.87807 119.047
158.4 8.108 47.0962 1.86995 119.032
158.5 8.07072 47.1109 1.86181 119.017
158.6 8.03344 47.1255 1.85367 119.003
158.7 7.99615 47.1401 1.84552 118.988
158.8 7.95886 47.1546 1.83737 118.974
158.9 7.92156 47.1691 1.82921 118.959
159.001 7.88426 47.1835 1.82104 118.945
159.101 7.84696 47.1978 1.81286 118.931
159.201 7.80966 47.212 1.80468 118.916
159.301 7.77235 47.2262 1.79649 118.902
159.401 7.73503 47.2404 1.78829 118.888
159.501 7.69772 47.2544 1.78008 118.874
159.601 7.6604 47.2684 1.77187 118.86
159.701 7.62307 47.2823 1.76366 118.846
159.801 7.58575 47.2962 1.75543 118.832
159.901 7.54842 47.31 1.7472 118.818
160.001 7.51108 47.3237 1.73896 118.805
160.101 7.47375 47.3374 1.73072 118.791
160.201 7.43641 47.351 1.72247 118.777
160.301 7.39906 47.3645 1.71421 118.764
160.401 7.36171 47.378 1.70594 118.75
160.501 7.32436 47.3914 1.69767 118.737
160.601 7.28701 47.4047 1.68939 118.724
160.701 7.24965 47.418 1.68111 118.71
160.801 7.21229 47.4312 1.67282 118.697
160.901 7.17493 47.4443 1.66452 118.684
161.001 7.13756 47.4574 1.65622 118.671
161.101 7.10019 47.4704 1.64791 118.658
161.201 7.06282 47.4833 1.63959 118.645
161.301 7.02544 47.4962 1.63127 118.632
161.401 6.98806 47.509 1.62294 118.619
161.501 6.95068 47.5218 1.61461 118.607
161.601 6.91329 47.5344 1.60626 118.594
161.701 6.8759 47.547 1.59792 118.581
161.801 6.83851 47.5596 1.58956 118.569
161.901 6.80112 47.572 1.5812 118.556
162.001 6.76372 47.5845 1.57284 118.544
162.101 6.72632 47.5968 1.56446 118.532
162.201 6.68891 47.6091 1.55609 118.519
162.301 6.65151 47.6213 1.5477 118.507
162.401 6.61409 47.6334 1.53931 118.495
162.501 6.57668 47.6455 1.53092 118.483
162.601 6.53926 47.6575 1.52251 118.471
162.701 6.50185 47.6694 1.51411 118.459
162.801 6.46442 47.6813 1.50569 118.447
162.901 6.427 47.6931 1.49727 118.435
163.001 6.38957 47.7049 1.48885 118.423
163.101 6.35214 47.7165 1.48042 118.412
163.201 6.31471 47.7282 1.47198 118.4
163.301 6.27727 47.7397 1.46354 118.389
163.401 6.23983 47.7512 1.45509 118.377
163.501 6.20239 47.7626 1.44663 118.366
163.601 6.16494 47.7739 1.43817 118.354
163.701 6.1275 47.7852 1.42971 118.343
163.801 6.09005 47.7964 1.42124 118.332
163.901 6.05259 47.8075 1.41276 118.321
164.001 6.01514 47.8186 1.40428 118.31
164.101 5.97768 47.8296 1.39579 118.299
164.201 5.94022 47.8405 1.3873 118.288
164.301 5.90275 47.8514 1.3788 118.277
164.401 5.86529 47.8622 1.3703 118.266
164.501 5.82782 47.873 1.36179 118.255
164.601 5.79035 47.8836 1.35328 118.245
164.701 5.75287 47.8942 1.34476 118.234
164.801 5.7154 47.9048 1.33623 118.224
164.901 5.67792 47.9152 1.32771 118.213
165.001 5.64043 47.9256 1.31917 118.203
165.101 5.60295 47.9359 1.31063 118.192
165.201 5.56546 47.9462 1.30209 118.182
165.301 5.52797 47.9564 1.29354 118.172
165.401 5.49048 47.9665 1.28498 118.162
165.501 5.45299 47.9766 1.27642 118.152
165.601 5.41549 47.9866 1.26786 118.142
165.701 5.37799 47.9965 1.25929 118.132
165.801 5.34049 48.0064 1.25071 118.122
165.901 5.30299 48.0162 1.24213 118.112
166.001 5.26548 48.0259 1.23355 118.102
166.101 5.22797 48.0355 1.22496 118.093
166.201 5.19046 48.0451 1.21637 118.083
166.301 5.15295 48.0546 1.20777 118.074
166.401 5.11543 48.0641 1.19916 118.064
166.501 5.07792 48.0735 1.19056 118.055
166.601 5.0404 48.0828 1.18194 118.046
166.701 5.00287 48.092 1.17333 118.036
166.801 4.96535 48.1012 1.16471 118.027
166.901 4.92782 48.1103 1.15608 118.018
167.001 4.89029 48.1194 1.14745 118.009
167.101 4.85276 48.1283 1.13881 118
167.201 4.81523 48.1372 1.13017 117.991
167.301 4.77769 48.1461 1.12153 117.982
167.401 4.74016 48.1548 1.11288 117.973
167.501 4.70262 48.1635 1.10423 117.965
167.601 4.66508 48.1722 1.09557 117.956
167.701 4.62753 48.1807 1.08691 117.948
167.801 4.58999 48.1892 1.07825 117.939
167.901 4.55244 48.1977 1.06958 117.931
168.001 4.51489 48.206 1.0609 117.922
168.101 4.47734 48.2143 1.05222 117.914
168.201 4.43979 48.2225 1.04354 117.906
168.301 4.40223 48.2307 1.03486 117.898
168.401 4.36467 48.2388 1.02617 117.89
168.501 4.32711 48.2468 1.01747 117.882
168.601 4.28955 48.2547 1.00877 117.874
168.701 4.25199 48.2626 1.00007 117.866
168.801 4.21442 48.2704 0.991365 117.858
168.901 4.17686 48.2782 0.982655 117.85
169.001 4.13929 48.2859 0.973942 117.842
169.101 4.10172 48.2935 0.965224 117.835
169.201 4.06415 48.301 0.956503 117.827
169.301 4.02657 48.3085 0.947778 117.82
169.401 3.989 48.3159 0.93905 117.812
169.501 3.95142 48.3232 0.930317 117.805
169.601 3.91384 48.3305 0.921581 117.798
169.701 3.87626 48.3377 0.912842 117.791
169.801 3.83868 48.3448 0.904099 117.784
169.901 3.80109 48.3518 0.895352 117.776
170.001 3.7635 48.3588 0.886602 117.769
170.101 3.72592 48.3657 0.877849 117.763
170.201 3.68833 48.3726 0.869092 117.756
170.301 3.65074 48.3794 0.860331 117.749
170.401 3.61314 48.3861 0.851568 117.742
170.501 3.57555 48.3927 0.842801 117.736
170.601 3.53795 48.3993 0.83403 117.729
170.701 3.50036 48.4058 0.825257 117.723
170.801 3.46276 48.4123 0.81648 117.716
170.901 3.42516 48.4186 0.8077 117.71
171.001 3.38756 48.4249 0.798917 117.703
171.101 3.34995 48.4311 0.79013 117.697
171.201 3.31235 48.4373 0.781341 117.691
171.301 3.27474 48.4434 0.772549 117.685
171.401 3.23713 48.4494 0.763753 117.679
171.501 3.19952 48.4554 0.754955 117.673
171.601 3.16191 48.4613 0.746154 117.667
171.701 3.1243 48.4671 0.737349 117.661
171.801 3.08669 48.4728 0.728542 117.656
171.901 3.04907 48.4785 0.719732 117.65
172.001 3.01146 48.4841 0.710919 117.644
172.101 2.97384 48.4896 0.702104 117.639
172.201 2.93622 48.4951 0.693285 117.633
172.301 2.8986 48.5005 0.684464 117.628
172.401 2.86098 48.5058 0.675641 117.622
172.501 2.82336 48.5111 0.666814 117.617
172.601 2.78574 48.5163 0.657985 117.612
172.701 2.74811 48.5214 0.649154 117.607
172.801 2.71048 48.5265 0.64032 117.602
172.901 2.67286 48.5314 0.631483 117.597
173.001 2.63523 48.5364 0.622644 117.592
173.101 2.5976 48.5412 0.613803 117.587
173.201 2.55997 48.546 0.604959 117.582
173.301 2.52234 48.5507 0.596113 117.578
173.401 2.4847 48.5553 0.587264 117.573
173.501 2.44707 48.5599 0.578413 117.568
173.601 2.40943 48.5644 0.56956 117.564
173.701 2.3718 48.5688 0.560705 117.559
173.801 2.33416 48.5732 0.551847 117.555
173.901 2.29652 48.5775 0.542987 117.551
174.001 2.25888 48.5817 0.534125 117.547
174.101 2.22124 48.5858 0.525262 117.542
174.201 2.1836 48.5899 0.516396 117.538
174.301 2.14596 48.5939 0.507528 117.534
174.401 2.10832 48.5979 0.498658 117.53
174.501 2.07067 48.6017 0.489786 117.527
174.601 2.03303 48.6055 0.480912 117.523
174.701 1.99538 48.6093 0.472036 117.519
174.801 1.95774 48.6129 0.463158 117.515
174.901 1.92009 48.6165 0.454279 117.512
175.001 1.88244 48.6201 0.445398 117.508
175.101 1.84479 48.6235 0.436515 117.505
175.201 1.80714 48.6269 0.42763 117.501
175.301 1.76949 48.6302 0.418744 117.498
175.402 1.73184 48.6335 0.409856 117.495
175.502 1.69419 48.6366 0.400966 117.492
175.602 1.65654 48.6397 0.392075 117.489
175.702 1.61888 48.6428 0.383183 117.486
175.802 1.58123 48.6457 0.374289 117.483
175.902 1.54357 48.6486 0.365393 117.48
176.002 1.50592 48.6515 0.356496 117.477
176.102 1.46826 48.6542 0.347597 117.474
176.202 1.4306 48.6569 0.338698 117.471
176.302 1.39295 48.6595 0.329796 117.469
176.402 1.35529 48.6621 0.320894 117.466
176.502 1.31763 48.6646 0.31199 117.464
176.602 1.27997 48.667 0.303085 117.461
176.702 1.24231 48.6693 0.294179 117.459
176.802 1.20465 48.6716 0.285272 117.457
176.902 1.16699 48.6738 0.276364 117.455
177.002 1.12933 48.6759 0.267454 117.452
177.102 1.09166 48.678 0.258544 117.45
177.202 1.054 48.68 0.249632 117.448
177.302 1.01634 48.6819 0.24072 117.446
177.402 0.978676 48.6837 0.231806 117.445
177.502 0.941012 48.6855 0.222892 117.443
177.602 0.903348 48.6872 0.213977 117.441
177.702 0.865684 48.6889 0.205061 117.439
177.802 0.828019 48.6904 0.196144 117.438
177.902 0.790353 48.6919 0.187226 117.436
178.002 0.752688 48.6934 0.178308 117.435
178.102 0.715022 48.6947 0.169389 117.434
178.202 0.677355 48.696 0.160469 117.432
178.302 0.639689 48.6972 0.151549 117.431
178.402 0.602022 48.6984 0.142628 117.43
178.502 0.564355 48.6995 0.133706 117.429
178.602 0.526687 48.7005 0.124784 117.428
178.702 0.48902 48.7014 0.115862 117.427
178.802 0.451352 48.7023 0.106939 117.426
178.902 0.413684 48.7031 0.0980155 117.425
179.002 0.376016 48.7038 0.0890918 117.424
179.102 0.338347 48.7045 0.0801677 117.424
179.202 0.300679 48.7051 0.0712432 117.423
179.302 0.26301 48.7056 0.0623185 117.423
179.402 0.225342 48.7061 0.0533936 117.422
179.502 0.187673 48.7064 0.0444684 117.422
179.602 0.150004 48.7068 0.0355431 117.422
179.702 0.112335 48.707 0.0266176 117.421
179.802 0.0746658 48.7072 0.017692 117.421
179.902 0.0369967 48.7073 0.00876636 117.421
