0 5.30186e-15 9.93714 0 170.233
0.1 0.0755603 9.93718 0.00845014 170.233
0.2 0.15112 9.9373 0.0169003 170.233
0.3 0.226677 9.93751 0.0253503 170.233
0.4 0.302231 9.93779 0.0338004 170.232
0.5 0.377781 9.93815 0.0422503 170.232
0.6 0.453326 9.9386 0.0507001 170.232
0.7 0.528865 9.93912 0.0591499 170.231
0.8 0.604397 9.93972 0.0675995 170.231
0.9 0.679921 9.94041 0.0760489 170.23
1 0.755435 9.94118 0.0844982 170.229
1.1 0.830939 9.94202 0.0929472 170.228
1.2 0.906432 9.94295 0.101396 170.227
1.3 0.981913 9.94396 0.109845 170.226
1.4 1.05738 9.94505 0.118293 170.225
1.5 1.13283 9.94622 0.126741 170.224
1.6 1.20827 9.94747 0.135189 170.223
1.7 1.28369 9.9488 0.143636 170.221
1.8 1.3591 9.95021 0.152084 170.22
1.9 1.43448 9.9517 0.16053 170.219
2 1.50985 9.95328 0.168977 170.217
2.1 1.5852 9.95493 0.177423 170.215
2.2 1.66052 9.95666 0.185868 170.214
2.3 1.73583 9.95848 0.194314 170.212
2.4 1.8111 9.96037 0.202758 170.21
2.5 1.88636 9.96235 0.211203 170.208
2.6 1.96159 9.9644 0.219646 170.206
2.7 2.03679 9.96654 0.22809 170.204
2.8 2.11197 9.96876 0.236533 170.201
2.9 2.18712 9.97106 0.244975 170.199
3 2.26223 9.97344 0.253416 170.197
3.1 2.33732 9.97589 0.261857 170.194
3.2 2.41238 9.97843 0.270298 170.192
3.3 2.4874 9.98105 0.278738 170.189
3.4 2.56239 9.98376 0.287177 170.186
3.5 2.63735 9.98654 0.295615 170.184
3.6 2.71227 9.9894 0.304053 170.181
3.7 2.78715 9.99234 0.31249 170.178
3.8 2.862 9.99536 0.320927 170.175
3.9 2.93681 9.99847 0.329362 170.172
4 3.01158 10.0017 0.337797 170.169
4.1 3.08631 10.0049 0.346232 170.165
4.2 3.161 10.0083 0.354665 170.162
4.3 3.23564 10.0117 0.363097 170.159
4.4 3.31025 10.0152 0.371529 170.155
4.5 3.3848 10.0188 0.37996 170.151
4.6 3.45932 10.0224 0.38839 170.148
4.7 3.53378 10.0262 0.396819 170.144
4.8 3.60821 10.03 0.405247 170.14
4.9 3.68258 10.0339 0.413674 170.136
5 3.7569 10.0379 0.4221 170.132
5.1 3.83117 10.042 0.430526 170.128
5.2 3.9054 10.0461 0.43895 170.124
5.3 3.97957 10.0504 0.447373 170.12
5.4 4.05368 10.0547 0.455795 170.116
5.5 4.12775 10.0591 0.464216 170.111
5.6 4.20176 10.0635 0.472637 170.107
5.7 4.27571 10.0681 0.481056 170.102
5.8 4.34961 10.0727 0.489473 170.098
5.9 4.42345 10.0774 0.49789 170.093
6 4.49723 10.0822 0.506306 170.088
6.1 4.57095 10.0871 0.51472 170.083
6.2 4.64461 10.092 0.523133 170.078
6.3 4.71821 10.0971 0.531545 170.073
6.4 4.79175 10.1022 0.539956 170.068
6.5 4.86523 10.1074 0.548366 170.063
6.6 4.93864 10.1126 0.556774 170.058
6.7 5.01199 10.118 0.565181 170.052
6.8 5.08527 10.1234 0.573587 170.047
6.9 5.15848 10.1289 0.581991 170.041
7 5.23163 10.1345 0.590394 170.036
7.1 5.3047 10.1402 0.598796 170.03
7.2 5.37771 10.146 0.607196 170.024
7.3 5.45065 10.1518 0.615595 170.018
7.4 5.52352 10.1577 0.623992 170.013
7.5 5.59631 10.1637 0.632388 170.007
7.6 5.66903 10.1698 0.640783 170
7.7 5.74168 10.1759 0.649176 169.994
7.79999 5.81425 10.1822 0.657567 169.988
7.89999 5.88675 10.1885 0.665957 169.982
7.99999 5.95917 10.1949 0.674346 169.975
8.09999 6.03152 10.2013 0.682733 169.969
8.2 6.10378 10.2079 0.691118 169.962
8.3 6.17597 10.2145 0.699502 169.956
8.4 6.24808 10.2212 0.707884 169.949
8.5 6.3201 10.228 0.716265 169.942
8.6 6.39205 10.2349 0.724644 169.935
8.7 6.46391 10.2418 0.733021 169.928
8.8 6.53569 10.2489 0.741396 169.921
8.9 6.60739 10.256 0.74977 169.914
9 6.679 10.2632 0.758142 169.907
9.1 6.75052 10.2704 0.766512 169.9
9.2 6.82196 10.2778 0.774881 169.892
9.3 6.89331 10.2852 0.783248 169.885
9.4 6.96457 10.2927 0.791612 169.877
9.5 7.03575 10.3003 0.799975 169.87
9.6 7.10683 10.308 0.808337 169.862
9.7 7.17782 10.3157 0.816696 169.854
9.8 7.24872 10.3236 0.825053 169.847
9.9 7.31953 10.3315 0.833409 169.839
10 7.39025 10.3395 0.841763 169.831
10.1 7.46087 10.3475 0.850114 169.823
10.2 7.5314 10.3557 0.858464 169.815
10.3 7.60183 10.3639 0.866812 169.806
10.4 7.67217 10.3722 0.875157 169.798
10.5 7.74241 10.3806 0.883501 169.79
10.6 7.81255 10.389 0.891843 169.781
10.7 7.8826 10.3976 0.900182 169.773
10.8 7.95254 10.4062 0.90852 169.764
10.9 8.02238 10.4149 0.916855 169.755
11 8.09213 10.4237 0.925188 169.747
11.1 8.16177 10.4325 0.933519 169.738
11.2 8.23131 10.4415 0.941848 169.729
11.3 8.30075 10.4505 0.950175 169.72
11.4 8.37008 10.4596 0.958499 169.711
11.5 8.43931 10.4688 0.966822 169.701
11.6 8.50844 10.478 0.975142 169.692
11.7 8.57746 10.4874 0.983459 169.683
11.8 8.64637 10.4968 0.991775 169.673
11.9 8.71518 10.5063 1.00009 169.664
12 8.78387 10.5158 1.0084 169.654
12.1 8.85246 10.5255 1.01671 169.645
12.2 8.92094 10.5352 1.02501 169.635
12.3 8.98931 10.545 1.03332 169.625
12.4 9.05757 10.5549 1.04162 169.615
12.5 9.12572 10.5649 1.04992 169.605
12.6 9.19376 10.5749 1.05821 169.595
12.7 9.26168 10.585 1.06651 169.585
12.8 9.32949 10.5952 1.0748 169.575
12.9 9.39719 10.6055 1.08309 169.565
13 9.46477 10.6159 1.09138 169.554
13.1 9.53223 10.6263 1.09966 169.544
13.2 9.59958 10.6368 1.10794 169.533
13.3 9.66682 10.6474 1.11622 169.523
13.4 9.73394 10.6581 1.1245 169.512
13.5 9.80093 10.6688 1.13277 169.501
13.6 9.86782 10.6797 1.14104 169.491
13.7 9.93458 10.6906 1.14931 169.48
13.8 10.0012 10.7015 1.15758 169.469
13.9 10.0677 10.7126 1.16584 169.458
14 10.1341 10.7238 1.1741 169.446
14.1 10.2004 10.735 1.18236 169.435
14.2 10.2666 10.7463 1.19061 169.424
14.3 10.3326 10.7577 1.19886 169.413
14.4 10.3985 10.7691 1.20711 169.401
14.5 10.4643 10.7806 1.21536 169.39
14.6 10.53 10.7923 1.2236 169.378
14.7 10.5955 10.8039 1.23184 169.366
14.8 10.6609 10.8157 1.24008 169.355
14.9 10.7262 10.8276 1.24832 169.343
15 10.7914 10.8395 1.25655 169.331
15.1 10.8564 10.8515 1.26478 169.319
15.2 10.9213 10.8636 1.27301 169.307
15.3 10.9861 10.8757 1.28123 169.295
15.4 11.0507 10.8879 1.28945 169.282
15.5 11.1153 10.9003 1.29767 169.27
15.6 11.1797 10.9127 1.30588 169.258
15.7 11.2439 10.9251 1.31409 169.245
15.8 11.308 10.9377 1.3223 169.233
15.9 11.372 10.9503 1.33051 169.22
16 11.4359 10.963 1.33871 169.207
16.1 11.4996 10.9758 1.34691 169.194
16.2 11.5632 10.9886 1.3551 169.182
16.3 11.6267 11.0016 1.3633 169.169
16.4 11.69 11.0146 1.37148 169.156
16.5 11.7532 11.0277 1.37967 169.143
16.6 11.8163 11.0408 1.38785 169.129
16.7 11.8792 11.0541 1.39603 169.116
16.8 11.942 11.0674 1.40421 169.103
16.9 12.0047 11.0808 1.41238 169.089
17 12.0672 11.0943 1.42055 169.076
17.1 12.1296 11.1078 1.42872 169.062
17.2 12.1918 11.1214 1.43688 169.049
17.3 12.2539 11.1351 1.44504 169.035
17.4 12.3159 11.1489 1.4532 169.021
17.5 12.3777 11.1628 1.46135 169.007
17.6 12.4394 11.1767 1.4695 168.994
17.7 12.501 11.1907 1.47765 168.979
17.8 12.5624 11.2048 1.48579 168.965
17.9 12.6236 11.219 1.49393 168.951
18 12.6848 11.2332 1.50207 168.937
18.1 12.7458 11.2476 1.5102 168.923
18.2 12.8066 11.262 1.51833 168.908
18.3 12.8673 11.2764 1.52646 168.894
18.4 12.9279 11.291 1.53458 168.879
18.5 12.9883 11.3056 1.5427 168.865
18.6 13.0486 11.3203 1.55081 168.85
18.7 13.1087 11.3351 1.55892 168.835
18.8 13.1687 11.3499 1.56703 168.82
18.9 13.2285 11.3649 1.57513 168.805
19 13.2882 11.3799 1.58323 168.79
19.1 13.3478 11.395 1.59133 168.775
19.2 13.4072 11.4101 1.59942 168.76
19.3 13.4664 11.4254 1.60751 168.745
19.4 13.5256 11.4407 1.6156 168.73
19.5 13.5845 11.4561 1.62368 168.714
19.6 13.6433 11.4715 1.63175 168.699
19.7 13.702 11.4871 1.63983 168.683
19.8 13.7605 11.5027 1.6479 168.668
19.9 13.8189 11.5184 1.65596 168.652
20 13.8772 11.5342 1.66403 168.636
20.1 13.9352 11.55 1.67208 168.62
20.2 13.9932 11.5659 1.68014 168.604
20.3 14.051 11.5819 1.68819 168.588
20.4 14.1086 11.598 1.69624 168.572
20.5 14.1661 11.6142 1.70428 168.556
20.6 14.2234 11.6304 1.71232 168.54
20.7 14.2806 11.6467 1.72035 168.524
20.8 14.3376 11.6631 1.72838 168.507
20.9 14.3945 11.6795 1.73641 168.491
21 14.4513 11.696 1.74443 168.474
21.1 14.5078 11.7126 1.75245 168.458
21.2 14.5643 11.7293 1.76046 168.441
21.3 14.6206 11.7461 1.76847 168.424
21.4 14.6767 11.7629 1.77648 168.407
21.5 14.7327 11.7798 1.78448 168.39
21.6 14.7885 11.7968 1.79248 168.373
21.7 14.8442 11.8138 1.80047 168.356
21.8 14.8997 11.8309 1.80846 168.339
21.9 14.955 11.8481 1.81644 168.322
22 15.0102 11.8654 1.82442 168.305
22.1 15.0653 11.8828 1.8324 168.287
22.2 15.1202 11.9002 1.84037 168.27
22.3 15.175 11.9177 1.84834 168.253
22.4 15.2296 11.9353 1.8563 168.235
22.5 15.284 11.9529 1.86426 168.217
22.6 15.3383 11.9706 1.87222 168.2
22.7001 15.3924 11.9884 1.88017 168.182
22.8001 15.4464 12.0063 1.88811 168.164
22.9001 15.5002 12.0243 1.89605 168.146
23.0001 15.5539 12.0423 1.90399 168.128
23.1001 15.6074 12.0604 1.91192 168.11
23.2001 15.6607 12.0786 1.91985 168.092
23.3001 15.7139 12.0968 1.92777 168.073
23.4001 15.767 12.1151 1.93569 168.055
23.5001 15.8199 12.1335 1.94361 168.037
23.6001 15.8726 12.152 1.95152 168.018
23.7001 15.9252 12.1705 1.95942 168
23.8001 15.9776 12.1891 1.96732 167.981
23.9001 16.0299 12.2078 1.97522 167.962
24.0001 16.082 12.2266 1.98311 167.944
24.1001 16.1339 12.2454 1.991 167.925
24.2001 16.1857 12.2643 1.99888 167.906
24.3001 16.2373 12.2833 2.00675 167.887
24.4001 16.2888 12.3024 2.01463 167.868
24.5001 16.3401 12.3215 2.02249 167.849
24.6001 16.3913 12.3407 2.03036 167.83
24.7001 16.4423 12.36 2.03822 167.81
24.8001 16.4931 12.3793 2.04607 167.791
24.9001 16.5438 12.3988 2.05392 167.771
25.0001 16.5944 12.4183 2.06176 167.752
25.1001 16.6447 12.4378 2.0696 167.732
25.2001 16.6949 12.4575 2.07743 167.713
25.3001 16.745 12.4772 2.08526 167.693
25.4001 16.7949 12.497 2.09309 167.673
25.5001 16.8446 12.5168 2.1009 167.653
25.6001 16.8942 12.5368 2.10872 167.633
25.7001 16.9436 12.5568 2.11653 167.613
25.8001 16.9929 12.5768 2.12433 167.593
25.9001 17.042 12.597 2.13213 167.573
26.0001 17.0909 12.6172 2.13992 167.553
26.1001 17.1397 12.6375 2.14771 167.533
26.2001 17.1883 12.6579 2.1555 167.512
26.3001 17.2368 12.6783 2.16328 167.492
26.4001 17.2851 12.6989 2.17105 167.471
26.5001 17.3333 12.7194 2.17882 167.451
26.6001 17.3812 12.7401 2.18658 167.43
26.7001 17.4291 12.7608 2.19434 167.409
26.8001 17.4767 12.7816 2.20209 167.389
26.9001 17.5243 12.8025 2.20984 167.368
27.0001 17.5716 12.8235 2.21758 167.347
27.1001 17.6188 12.8445 2.22532 167.326
27.2001 17.6658 12.8656 2.23305 167.305
27.3001 17.7127 12.8867 2.24078 167.284
27.4001 17.7594 12.908 2.2485 167.262
27.5001 17.806 12.9293 2.25622 167.241
27.6001 17.8524 12.9506 2.26393 167.22
27.7001 17.8986 12.9721 2.27163 167.198
27.8001 17.9447 12.9936 2.27933 167.177
27.9001 17.9906 13.0152 2.28703 167.155
28.0001 18.0364 13.0369 2.29472 167.133
28.1001 18.082 13.0586 2.3024 167.112
28.2001 18.1274 13.0804 2.31008 167.09
28.3001 18.1727 13.1023 2.31775 167.068
28.4001 18.2178 13.1242 2.32542 167.046
28.5001 18.2628 13.1462 2.33308 167.024
28.6001 18.3076 13.1683 2.34074 167.002
28.7001 18.3522 13.1905 2.34839 166.98
28.8001 18.3967 13.2127 2.35603 166.957
28.9001 18.441 13.235 2.36367 166.935
29.0001 18.4852 13.2574 2.3713 166.913
29.1001 18.5292 13.2798 2.37893 166.89
29.2001 18.573 13.3024 2.38656 166.868
29.3001 18.6167 13.3249 2.39417 166.845
29.4001 18.6603 13.3476 2.40178 166.823
29.5001 18.7036 13.3703 2.40939 166.8
29.6001 18.7468 13.3931 2.41699 166.777
29.7001 18.7899 13.416 2.42458 166.754
29.8001 18.8328 13.4389 2.43217 166.731
29.9001 18.8755 13.4619 2.43975 166.708
30.0001 18.9181 13.485 2.44733 166.685
30.1001 18.9605 13.5081 2.4549 166.662
30.2001 19.0028 13.5313 2.46246 166.639
30.3001 19.0449 13.5546 2.47002 166.616
30.4001 19.0868 13.578 2.47758 166.592
30.5001 19.1286 13.6014 2.48512 166.569
30.6001 19.1702 13.6249 2.49267 166.545
30.7001 19.2117 13.6485 2.5002 166.522
30.8001 19.253 13.6721 2.50773 166.498
30.9001 19.2941 13.6958 2.51525 166.474
31.0001 19.3351 13.7196 2.52277 166.451
31.1001 19.376 13.7434 2.53028 166.427
31.2001 19.4166 13.7673 2.53779 166.403
31.3001 19.4572 13.7913 2.54529 166.379
31.4001 19.4975 13.8153 2.55278 166.355
31.5001 19.5377 13.8395 2.56027 166.331
31.6001 19.5778 13.8636 2.56775 166.307
31.7001 19.6177 13.8879 2.57522 166.282
31.8001 19.6574 13.9122 2.58269 166.258
31.9001 19.697 13.9366 2.59015 166.234
32.0001 19.7364 13.9611 2.59761 166.209
32.1001 19.7756 13.9856 2.60506 166.185
32.2001 19.8147 14.0102 2.6125 166.16
32.3001 19.8537 14.0348 2.61994 166.135
32.4001 19.8925 14.0596 2.62737 166.111
32.5001 19.9311 14.0844 2.6348 166.086
32.6001 19.9696 14.1092 2.64221 166.061
32.7001 20.0079 14.1342 2.64963 166.036
32.8001 20.0461 14.1592 2.65703 166.011
32.9001 20.0841 14.1842 2.66443 165.986
33.0001 20.1219 14.2094 2.67183 165.961
33.1001 20.1596 14.2346 2.67921 165.936
33.2001 20.1972 14.2599 2.68659 165.91
33.3001 20.2346 14.2852 2.69397 165.885
33.4001 20.2718 14.3106 2.70133 165.86
33.5001 20.3089 14.3361 2.70869 165.834
33.6001 20.3458 14.3616 2.71605 165.809
33.7001 20.3826 14.3872 2.7234 165.783
33.8001 20.4192 14.4129 2.73074 165.757
33.9001 20.4556 14.4387 2.73807 165.732
34.0001 20.4919 14.4645 2.7454 165.706
34.1001 20.5281 14.4904 2.75272 165.68
34.2001 20.5641 14.5163 2.76004 165.654
34.3 20.5999 14.5423 2.76734 165.628
34.4 20.6356 14.5684 2.77465 165.602
34.5 20.6712 14.5945 2.78194 165.576
34.6 20.7065 14.6207 2.78923 165.549
34.7 20.7418 14.647 2.79651 165.523
34.8 20.7768 14.6734 2.80379 165.497
34.9 20.8118 14.6998 2.81105 165.47
35 20.8465 14.7263 2.81831 165.444
35.1 20.8811 14.7528 2.82557 165.417
35.2 20.9156 14.7794 2.83282 165.391
35.3 20.9499 14.8061 2.84006 165.364
35.4 20.9841 14.8328 2.84729 165.337
35.5 21.0181 14.8596 2.85452 165.311
35.6 21.0519 14.8865 2.86174 165.284
35.7 21.0857 14.9134 2.86895 165.257
35.8 21.1192 14.9404 2.87616 165.23
35.9 21.1526 14.9675 2.88336 165.203
36 21.1859 14.9946 2.89055 165.176
36.1 21.219 15.0218 2.89774 165.148
36.2 21.2519 15.0491 2.90491 165.121
36.3 21.2847 15.0764 2.91209 165.094
36.4 21.3174 15.1038 2.91925 165.066
36.5 21.3499 15.1313 2.92641 165.039
36.6 21.3822 15.1588 2.93356 165.011
36.7 21.4144 15.1864 2.9407 164.984
36.8 21.4465 15.214 2.94784 164.956
36.9 21.4784 15.2418 2.95497 164.928
37 21.5101 15.2695 2.96209 164.901
37.1 21.5417 15.2974 2.9692 164.873
37.2 21.5732 15.3253 2.97631 164.845
37.3 21.6045 15.3533 2.98341 164.817
37.4 21.6356 15.3813 2.9905 164.789
37.5 21.6666 15.4094 2.99759 164.761
37.6 21.6975 15.4376 3.00467 164.733
37.7 21.7282 15.4658 3.01174 164.704
37.8 21.7588 15.4941 3.0188 164.676
37.9 21.7892 15.5225 3.02586 164.648
38 21.8195 15.5509 3.03291 164.619
38.1 21.8496 15.5794 3.03995 164.591
38.2 21.8796 15.6079 3.04698 164.562
38.3 21.9094 15.6366 3.05401 164.534
38.4 21.9391 15.6652 3.06103 164.505
38.5 21.9686 15.694 3.06804 164.476
38.6 21.998 15.7228 3.07505 164.447
38.7 22.0273 15.7516 3.08205 164.419
38.8 22.0564 15.7806 3.08904 164.39
38.9 22.0853 15.8096 3.09602 164.361
39 22.1142 15.8386 3.10299 164.332
39.1 22.1428 15.8677 3.10996 164.302
39.2 22.1714 15.8969 3.11692 164.273
39.3 22.1997 15.9262 3.12387 164.244
39.4 22.228 15.9555 3.13082 164.215
39.5 22.2561 15.9848 3.13775 164.185
39.6 22.284 16.0143 3.14468 164.156
39.7 22.3118 16.0437 3.1516 164.126
39.8 22.3395 16.0733 3.15852 164.097
39.9 22.367 16.1029 3.16542 164.067
40 22.3944 16.1326 3.17232 164.038
40.1 22.4216 16.1623 3.17921 164.008
40.2 22.4487 16.1921 3.18609 163.978
40.3 22.4757 16.222 3.19297 163.948
40.4 22.5025 16.2519 3.19984 163.918
40.5 22.5291 16.2819 3.2067 163.888
40.6 22.5557 16.312 3.21355 163.858
40.7 22.582 16.3421 3.22039 163.828
40.7999 22.6083 16.3722 3.22723 163.798
40.8999 22.6344 16.4025 3.23405 163.768
40.9999 22.6604 16.4327 3.24087 163.737
41.0999 22.6862 16.4631 3.24769 163.707
41.1999 22.7119 16.4935 3.25449 163.677
41.2999 22.7374 16.524 3.26129 163.646
41.3999 22.7628 16.5545 3.26808 163.616
41.4999 22.7881 16.5851 3.27486 163.585
41.5999 22.8132 16.6158 3.28163 163.554
41.6999 22.8382 16.6465 3.28839 163.524
41.7999 22.863 16.6773 3.29515 163.493
41.8999 22.8877 16.7081 3.3019 163.462
41.9999 22.9123 16.739 3.30864 163.431
42.0999 22.9368 16.77 3.31537 163.4
42.1999 22.9611 16.801 3.32209 163.369
42.2999 22.9852 16.832 3.32881 163.338
42.3999 23.0092 16.8632 3.33551 163.307
42.4999 23.0331 16.8944 3.34221 163.276
42.5999 23.0569 16.9256 3.3489 163.245
42.6999 23.0805 16.9569 3.35559 163.213
42.7999 23.104 16.9883 3.36226 163.182
42.8999 23.1273 17.0197 3.36893 163.15
42.9999 23.1505 17.0512 3.37558 163.119
43.0999 23.1736 17.0828 3.38223 163.087
43.1999 23.1965 17.1144 3.38888 163.056
43.2999 23.2193 17.1461 3.39551 163.024
43.3999 23.242 17.1778 3.40213 162.992
43.4999 23.2645 17.2096 3.40875 162.961
43.5999 23.2869 17.2414 3.41536 162.929
43.6999 23.3092 17.2733 3.42196 162.897
43.7999 23.3313 17.3053 3.42855 162.865
43.8999 23.3533 17.3373 3.43513 162.833
43.9999 23.3752 17.3694 3.4417 162.801
44.0999 23.3969 17.4015 3.44827 162.769
44.1999 23.4185 17.4337 3.45483 162.737
44.2999 23.44 17.466 3.46137 162.704
44.3999 23.4613 17.4983 3.46791 162.672
44.4999 23.4825 17.5306 3.47444 162.64
44.5999 23.5036 17.563 3.48097 162.607
44.6999 23.5246 17.5955 3.48748 162.575
44.7999 23.5454 17.6281 3.49399 162.542
44.8999 23.566 17.6607 3.50048 162.51
44.9999 23.5866 17.6933 3.50697 162.477
45.0999 23.607 17.726 3.51345 162.444
45.1999 23.6273 17.7588 3.51992 162.411
45.2999 23.6475 17.7916 3.52638 162.379
45.3999 23.6675 17.8245 3.53284 162.346
45.4999 23.6874 17.8574 3.53928 162.313
45.5999 23.7072 17.8904 3.54572 162.28
45.6999 23.7268 17.9235 3.55214 162.247
45.7999 23.7463 17.9566 3.55856 162.214
45.8999 23.7657 17.9897 3.56497 162.18
45.9999 23.785 18.023 3.57137 162.147
46.0999 23.8041 18.0562 3.57776 162.114
46.1999 23.8231 18.0896 3.58415 162.081
46.2999 23.842 18.123 3.59052 162.047
46.3999 23.8607 18.1564 3.59688 162.014
46.4999 23.8794 18.1899 3.60324 161.98
46.5999 23.8979 18.2234 3.60959 161.947
46.6999 23.9162 18.2571 3.61592 161.913
46.7999 23.9345 18.2907 3.62225 161.88
46.8999 23.9526 18.3244 3.62857 161.846
46.9999 23.9706 18.3582 3.63488 161.812
47.0999 23.9885 18.392 3.64119 161.778
47.1999 24.0062 18.4259 3.64748 161.744
47.2999 24.0238 18.4599 3.65376 161.71
47.3998 24.0413 18.4939 3.66004 161.676
47.4998 24.0587 18.5279 3.6663 161.642
47.5998 24.0759 18.562 3.67256 161.608
47.6998 24.0931 18.5962 3.67881 161.574
47.7998 24.1101 18.6304 3.68504 161.54
47.8998 24.1269 18.6646 3.69127 161.506
47.9998 24.1437 18.699 3.69749 161.471
48.0998 24.1603 18.7333 3.7037 161.437
48.1998 24.1768 18.7678 3.7099 161.402
48.2998 24.1932 18.8022 3.71609 161.368
48.3998 24.2095 18.8368 3.72228 161.333
48.4998 24.2256 18.8714 3.72845 161.299
48.5998 24.2417 18.906 3.73461 161.264
48.6998 24.2576 18.9407 3.74077 161.23
48.7998 24.2734 18.9754 3.74691 161.195
48.8998 24.289 19.0102 3.75305 161.16
48.9998 24.3046 19.0451 3.75918 161.125
49.0998 24.32 19.08 3.76529 161.09
49.1998 24.3353 19.115 3.7714 161.055
49.2998 24.3505 19.15 3.7775 161.02
49.3998 24.3655 19.1851 3.78359 160.985
49.4998 24.3805 19.2202 3.78966 160.95
49.5998 24.3953 19.2553 3.79573 160.915
49.6998 24.41 19.2906 3.80179 160.88
49.7998 24.4246 19.3258 3.80784 160.844
49.8998 24.4391 19.3612 3.81388 160.809
49.9998 24.4534 19.3965 3.81992 160.774
50.0998 24.4677 19.432 3.82594 160.738
50.1998 24.4818 19.4675 3.83195 160.703
50.2998 24.4958 19.503 3.83795 160.667
50.3998 24.5097 19.5386 3.84394 160.632
50.4998 24.5235 19.5742 3.84993 160.596
50.5998 24.5371 19.6099 3.8559 160.56
50.6998 24.5506 19.6456 3.86186 160.525
50.7998 24.5641 19.6814 3.86782 160.489
50.8998 24.5774 19.7173 3.87376 160.453
50.9998 24.5906 19.7532 3.8797 160.417
51.0998 24.6036 19.7891 3.88562 160.381
51.1998 24.6166 19.8251 3.89154 160.345
51.2998 24.6295 19.8611 3.89744 160.309
51.3998 24.6422 19.8972 3.90333 160.273
51.4998 24.6548 19.9334 3.90922 160.237
51.5998 24.6673 19.9696 3.9151 160.201
51.6998 24.6797 20.0058 3.92096 160.164
51.7998 24.692 20.0421 3.92682 160.128
51.8998 24.7042 20.0785 3.93266 160.092
51.9998 24.7162 20.1149 3.9385 160.055
52.0998 24.7282 20.1513 3.94432 160.019
52.1998 24.74 20.1878 3.95014 159.982
52.2998 24.7517 20.2243 3.95594 159.946
52.3998 24.7633 20.2609 3.96174 159.909
52.4998 24.7748 20.2976 3.96752 159.873
52.5998 24.7862 20.3343 3.9733 159.836
52.6998 24.7975 20.371 3.97906 159.799
52.7998 24.8087 20.4078 3.98482 159.762
52.8998 24.8197 20.4446 3.99057 159.726
52.9998 24.8307 20.4815 3.9963 159.689
53.0998 24.8415 20.5185 4.00202 159.652
53.1998 24.8522 20.5555 4.00774 159.615
53.2998 24.8629 20.5925 4.01344 159.578
53.3998 24.8734 20.6296 4.01914 159.541
53.4998 24.8838 20.6667 4.02482 159.504
53.5998 24.8941 20.7039 4.0305 159.466
53.6998 24.9042 20.7411 4.03616 159.429
53.7998 24.9143 20.7784 4.04181 159.392
53.8997 24.9243 20.8157 4.04746 159.355
53.9997 24.9342 20.8531 4.05309 159.317
54.0997 24.9439 20.8905 4.05871 159.28
54.1997 24.9536 20.9279 4.06432 159.242
54.2997 24.9631 20.9654 4.06992 159.205
54.3997 24.9725 21.003 4.07551 159.167
54.4997 24.9819 21.0406 4.0811 159.13
54.5997 24.9911 21.0782 4.08667 159.092
54.6997 25.0002 21.1159 4.09223 159.054
54.7997 25.0092 21.1537 4.09777 159.017
54.8997 25.0181 21.1915 4.10331 158.979
54.9997 25.0269 21.2293 4.10884 158.941
55.0997 25.0356 21.2672 4.11436 158.903
55.1997 25.0442 21.3051 4.11987 158.865
55.2997 25.0527 21.3431 4.12536 158.827
55.3997 25.0611 21.3811 4.13085 158.789
55.4997 25.0694 21.4192 4.13633 158.751
55.5997 25.0775 21.4573 4.14179 158.713
55.6997 25.0856 21.4955 4.14725 158.675
55.7997 25.0936 21.5337 4.15269 158.637
55.8997 25.1014 21.5719 4.15812 158.598
55.9997 25.1092 21.6102 4.16355 158.56
56.0997 25.1169 21.6485 4.16896 158.522
56.1997 25.1244 21.6869 4.17436 158.483
56.2997 25.1319 21.7254 4.17975 158.445
56.3997 25.1393 21.7638 4.18513 158.406
56.4997 25.1465 21.8023 4.1905 158.368
56.5997 25.1537 21.8409 4.19585 158.329
56.6997 25.1607 21.8795 4.2012 158.291
56.7997 25.1677 21.9182 4.20654 158.252
56.8997 25.1745 21.9569 4.21186 158.213
56.9997 25.1813 21.9956 4.21718 158.175
57.0997 25.1879 22.0344 4.22248 158.136
57.1997 25.1945 22.0732 4.22778 158.097
57.2997 25.2009 22.1121 4.23306 158.058
57.3997 25.2073 22.151 4.23833 158.019
57.4997 25.2136 22.19 4.24359 157.98
57.5997 25.2197 22.229 4.24884 157.941
57.6997 25.2258 22.268 4.25408 157.902
57.7997 25.2317 22.3071 4.2593 157.863
57.8997 25.2376 22.3462 4.26452 157.824
57.9997 25.2434 22.3854 4.26972 157.785
58.0997 25.249 22.4246 4.27492 157.746
58.1997 25.2546 22.4639 4.2801 157.706
58.2997 25.2601 22.5032 4.28527 157.667
58.3997 25.2655 22.5425 4.29044 157.628
58.4997 25.2708 22.5819 4.29558 157.588
58.5997 25.2759 22.6213 4.30072 157.549
58.6997 25.281 22.6608 4.30585 157.509
58.7997 25.286 22.7003 4.31097 157.47
58.8997 25.2909 22.7399 4.31607 157.43
58.9997 25.2957 22.7795 4.32117 157.391
59.0997 25.3004 22.8191 4.32625 157.351
59.1997 25.305 22.8588 4.33132 157.311
59.2997 25.3096 22.8985 4.33638 157.272
59.3997 25.314 22.9383 4.34143 157.232
59.4997 25.3183 22.9781 4.34647 157.192
59.5997 25.3226 23.0179 4.35149 157.152
59.6997 25.3267 23.0578 4.35651 157.112
59.7997 25.3307 23.0977 4.36151 157.073
59.8997 25.3347 23.1377 4.3665 157.033
59.9997 25.3386 23.1777 4.37149 156.993
60.0997 25.3423 23.2177 4.37646 156.952
60.1997 25.346 23.2578 4.38141 156.912
60.2997 25.3496 23.2979 4.38636 156.872
60.3997 25.3531 23.3381 4.3913 156.832
60.4996 25.3565 23.3783 4.39622 156.792
60.5996 25.3598 23.4186 4.40113 156.752
60.6996 25.363 23.4588 4.40603 156.711
60.7996 25.3661 23.4992 4.41092 156.671
60.8996 25.3692 23.5395 4.4158 156.631
60.9996 25.3721 23.5799 4.42067 156.59
61.0996 25.375 23.6204 4.42552 156.55
61.1996 25.3777 23.6609 4.43036 156.509
61.2996 25.3804 23.7014 4.43519 156.469
61.3996 25.383 23.7419 4.44001 156.428
61.4996 25.3855 23.7825 4.44482 156.388
61.5996 25.3879 23.8232 4.44962 156.347
61.6996 25.3902 23.8638 4.4544 156.306
61.7996 25.3924 23.9046 4.45918 156.266
61.8996 25.3946 23.9453 4.46394 156.225
61.9996 25.3966 23.9861 4.46869 156.184
62.0996 25.3986 24.0269 4.47343 156.143
62.1996 25.4005 24.0678 4.47815 156.102
62.2996 25.4023 24.1087 4.48287 156.062
62.3996 25.404 24.1496 4.48757 156.021
62.4996 25.4056 24.1906 4.49226 155.98
62.5996 25.4071 24.2316 4.49694 155.939
62.6996 25.4085 24.2727 4.50161 155.898
62.7996 25.4099 24.3138 4.50626 155.856
62.8996 25.4111 24.3549 4.51091 155.815
62.9996 25.4123 24.3961 4.51554 155.774
63.0996 25.4134 24.4373 4.52016 155.733
63.1996 25.4144 24.4785 4.52476 155.692
63.2996 25.4153 24.5198 4.52936 155.65
63.3996 25.4162 24.5611 4.53394 155.609
63.4996 25.4169 24.6024 4.53852 155.568
63.5996 25.4176 24.6438 4.54308 155.526
63.6996 25.4182 24.6852 4.54762 155.485
63.7996 25.4186 24.7267 4.55216 155.444
63.8996 25.4191 24.7681 4.55668 155.402
63.9996 25.4194 24.8097 4.56119 155.361
64.0996 25.4196 24.8512 4.56569 155.319
64.1996 25.4198 24.8928 4.57018 155.277
64.2996 25.4199 24.9344 4.57466 155.236
64.3996 25.4198 24.9761 4.57912 155.194
64.4996 25.4198 25.0178 4.58357 155.152
64.5996 25.4196 25.0595 4.58801 155.111
64.6996 25.4193 25.1013 4.59244 155.069
64.7996 25.419 25.1431 4.59685 155.027
64.8996 25.4186 25.1849 4.60125 154.985
64.9996 25.418 25.2268 4.60564 154.943
65.0996 25.4175 25.2687 4.61002 154.902
65.1996 25.4168 25.3107 4.61439 154.86
65.2996 25.416 25.3526 4.61874 154.818
65.3996 25.4152 25.3946 4.62308 154.776
65.4996 25.4143 25.4367 4.62741 154.734
65.5996 25.4133 25.4788 4.63173 154.691
65.6996 25.4122 25.5209 4.63603 154.649
65.7996 25.4111 25.563 4.64032 154.607
65.8996 25.4098 25.6052 4.6446 154.565
65.9996 25.4085 25.6474 4.64887 154.523
66.0996 25.4071 25.6896 4.65312 154.481
66.1996 25.4057 25.7319 4.65737 154.438
66.2996 25.4041 25.7742 4.6616 154.396
66.3996 25.4025 25.8165 4.66581 154.354
66.4996 25.4008 25.8589 4.67002 154.311
66.5996 25.399 25.9013 4.67421 154.269
66.6996 25.3971 25.9437 4.67839 154.227
66.7996 25.3951 25.9862 4.68256 154.184
66.8996 25.3931 26.0287 4.68671 154.142
66.9995 25.391 26.0712 4.69085 154.099
67.0995 25.3888 26.1138 4.69498 154.056
67.1995 25.3866 26.1564 4.6991 154.014
67.2995 25.3842 26.199 4.7032 153.971
67.3995 25.3818 26.2416 4.7073 153.929
67.4995 25.3793 26.2843 4.71138 153.886
67.5995 25.3768 26.327 4.71544 153.843
67.6995 25.3741 26.3698 4.7195 153.8
67.7995 25.3714 26.4126 4.72354 153.758
67.8995 25.3686 26.4554 4.72757 153.715
67.9995 25.3657 26.4982 4.73158 153.672
68.0995 25.3628 26.5411 4.73558 153.629
68.1995 25.3597 26.584 4.73957 153.586
68.2995 25.3566 26.6269 4.74355 153.543
68.3995 25.3535 26.6699 4.74752 153.5
68.4995 25.3502 26.7128 4.75147 153.457
68.5995 25.3469 26.7559 4.75541 153.414
68.6995 25.3435 26.7989 4.75933 153.371
68.7995 25.34 26.842 4.76325 153.328
68.8995 25.3364 26.8851 4.76715 153.285
68.9995 25.3328 26.9282 4.77103 153.242
69.0995 25.3291 26.9714 4.77491 153.199
69.1995 25.3254 27.0146 4.77877 153.156
69.2995 25.3215 27.0578 4.78262 153.112
69.3995 25.3176 27.101 4.78645 153.069
69.4995 25.3136 27.1443 4.79028 153.026
69.5995 25.3095 27.1876 4.79409 152.983
69.6995 25.3054 27.231 4.79788 152.939
69.7995 25.3012 27.2743 4.80167 152.896
69.8995 25.2969 27.3177 4.80544 152.853
69.9995 25.2925 27.3611 4.8092 152.809
70.0995 25.2881 27.4046 4.81294 152.766
70.1995 25.2836 27.448 4.81667 152.722
70.2995 25.279 27.4915 4.82039 152.679
70.3995 25.2744 27.5351 4.8241 152.635
70.4995 25.2697 27.5786 4.82779 152.592
70.5995 25.2649 27.6222 4.83147 152.548
70.6995 25.26 27.6658 4.83513 152.504
70.7995 25.2551 27.7094 4.83879 152.461
70.8995 25.2501 27.7531 4.84243 152.417
70.9995 25.245 27.7968 4.84605 152.373
71.0995 25.2399 27.8405 4.84967 152.33
71.1995 25.2347 27.8842 4.85327 152.286
71.2995 25.2294 27.928 4.85685 152.242
71.3995 25.2241 27.9718 4.86043 152.198
71.4995 25.2186 28.0156 4.86399 152.155
71.5995 25.2131 28.0595 4.86754 152.111
71.6995 25.2076 28.1033 4.87107 152.067
71.7995 25.202 28.1472 4.87459 152.023
71.8995 25.1963 28.1911 4.8781 151.979
71.9995 25.1905 28.2351 4.88159 151.935
72.0995 25.1847 28.279 4.88507 151.891
72.1995 25.1788 28.323 4.88854 151.847
72.2995 25.1728 28.3671 4.89199 151.803
72.3995 25.1668 28.4111 4.89543 151.759
72.4995 25.1606 28.4552 4.89886 151.715
72.5995 25.1545 28.4993 4.90227 151.671
72.6995 25.1482 28.5434 4.90567 151.627
72.7995 25.1419 28.5875 4.90906 151.583
72.8995 25.1356 28.6317 4.91243 151.539
72.9995 25.1291 28.6759 4.91579 151.494
73.0995 25.1226 28.7201 4.91914 151.45
73.1995 25.116 28.7643 4.92247 151.406
73.2995 25.1094 28.8086 4.92579 151.362
73.3995 25.1027 28.8528 4.92909 151.317
73.4995 25.0959 28.8971 4.93238 151.273
73.5994 25.0891 28.9415 4.93566 151.229
73.6994 25.0822 28.9858 4.93893 151.184
73.7994 25.0752 29.0302 4.94218 151.14
73.8994 25.0681 29.0746 4.94541 151.096
73.9994 25.061 29.119 4.94864 151.051
74.0994 25.0539 29.1634 4.95185 151.007
74.1994 25.0466 29.2079 4.95504 150.962
74.2994 25.0393 29.2524 4.95822 150.918
74.3994 25.032 29.2969 4.96139 150.873
74.4994 25.0246 29.3414 4.96455 150.829
74.5994 25.0171 29.386 4.96769 150.784
74.6994 25.0095 29.4305 4.97082 150.74
74.7994 25.0019 29.4751 4.97393 150.695
74.8994 24.9942 29.5197 4.97703 150.65
74.9994 24.9865 29.5644 4.98012 150.606
75.0994 24.9787 29.609 4.98319 150.561
75.1994 24.9708 29.6537 4.98625 150.517
75.2994 24.9628 29.6984 4.98929 150.472
75.3994 24.9548 29.7431 4.99232 150.427
75.4994 24.9468 29.7878 4.99534 150.382
75.5994 24.9387 29.8326 4.99834 150.338
75.6994 24.9305 29.8774 5.00133 150.293
75.7994 24.9222 29.9222 5.00431 150.248
75.8994 24.9139 29.967 5.00727 150.203
75.9994 24.9055 30.0118 5.01021 150.158
76.0994 24.8971 30.0567 5.01315 150.114
76.1994 24.8886 30.1015 5.01607 150.069
76.2994 24.88 30.1464 5.01897 150.024
76.3994 24.8714 30.1913 5.02186 149.979
76.4994 24.8627 30.2363 5.02474 149.934
76.5994 24.854 30.2812 5.0276 149.889
76.6994 24.8452 30.3262 5.03045 149.844
76.7994 24.8363 30.3712 5.03329 149.799
76.8994 24.8274 30.4162 5.03611 149.754
76.9994 24.8184 30.4612 5.03892 149.709
77.0994 24.8094 30.5063 5.04171 149.664
77.1994 24.8003 30.5513 5.04449 149.619
77.2994 24.7911 30.5964 5.04725 149.574
77.3994 24.7819 30.6415 5.05 149.529
77.4994 24.7726 30.6866 5.05274 149.484
77.5994 24.7633 30.7317 5.05546 149.438
77.6994 24.7539 30.7769 5.05817 149.393
77.7994 24.7444 30.8221 5.06086 149.348
77.8994 24.7349 30.8672 5.06354 149.303
77.9994 24.7253 30.9124 5.06621 149.258
78.0994 24.7157 30.9576 5.06886 149.213
78.1994 24.706 31.0029 5.07149 149.167
78.2994 24.6962 31.0481 5.07412 149.122
78.3994 24.6864 31.0934 5.07673 149.077
78.4994 24.6765 31.1387 5.07932 149.032
78.5994 24.6666 31.184 5.0819 148.986
78.6994 24.6566 31.2293 5.08446 148.941
78.7994 24.6465 31.2746 5.08701 148.896
78.8994 24.6364 31.32 5.08955 148.85
78.9994 24.6263 31.3653 5.09207 148.805
79.0994 24.6161 31.4107 5.09458 148.76
79.1994 24.6058 31.4561 5.09707 148.714
79.2994 24.5955 31.5015 5.09955 148.669
79.3994 24.5851 31.5469 5.10202 148.623
79.4994 24.5746 31.5924 5.10447 148.578
79.5994 24.5641 31.6378 5.1069 148.532
79.6994 24.5536 31.6833 5.10932 148.487
79.7994 24.5429 31.7288 5.11173 148.441
79.8994 24.5323 31.7743 5.11412 148.396
79.9994 24.5215 31.8198 5.1165 148.35
80.0993 24.5108 31.8653 5.11886 148.305
80.1993 24.4999 31.9108 5.12121 148.259
80.2993 24.489 31.9564 5.12355 148.214
80.3993 24.4781 32.0019 5.12587 148.168
80.4993 24.4671 32.0475 5.12817 148.123
80.5993 24.456 32.0931 5.13046 148.077
80.6993 24.4449 32.1387 5.13274 148.032
80.7993 24.4337 32.1843 5.135 147.986
80.8993 24.4225 32.23 5.13724 147.94
80.9993 24.4112 32.2756 5.13948 147.895
81.0993 24.3999 32.3213 5.14169 147.849
81.1993 24.3885 32.3669 5.14389 147.803
81.2993 24.3771 32.4126 5.14608 147.758
81.3993 24.3656 32.4583 5.14826 147.712
81.4993 24.354 32.504 5.15041 147.666
81.5993 24.3424 32.5497 5.15256 147.621
81.6993 24.3308 32.5954 5.15469 147.575
81.7993 24.3191 32.6412 5.1568 147.529
81.8993 24.3073 32.6869 5.1589 147.483
81.9993 24.2955 32.7327 5.16098 147.438
82.0993 24.2836 32.7785 5.16305 147.392
82.1993 24.2717 32.8243 5.16511 147.346
82.2993 24.2597 32.87 5.16715 147.3
82.3993 24.2477 32.9159 5.16917 147.254
82.4993 24.2356 32.9617 5.17119 147.209
82.5993 24.2235 33.0075 5.17318 147.163
82.6993 24.2113 33.0533 5.17516 147.117
82.7993 24.1991 33.0992 5.17713 147.071
82.8993 24.1868 33.145 5.17908 147.025
82.9993 24.1744 33.1909 5.18101 146.979
83.0993 24.162 33.2368 5.18294 146.933
83.1993 24.1496 33.2827 5.18484 146.888
83.2993 24.1371 33.3286 5.18673 146.842
83.3993 24.1246 33.3745 5.18861 146.796
83.4993 24.112 33.4204 5.19047 146.75
83.5993 24.0993 33.4663 5.19232 146.704
83.6993 24.0866 33.5123 5.19415 146.658
83.7993 24.0739 33.5582 5.19597 146.612
83.8993 24.0611 33.6042 5.19777 146.566
83.9993 24.0482 33.6501 5.19955 146.52
84.0993 24.0353 33.6961 5.20133 146.474
84.1993 24.0224 33.7421 5.20308 146.428
84.2993 24.0094 33.788 5.20482 146.382
84.3993 23.9963 33.834 5.20655 146.336
84.4993 23.9832 33.88 5.20826 146.29
84.5993 23.9701 33.926 5.20996 146.244
84.6993 23.9569 33.9721 5.21164 146.198
84.7993 23.9436 34.0181 5.2133 146.152
84.8993 23.9303 34.0641 5.21495 146.106
84.9993 23.917 34.1102 5.21659 146.06
85.0993 23.9036 34.1562 5.21821 146.014
85.1993 23.8901 34.2023 5.21981 145.968
85.2993 23.8766 34.2483 5.2214 145.922
85.3993 23.8631 34.2944 5.22298 145.876
85.4993 23.8495 34.3405 5.22454 145.83
85.5993 23.8359 34.3865 5.22608 145.784
85.6993 23.8222 34.4326 5.22761 145.738
85.7993 23.8084 34.4787 5.22913 145.692
85.8993 23.7946 34.5248 5.23063 145.645
85.9993 23.7808 34.5709 5.23211 145.599
86.0993 23.7669 34.617 5.23358 145.553
86.1993 23.753 34.6631 5.23503 145.507
86.2993 23.739 34.7092 5.23647 145.461
86.3993 23.725 34.7554 5.23789 145.415
86.4993 23.7109 34.8015 5.2393 145.369
86.5993 23.6968 34.8476 5.24069 145.323
86.6992 23.6827 34.8938 5.24206 145.276
86.7992 23.6684 34.9399 5.24342 145.23
86.8992 23.6542 34.9861 5.24477 145.184
86.9992 23.6399 35.0322 5.2461 145.138
87.0992 23.6255 35.0784 5.24742 145.092
87.1992 23.6111 35.1245 5.24871 145.046
87.2992 23.5967 35.1707 5.25 145
87.3992 23.5822 35.2169 5.25127 144.953
87.4992 23.5677 35.263 5.25252 144.907
87.5992 23.5531 35.3092 5.25376 144.861
87.6992 23.5384 35.3554 5.25498 144.815
87.7992 23.5238 35.4016 5.25619 144.769
87.8992 23.509 35.4478 5.25738 144.722
87.9992 23.4943 35.494 5.25855 144.676
88.0992 23.4795 35.5401 5.25971 144.63
88.1992 23.4646 35.5863 5.26086 144.584
88.2992 23.4497 35.6325 5.26199 144.538
88.3992 23.4348 35.6787 5.2631 144.491
88.4992 23.4198 35.7249 5.2642 144.445
88.5992 23.4047 35.7711 5.26528 144.399
88.6992 23.3896 35.8173 5.26635 144.353
88.7992 23.3745 35.8635 5.2674 144.307
88.8992 23.3594 35.9098 5.26844 144.26
88.9992 23.3441 35.956 5.26946 144.214
89.0992 23.3289 36.0022 5.27046 144.168
89.1992 23.3136 36.0484 5.27145 144.122
89.2992 23.2982 36.0946 5.27242 144.076
89.3992 23.2828 36.1408 5.27338 144.029
89.4992 23.2674 36.187 5.27432 143.983
89.5992 23.2519 36.2333 5.27525 143.937
89.6992 23.2364 36.2795 5.27616 143.891
89.7992 23.2208 36.3257 5.27705 143.845
89.8992 23.2052 36.3719 5.27793 143.798
89.9992 23.1896 36.4181 5.2788 143.752
90.0992 23.1739 36.4643 5.27965 143.706
90.1992 23.1581 36.5106 5.28048 143.66
90.2992 23.1424 36.5568 5.28129 143.613
90.3992 23.1265 36.603 5.2821 143.567
90.4992 23.1107 36.6492 5.28288 143.521
90.5992 23.0947 36.6954 5.28365 143.475
90.6992 23.0788 36.7416 5.2844 143.429
90.7992 23.0628 36.7879 5.28514 143.382
90.8992 23.0468 36.8341 5.28586 143.336
90.9992 23.0307 36.8803 5.28657 143.29
91.0992 23.0146 36.9265 5.28726 143.244
91.1992 22.9984 36.9727 5.28793 143.198
91.2992 22.9822 37.0189 5.28859 143.151
91.3992 22.9659 37.0651 5.28923 143.105
91.4992 22.9497 37.1113 5.28986 143.059
91.5992 22.9333 37.1575 5.29047 143.013
91.6992 22.917 37.2037 5.29107 142.967
91.7992 22.9005 37.2499 5.29165 142.92
91.8992 22.8841 37.2961 5.29221 142.874
91.9992 22.8676 37.3423 5.29276 142.828
92.0992 22.8511 37.3885 5.29329 142.782
92.1992 22.8345 37.4347 5.29381 142.736
92.2992 22.8179 37.4809 5.29431 142.689
92.3992 22.8012 37.527 5.29479 142.643
92.4992 22.7845 37.5732 5.29526 142.597
92.5992 22.7678 37.6194 5.29571 142.551
92.6992 22.751 37.6655 5.29614 142.505
92.7992 22.7342 37.7117 5.29656 142.459
92.8992 22.7173 37.7579 5.29697 142.412
92.9992 22.7004 37.804 5.29736 142.366
93.0992 22.6835 37.8502 5.29773 142.32
93.1992 22.6665 37.8963 5.29808 142.274
93.2991 22.6495 37.9425 5.29842 142.228
93.3991 22.6324 37.9886 5.29875 142.182
93.4991 22.6153 38.0347 5.29906 142.135
93.5991 22.5982 38.0809 5.29935 142.089
93.6991 22.581 38.127 5.29962 142.043
93.7991 22.5638 38.1731 5.29988 141.997
93.8991 22.5465 38.2192 5.30013 141.951
93.9991 22.5292 38.2653 5.30036 141.905
94.0991 22.5119 38.3114 5.30057 141.859
94.1991 22.4945 38.3575 5.30076 141.813
94.2991 22.4771 38.4036 5.30094 141.767
94.3991 22.4596 38.4497 5.30111 141.721
94.4991 22.4422 38.4958 5.30125 141.674
94.5991 22.4246 38.5419 5.30138 141.628
94.6991 22.4071 38.5879 5.3015 141.582
94.7991 22.3895 38.634 5.3016 141.536
94.8991 22.3718 38.68 5.30168 141.49
94.9991 22.3541 38.7261 5.30175 141.444
95.0991 22.3364 38.7721 5.3018 141.398
95.1991 22.3187 38.8182 5.30183 141.352
95.2991 22.3009 38.8642 5.30185 141.306
95.3991 22.283 38.9102 5.30185 141.26
95.4991 22.2652 38.9562 5.30184 141.214
95.5991 22.2473 39.0022 5.3018 141.168
95.6991 22.2293 39.0482 5.30176 141.122
95.7991 22.2113 39.0942 5.30169 141.076
95.8991 22.1933 39.1402 5.30161 141.03
95.9991 22.1753 39.1861 5.30152 140.984
96.0991 22.1572 39.2321 5.30141 140.938
96.1991 22.139 39.2781 5.30128 140.892
96.2991 22.1209 39.324 5.30113 140.846
96.3991 22.1027 39.3699 5.30097 140.8
96.4991 22.0844 39.4159 5.3008 140.754
96.5991 22.0661 39.4618 5.3006 140.708
96.6991 22.0478 39.5077 5.30039 140.663
96.7991 22.0295 39.5536 5.30017 140.617
96.8991 22.0111 39.5995 5.29993 140.571
96.9991 21.9927 39.6453 5.29967 140.525
97.0991 21.9742 39.6912 5.29939 140.479
97.1991 21.9557 39.7371 5.2991 140.433
97.2991 21.9372 39.7829 5.29879 140.387
97.3991 21.9186 39.8288 5.29847 140.341
97.4991 21.9 39.8746 5.29813 140.296
97.5991 21.8814 39.9204 5.29777 140.25
97.6991 21.8627 39.9662 5.2974 140.204
97.7991 21.844 40.012 5.29701 140.158
97.8991 21.8253 40.0578 5.29661 140.112
97.9991 21.8065 40.1036 5.29618 140.067
98.0991 21.7877 40.1493 5.29575 140.021
98.1991 21.7688 40.1951 5.29529 139.975
98.2991 21.7499 40.2408 5.29482 139.929
98.3991 21.731 40.2865 5.29433 139.884
98.4991 21.7121 40.3323 5.29383 139.838
98.5991 21.6931 40.378 5.29331 139.792
98.6991 21.6741 40.4237 5.29277 139.747
98.7991 21.655 40.4693 5.29222 139.701
98.8991 21.6359 40.515 5.29165 139.655
98.9991 21.6168 40.5607 5.29106 139.61
99.0991 21.5976 40.6063 5.29046 139.564
99.1991 21.5784 40.6519 5.28984 139.518
99.2991 21.5592 40.6976 5.2892 139.473
99.3991 21.5399 40.7432 5.28855 139.427
99.4991 21.5206 40.7887 5.28788 139.381
99.5991 21.5013 40.8343 5.2872 139.336
99.6991 21.4819 40.8799 5.2865 139.29
99.799 21.4625 40.9254 5.28578 139.245
99.899 21.4431 40.971 5.28504 139.199
99.999 21.4237 41.0165 5.28429 139.154
100.099 21.4042 41.062 5.28352 139.108
100.199 21.3846 41.1075 5.28274 139.063
100.299 21.3651 41.153 5.28194 139.017
100.399 21.3455 41.1984 5.28112 138.972
100.499 21.3258 41.2439 5.28029 138.926
100.599 21.3062 41.2893 5.27944 138.881
100.699 21.2865 41.3348 5.27857 138.835
100.799 21.2667 41.3802 5.27769 138.79
100.899 21.247 41.4256 5.27679 138.745
100.999 21.2272 41.4709 5.27587 138.699
101.099 21.2073 41.5163 5.27494 138.654
101.199 21.1875 41.5616 5.27399 138.609
101.299 21.1676 41.607 5.27302 138.563
101.399 21.1477 41.6523 5.27204 138.518
101.499 21.1277 41.6976 5.27104 138.473
101.599 21.1077 41.7429 5.27002 138.427
101.699 21.0877 41.7881 5.26899 138.382
101.799 21.0676 41.8334 5.26794 138.337
101.899 21.0476 41.8786 5.26687 138.292
101.999 21.0274 41.9238 5.26579 138.246
102.099 21.0073 41.969 5.26469 138.201
102.199 20.9871 42.0142 5.26358 138.156
102.299 20.9669 42.0594 5.26244 138.111
102.399 20.9467 42.1045 5.2613 138.066
102.499 20.9264 42.1497 5.26013 138.021
102.599 20.9061 42.1948 5.25895 137.975
102.699 20.8857 42.2399 5.25775 137.93
102.799 20.8654 42.2849 5.25653 137.885
102.899 20.845 42.33 5.2553 137.84
102.999 20.8245 42.3751 5.25405 137.795
103.099 20.8041 42.4201 5.25279 137.75
103.199 20.7836 42.4651 5.2515 137.705
103.299 20.7631 42.5101 5.2502 137.66
103.399 20.7425 42.555 5.24889 137.615
103.499 20.7219 42.6 5.24756 137.57
103.599 20.7013 42.6449 5.24621 137.525
103.699 20.6806 42.6898 5.24484 137.48
103.799 20.66 42.7347 5.24346 137.435
103.899 20.6393 42.7796 5.24206 137.391
103.999 20.6185 42.8245 5.24064 137.346
104.099 20.5978 42.8693 5.23921 137.301
104.199 20.577 42.9141 5.23776 137.256
104.299 20.5561 42.9589 5.2363 137.211
104.399 20.5353 43.0037 5.23481 137.167
104.499 20.5144 43.0484 5.23331 137.122
104.599 20.4935 43.0932 5.2318 137.077
104.699 20.4725 43.1379 5.23027 137.032
104.799 20.4515 43.1826 5.22872 136.988
104.899 20.4305 43.2273 5.22715 136.943
104.999 20.4095 43.2719 5.22557 136.898
105.099 20.3884 43.3165 5.22397 136.854
105.199 20.3673 43.3612 5.22235 136.809
105.299 20.3462 43.4057 5.22072 136.764
105.399 20.3251 43.4503 5.21907 136.72
105.499 20.3039 43.4949 5.2174 136.675
105.599 20.2827 43.5394 5.21572 136.631
105.699 20.2614 43.5839 5.21401 136.586
105.799 20.2402 43.6284 5.2123 136.542
105.899 20.2189 43.6728 5.21056 136.497
105.999 20.1975 43.7173 5.20881 136.453
106.099 20.1762 43.7617 5.20705 136.409
106.199 20.1548 43.8061 5.20526 136.364
106.299 20.1334 43.8505 5.20346 136.32
106.399 20.112 43.8948 5.20164 136.275
106.499 20.0905 43.9391 5.19981 136.231
106.599 20.069 43.9834 5.19796 136.187
106.699 20.0475 44.0277 5.19609 136.143
106.799 20.0259 44.072 5.1942 136.098
106.899 20.0043 44.1162 5.1923 136.054
106.999 19.9827 44.1604 5.19038 136.01
107.099 19.9611 44.2046 5.18845 135.966
107.199 19.9394 44.2488 5.1865 135.921
107.299 19.9177 44.2929 5.18453 135.877
107.399 19.896 44.337 5.18254 135.833
107.499 19.8742 44.3811 5.18054 135.789
107.599 19.8525 44.4252 5.17852 135.745
107.699 19.8307 44.4692 5.17648 135.701
107.799 19.8088 44.5132 5.17443 135.657
107.899 19.787 44.5572 5.17236 135.613
107.999 19.7651 44.6012 5.17027 135.569
108.099 19.7432 44.6452 5.16817 135.525
108.199 19.7212 44.6891 5.16605 135.481
108.299 19.6993 44.733 5.16391 135.437
108.399 19.6773 44.7768 5.16176 135.393
108.499 19.6553 44.8207 5.15959 135.35
108.599 19.6332 44.8645 5.1574 135.306
108.699 19.6111 44.9083 5.1552 135.262
108.799 19.589 44.952 5.15298 135.218
108.899 19.5669 44.9958 5.15074 135.174
108.999 19.5447 45.0395 5.14848 135.131
109.099 19.5226 45.0832 5.14621 135.087
109.199 19.5004 45.1268 5.14392 135.043
109.299 19.4781 45.1705 5.14162 135
109.399 19.4559 45.2141 5.1393 134.956
109.499 19.4336 45.2577 5.13696 134.913
109.599 19.4113 45.3012 5.1346 134.869
109.699 19.3889 45.3448 5.13223 134.825
109.799 19.3665 45.3883 5.12984 134.782
109.899 19.3442 45.4317 5.12743 134.739
109.999 19.3217 45.4752 5.12501 134.695
110.099 19.2993 45.5186 5.12257 134.652
110.199 19.2768 45.562 5.12011 134.608
110.299 19.2543 45.6053 5.11764 134.565
110.399 19.2318 45.6487 5.11515 134.522
110.499 19.2093 45.692 5.11264 134.478
110.599 19.1867 45.7353 5.11012 134.435
110.699 19.1641 45.7785 5.10758 134.392
110.799 19.1415 45.8217 5.10502 134.349
110.899 19.1188 45.8649 5.10245 134.305
110.999 19.0962 45.9081 5.09986 134.262
111.099 19.0735 45.9512 5.09725 134.219
111.199 19.0507 45.9943 5.09462 134.176
111.299 19.028 46.0374 5.09198 134.133
111.399 19.0052 46.0804 5.08932 134.09
111.499 18.9824 46.1235 5.08665 134.047
111.599 18.9596 46.1664 5.08395 134.004
111.699 18.9367 46.2094 5.08125 133.961
111.799 18.9139 46.2523 5.07852 133.918
111.899 18.891 46.2952 5.07578 133.875
111.999 18.868 46.3381 5.07302 133.832
112.099 18.8451 46.3809 5.07024 133.789
112.199 18.8221 46.4237 5.06745 133.746
112.299 18.7991 46.4665 5.06464 133.704
112.399 18.7761 46.5093 5.06181 133.661
112.499 18.7531 46.552 5.05897 133.618
112.599 18.73 46.5947 5.05611 133.576
112.699 18.7069 46.6373 5.05323 133.533
112.799 18.6838 46.6799 5.05034 133.49
112.899 18.6606 46.7225 5.04743 133.448
112.999 18.6375 46.7651 5.0445 133.405
113.099 18.6143 46.8076 5.04155 133.363
113.199 18.5911 46.8501 5.03859 133.32
113.299 18.5678 46.8926 5.03561 133.278
113.399 18.5446 46.935 5.03262 133.235
113.499 18.5213 46.9774 5.02961 133.193
113.599 18.498 47.0198 5.02658 133.15
113.699 18.4746 47.0621 5.02353 133.108
113.799 18.4513 47.1044 5.02047 133.066
113.899 18.4279 47.1467 5.01739 133.024
113.999 18.4045 47.1889 5.0143 132.981
114.099 18.3811 47.2311 5.01118 132.939
114.199 18.3576 47.2733 5.00806 132.897
114.299 18.3342 47.3155 5.00491 132.855
114.399 18.3107 47.3576 5.00175 132.813
114.499 18.2872 47.3996 4.99857 132.771
114.599 18.2636 47.4417 4.99537 132.729
114.699 18.24 47.4837 4.99216 132.687
114.799 18.2165 47.5257 4.98893 132.645
114.899 18.1928 47.5676 4.98568 132.603
114.999 18.1692 47.6095 4.98242 132.561
115.099 18.1456 47.6514 4.97914 132.519
115.199 18.1219 47.6932 4.97584 132.477
115.299 18.0982 47.735 4.97253 132.435
115.399 18.0745 47.7768 4.9692 132.393
115.499 18.0507 47.8185 4.96585 132.352
115.599 18.0269 47.8602 4.96249 132.31
115.699 18.0032 47.9019 4.9591 132.268
115.799 17.9793 47.9435 4.95571 132.227
115.899 17.9555 47.9851 4.95229 132.185
115.999 17.9316 48.0267 4.94886 132.144
116.099 17.9078 48.0682 4.94541 132.102
116.199 17.8839 48.1097 4.94195 132.061
116.299 17.8599 48.1511 4.93847 132.019
116.399 17.836 48.1925 4.93497 131.978
116.499 17.812 48.2339 4.93146 131.936
116.599 17.788 48.2753 4.92793 131.895
116.699 17.764 48.3166 4.92438 131.854
116.799 17.74 48.3578 4.92081 131.812
116.899 17.7159 48.3991 4.91723 131.771
116.999 17.6919 48.4403 4.91363 131.73
117.099 17.6678 48.4814 4.91002 131.689
117.199 17.6436 48.5226 4.90639 131.648
117.299 17.6195 48.5637 4.90274 131.607
117.399 17.5953 48.6047 4.89908 131.566
117.499 17.5712 48.6457 4.89539 131.525
117.599 17.547 48.6867 4.8917 131.484
117.699 17.5227 48.7276 4.88798 131.443
117.799 17.4985 48.7685 4.88425 131.402
117.899 17.4742 48.8094 4.8805 131.361
117.999 17.4499 48.8502 4.87674 131.32
118.099 17.4256 48.891 4.87296 131.279
118.199 17.4013 48.9318 4.86916 131.238
118.299 17.3769 48.9725 4.86534 131.198
118.399 17.3526 49.0132 4.86151 131.157
118.499 17.3282 49.0538 4.85767 131.116
118.599 17.3037 49.0944 4.8538 131.076
118.699 17.2793 49.135 4.84992 131.035
118.799 17.2549 49.1755 4.84602 130.995
118.899 17.2304 49.216 4.84211 130.954
118.999 17.2059 49.2564 4.83818 130.914
119.099 17.1814 49.2968 4.83423 130.873
119.199 17.1568 49.3372 4.83027 130.833
119.299 17.1323 49.3775 4.82629 130.793
119.399 17.1077 49.4178 4.82229 130.752
119.499 17.0831 49.458 4.81827 130.712
119.599 17.0585 49.4982 4.81424 130.672
119.699 17.0338 49.5384 4.8102 130.632
119.799 17.0092 49.5785 4.80613 130.592
119.899 16.9845 49.6186 4.80205 130.552
119.999 16.9598 49.6587 4.79796 130.512
120.099 16.9351 49.6987 4.79385 130.472
120.199 16.9103 49.7386 4.78972 130.432
120.299 16.8856 49.7786 4.78557 130.392
120.399 16.8608 49.8184 4.78141 130.352
120.499 16.836 49.8583 4.77723 130.312
120.599 16.8112 49.8981 4.77303 130.272
120.699 16.7863 49.9379 4.76882 130.232
120.799 16.7615 49.9776 4.76459 130.193
120.899 16.7366 50.0173 4.76035 130.153
120.999 16.7117 50.0569 4.75609 130.113
121.099 16.6868 50.0965 4.75181 130.074
121.199 16.6619 50.136 4.74751 130.034
121.299 16.6369 50.1756 4.7432 129.995
121.399 16.6119 50.215 4.73888 129.955
121.499 16.5869 50.2545 4.73453 129.916
121.599 16.5619 50.2938 4.73017 129.876
121.699 16.5369 50.3332 4.7258 129.837
121.799 16.5118 50.3725 4.7214 129.798
121.899 16.4868 50.4118 4.717 129.758
121.999 16.4617 50.451 4.71257 129.719
122.099 16.4366 50.4901 4.70813 129.68
122.199 16.4115 50.5293 4.70367 129.641
122.299 16.3863 50.5684 4.6992 129.602
122.399 16.3611 50.6074 4.6947 129.563
122.499 16.336 50.6464 4.6902 129.524
122.599 16.3108 50.6854 4.68567 129.485
122.699 16.2855 50.7243 4.68113 129.446
122.799 16.2603 50.7632 4.67658 129.407
122.899 16.235 50.802 4.672 129.368
122.999 16.2098 50.8408 4.66742 129.329
123.099 16.1845 50.8795 4.66281 129.291
123.199 16.1592 50.9182 4.65819 129.252
123.299 16.1338 50.9569 4.65355 129.213
123.399 16.1085 50.9955 4.6489 129.175
123.499 16.0831 51.034 4.64423 129.136
123.599 16.0577 51.0725 4.63954 129.098
123.699 16.0323 51.111 4.63484 129.059
123.799 16.0069 51.1494 4.63012 129.021
123.899 15.9815 51.1878 4.62538 128.982
123.999 15.956 51.2262 4.62063 128.944
124.099 15.9305 51.2645 4.61586 128.906
124.199 15.905 51.3027 4.61108 128.868
124.299 15.8795 51.3409 4.60628 128.829
124.399 15.854 51.3791 4.60146 128.791
124.499 15.8285 51.4172 4.59663 128.753
124.599 15.8029 51.4553 4.59178 128.715
124.699 15.7773 51.4933 4.58692 128.677
124.799 15.7517 51.5313 4.58204 128.639
124.899 15.7261 51.5692 4.57714 128.601
124.999 15.7005 51.6071 4.57223 128.563
125.099 15.6748 51.6449 4.5673 128.525
125.199 15.6491 51.6827 4.56235 128.488
125.299 15.6235 51.7204 4.55739 128.45
125.399 15.5978 51.7581 4.55241 128.412
125.499 15.572 51.7958 4.54742 128.374
125.599 15.5463 51.8334 4.54241 128.337
125.699 15.5205 51.8709 4.53738 128.299
125.799 15.4948 51.9085 4.53234 128.262
125.899 15.469 51.9459 4.52728 128.224
125.999 15.4432 51.9833 4.52221 128.187
126.099 15.4173 52.0207 4.51712 128.15
126.199 15.3915 52.058 4.51201 128.112
126.299 15.3657 52.0953 4.50689 128.075
126.399 15.3398 52.1325 4.50175 128.038
126.499 15.3139 52.1697 4.4966 128.001
126.599 15.288 52.2068 4.49143 127.963
126.699 15.2621 52.2439 4.48624 127.926
126.799 15.2361 52.2809 4.48104 127.889
126.899 15.2102 52.3179 4.47583 127.852
126.999 15.1842 52.3549 4.47059 127.815
127.099 15.1582 52.3918 4.46534 127.778
127.199 15.1322 52.4286 4.46008 127.742
127.299 15.1062 52.4654 4.4548 127.705
127.399 15.0801 52.5021 4.4495 127.668
127.499 15.0541 52.5388 4.44419 127.631
127.599 15.028 52.5755 4.43886 127.595
127.699 15.0019 52.6121 4.43351 127.558
127.799 14.9758 52.6486 4.42815 127.522
127.899 14.9497 52.6851 4.42278 127.485
127.999 14.9235 52.7215 4.41739 127.449
128.099 14.8974 52.7579 4.41198 127.412
128.199 14.8712 52.7943 4.40656 127.376
128.299 14.845 52.8306 4.40112 127.34
128.399 14.8188 52.8668 4.39566 127.303
128.499 14.7926 52.903 4.39019 127.267
128.599 14.7664 52.9392 4.3847 127.231
128.699 14.7401 52.9753 4.3792 127.195
128.799 14.7139 53.0113 4.37368 127.159
128.899 14.6876 53.0473 4.36815 127.123
128.999 14.6613 53.0833 4.3626 127.087
129.099 14.635 53.1192 4.35704 127.051
129.199 14.6086 53.155 4.35146 127.015
129.299 14.5823 53.1908 4.34586 126.979
129.399 14.5559 53.2266 4.34025 126.944
129.499 14.5296 53.2622 4.33462 126.908
129.599 14.5032 53.2979 4.32898 126.872
129.699 14.4768 53.3335 4.32332 126.837
129.799 14.4503 53.369 4.31764 126.801
129.899 14.4239 53.4045 4.31195 126.766
129.999 14.3975 53.4399 4.30625 126.73
130.099 14.371 53.4753 4.30053 126.695
130.199 14.3445 53.5106 4.29479 126.66
130.299 14.318 53.5459 4.28904 126.624
130.399 14.2915 53.5811 4.28327 126.589
130.499 14.265 53.6163 4.27749 126.554
130.599 14.2384 53.6514 4.27169 126.519
130.699 14.2119 53.6865 4.26588 126.484
130.799 14.1853 53.7215 4.26005 126.449
130.899 14.1587 53.7565 4.25421 126.414
130.999 14.1321 53.7914 4.24835 126.379
131.099 14.1055 53.8263 4.24247 126.344
131.199 14.0789 53.8611 4.23658 126.309
131.299 14.0522 53.8958 4.23068 126.274
131.399 14.0256 53.9305 4.22476 126.24
131.499 13.9989 53.9652 4.21882 126.205
131.599 13.9722 53.9998 4.21287 126.17
131.699 13.9455 54.0343 4.2069 126.136
131.799 13.9188 54.0688 4.20092 126.101
131.899 13.892 54.1032 4.19492 126.067
131.999 13.8653 54.1376 4.18891 126.033
132.099 13.8385 54.1719 4.18288 125.998
132.199 13.8117 54.2062 4.17684 125.964
132.299 13.785 54.2404 4.17078 125.93
132.399 13.7581 54.2746 4.16471 125.896
132.499 13.7313 54.3087 4.15862 125.862
132.599 13.7045 54.3427 4.15251 125.828
132.699 13.6776 54.3767 4.1464 125.794
132.799 13.6508 54.4106 4.14026 125.76
132.899 13.6239 54.4445 4.13411 125.726
132.999 13.597 54.4784 4.12795 125.692
133.099 13.5701 54.5121 4.12177 125.658
133.199 13.5432 54.5459 4.11558 125.624
133.299 13.5163 54.5795 4.10937 125.591
133.399 13.4893 54.6131 4.10314 125.557
133.499 13.4624 54.6467 4.0969 125.524
133.599 13.4354 54.6802 4.09065 125.49
133.699 13.4084 54.7136 4.08438 125.457
133.799 13.3814 54.747 4.0781 125.423
133.899 13.3544 54.7804 4.0718 125.39
133.999 13.3274 54.8136 4.06548 125.357
134.099 13.3003 54.8469 4.05916 125.323
134.199 13.2733 54.88 4.05281 125.29
134.299 13.2462 54.9131 4.04645 125.257
134.399 13.2191 54.9462 4.04008 125.224
134.499 13.192 54.9792 4.03369 125.191
134.599 13.1649 55.0121 4.02729 125.158
134.699 13.1378 55.045 4.02087 125.125
134.799 13.1107 55.0778 4.01444 125.092
134.899 13.0835 55.1106 4.00799 125.06
134.999 13.0564 55.1433 4.00153 125.027
135.099 13.0292 55.176 3.99505 124.994
135.199 13.002 55.2086 3.98856 124.962
135.299 12.9748 55.2411 3.98206 124.929
135.399 12.9476 55.2736 3.97554 124.897
135.499 12.9204 55.306 3.969 124.864
135.599 12.8931 55.3384 3.96245 124.832
135.699 12.8659 55.3707 3.95589 124.8
135.799 12.8386 55.403 3.94931 124.767
135.899 12.8113 55.4352 3.94271 124.735
135.999 12.784 55.4673 3.93611 124.703
136.099 12.7567 55.4994 3.92948 124.671
136.199 12.7294 55.5314 3.92285 124.639
136.299 12.7021 55.5634 3.9162 124.607
136.399 12.6748 55.5953 3.90953 124.575
136.499 12.6474 55.6271 3.90285 124.543
136.599 12.62 55.6589 3.89615 124.511
136.699 12.5927 55.6906 3.88944 124.48
136.799 12.5653 55.7223 3.88272 124.448
136.899 12.5379 55.7539 3.87598 124.416
136.999 12.5104 55.7855 3.86923 124.385
137.099 12.483 55.817 3.86246 124.353
137.199 12.4556 55.8484 3.85568 124.322
137.299 12.4281 55.8798 3.84889 124.29
137.399 12.4007 55.9111 3.84208 124.259
137.499 12.3732 55.9423 3.83525 124.228
137.599 12.3457 55.9735 3.82841 124.197
137.699 12.3182 56.0047 3.82156 124.166
137.799 12.2907 56.0358 3.8147 124.134
137.899 12.2631 56.0668 3.80781 124.103
137.999 12.2356 56.0977 3.80092 124.072
138.099 12.2081 56.1286 3.79401 124.042
138.199 12.1805 56.1595 3.78709 124.011
138.299 12.1529 56.1902 3.78015 123.98
138.399 12.1253 56.221 3.7732 123.949
138.499 12.0977 56.2516 3.76623 123.919
138.599 12.0701 56.2822 3.75925 123.888
138.699 12.0425 56.3128 3.75226 123.857
138.799 12.0149 56.3432 3.74525 123.827
138.899 11.9872 56.3737 3.73823 123.797
138.999 11.9596 56.404 3.7312 123.766
139.099 11.9319 56.4343 3.72415 123.736
139.199 11.9042 56.4645 3.71708 123.706
139.299 11.8765 56.4947 3.71001 123.676
139.399 11.8488 56.5248 3.70292 123.645
139.499 11.8211 56.5549 3.69581 123.615
139.599 11.7934 56.5849 3.68869 123.585
139.699 11.7656 56.6148 3.68156 123.555
139.799 11.7379 56.6446 3.67441 123.526
139.899 11.7101 56.6744 3.66725 123.496
139.999 11.6824 56.7042 3.66008 123.466
140.099 11.6546 56.7339 3.65289 123.436
140.199 11.6268 56.7635 3.64569 123.407
140.299 11.599 56.793 3.63848 123.377
140.399 11.5712 56.8225 3.63125 123.348
140.499 11.5433 56.852 3.62401 123.318
140.599 11.5155 56.8813 3.61675 123.289
140.699 11.4876 56.9106 3.60948 123.26
140.799 11.4598 56.9399 3.6022 123.23
140.899 11.4319 56.9691 3.5949 123.201
140.999 11.404 56.9982 3.58759 123.172
141.099 11.3761 57.0273 3.58027 123.143
141.199 11.3482 57.0562 3.57293 123.114
141.299 11.3203 57.0852 3.56558 123.085
141.399 11.2924 57.114 3.55822 123.056
141.499 11.2645 57.1429 3.55084 123.027
141.599 11.2365 57.1716 3.54345 122.999
141.699 11.2085 57.2003 3.53605 122.97
141.799 11.1806 57.2289 3.52863 122.941
141.899 11.1526 57.2574 3.5212 122.913
141.999 11.1246 57.2859 3.51376 122.884
142.099 11.0966 57.3144 3.5063 122.856
142.199 11.0686 57.3427 3.49883 122.828
142.299 11.0406 57.371 3.49134 122.799
142.399 11.0125 57.3993 3.48385 122.771
142.499 10.9845 57.4274 3.47634 122.743
142.6 10.9564 57.4555 3.46882 122.715
142.7 10.9284 57.4836 3.46128 122.687
142.8 10.9003 57.5115 3.45373 122.659
142.9 10.8722 57.5395 3.44617 122.631
143 10.8441 57.5673 3.43859 122.603
143.1 10.816 57.5951 3.431 122.575
143.2 10.7879 57.6228 3.4234 122.547
143.3 10.7598 57.6505 3.41579 122.52
143.4 10.7316 57.6781 3.40816 122.492
143.5 10.7035 57.7056 3.40052 122.465
143.6 10.6753 57.733 3.39287 122.437
143.7 10.6472 57.7604 3.3852 122.41
143.8 10.619 57.7878 3.37752 122.382
143.9 10.5908 57.815 3.36983 122.355
144 10.5626 57.8422 3.36213 122.328
144.1 10.5344 57.8694 3.35441 122.301
144.2 10.5062 57.8965 3.34668 122.274
144.3 10.478 57.9235 3.33894 122.247
144.4 10.4497 57.9504 3.33118 122.22
144.5 10.4215 57.9773 3.32341 122.193
144.6 10.3932 58.0041 3.31563 122.166
144.7 10.365 58.0308 3.30784 122.139
144.8 10.3367 58.0575 3.30004 122.113
144.9 10.3084 58.0841 3.29222 122.086
145 10.2801 58.1107 3.28439 122.06
145.1 10.2518 58.1371 3.27654 122.033
145.2 10.2235 58.1635 3.26869 122.007
145.3 10.1952 58.1899 3.26082 121.98
145.4 10.1668 58.2162 3.25294 121.954
145.5 10.1385 58.2424 3.24504 121.928
145.6 10.1101 58.2685 3.23714 121.902
145.7 10.0818 58.2946 3.22922 121.876
145.8 10.0534 58.3206 3.22129 121.85
145.9 10.025 58.3466 3.21335 121.824
146 9.99665 58.3725 3.20539 121.798
146.1 9.96825 58.3983 3.19742 121.772
146.2 9.93984 58.424 3.18944 121.746
146.3 9.91143 58.4497 3.18145 121.721
146.4 9.883 58.4753 3.17345 121.695
146.5 9.85457 58.5009 3.16543 121.669
146.6 9.82612 58.5263 3.1574 121.644
146.7 9.79767 58.5517 3.14936 121.618
146.8 9.76921 58.5771 3.14131 121.593
146.9 9.74074 58.6024 3.13325 121.568
147 9.71226 58.6276 3.12517 121.543
147.1 9.68377 58.6527 3.11708 121.518
147.2 9.65527 58.6778 3.10898 121.492
147.3 9.62677 58.7028 3.10087 121.467
147.4 9.59825 58.7277 3.09275 121.443
147.5 9.56973 58.7526 3.08461 121.418
147.6 9.5412 58.7774 3.07646 121.393
147.7 9.51266 58.8021 3.0683 121.368
147.8 9.48411 58.8268 3.06013 121.343
147.9 9.45555 58.8514 3.05195 121.319
148 9.42698 58.8759 3.04375 121.294
148.1 9.3984 58.9004 3.03555 121.27
148.2 9.36982 58.9248 3.02733 121.245
148.3 9.34123 58.9491 3.0191 121.221
148.4 9.31263 58.9733 3.01085 121.197
148.5 9.28402 58.9975 3.0026 121.173
148.6 9.2554 59.0216 2.99434 121.149
148.7 9.22677 59.0457 2.98606 121.125
148.8 9.19813 59.0697 2.97777 121.101
148.9 9.16949 59.0936 2.96947 121.077
149 9.14084 59.1174 2.96116 121.053
149.1 9.11218 59.1412 2.95284 121.029
149.2 9.08351 59.1649 2.9445 121.005
149.3 9.05483 59.1885 2.93616 120.982
149.4 9.02615 59.2121 2.9278 120.958
149.5 8.99745 59.2356 2.91944 120.935
149.6 8.96875 59.259 2.91106 120.911
149.7 8.94004 59.2824 2.90267 120.888
149.8 8.91133 59.3056 2.89426 120.865
149.9 8.8826 59.3289 2.88585 120.841
150 8.85387 59.352 2.87743 120.818
150.1 8.82512 59.3751 2.86899 120.795
150.2 8.79638 59.3981 2.86055 120.772
150.3 8.76762 59.421 2.85209 120.749
150.4 8.73885 59.4439 2.84362 120.726
150.5 8.71008 59.4667 2.83514 120.704
150.6 8.6813 59.4894 2.82665 120.681
150.7 8.65251 59.5121 2.81815 120.658
150.8 8.62371 59.5347 2.80964 120.636
150.9 8.59491 59.5572 2.80111 120.613
151 8.56609 59.5796 2.79258 120.591
151.1 8.53727 59.602 2.78403 120.568
151.2 8.50845 59.6243 2.77548 120.546
151.3 8.47961 59.6465 2.76691 120.524
151.4 8.45077 59.6687 2.75833 120.502
151.5 8.42192 59.6908 2.74975 120.479
151.6 8.39306 59.7128 2.74115 120.457
151.7 8.36419 59.7347 2.73254 120.435
151.8 8.33532 59.7566 2.72392 120.414
151.9 8.30644 59.7784 2.71529 120.392
152 8.27755 59.8002 2.70665 120.37
152.1 8.24866 59.8218 2.698 120.348
152.2 8.21975 59.8434 2.68933 120.327
152.3 8.19084 59.8649 2.68066 120.305
152.4 8.16193 59.8864 2.67198 120.284
152.5 8.133 59.9078 2.66328 120.262
152.6 8.10407 59.9291 2.65458 120.241
152.7 8.07513 59.9503 2.64587 120.22
152.8 8.04619 59.9715 2.63714 120.199
152.9 8.01723 59.9926 2.62841 120.178
153 7.98827 60.0136 2.61966 120.157
153.1 7.9593 60.0345 2.61091 120.136
153.2 7.93033 60.0554 2.60214 120.115
153.3 7.90135 60.0762 2.59336 120.094
153.4 7.87236 60.0969 2.58458 120.073
153.5 7.84336 60.1176 2.57578 120.053
153.6 7.81436 60.1382 2.56698 120.032
153.7 7.78535 60.1587 2.55816 120.012
153.8 7.75633 60.1791 2.54933 119.991
153.9 7.72731 60.1995 2.5405 119.971
154 7.69828 60.2198 2.53165 119.95
154.1 7.66924 60.24 2.5228 119.93
154.2 7.6402 60.2602 2.51393 119.91
154.3 7.61115 60.2803 2.50505 119.89
154.4 7.58209 60.3003 2.49617 119.87
154.5 7.55303 60.3202 2.48727 119.85
154.6 7.52396 60.3401 2.47837 119.83
154.7 7.49488 60.3599 2.46945 119.81
154.8 7.4658 60.3796 2.46053 119.791
154.9 7.43671 60.3992 2.45159 119.771
155 7.40761 60.4188 2.44265 119.751
155.1 7.3785 60.4383 2.4337 119.732
155.2 7.34939 60.4577 2.42474 119.713
155.3 7.32028 60.4771 2.41576 119.693
155.4 7.29116 60.4963 2.40678 119.674
155.5 7.26203 60.5156 2.39779 119.655
155.6 7.23289 60.5347 2.38879 119.636
155.7 7.20375 60.5537 2.37978 119.616
155.8 7.1746 60.5727 2.37076 119.598
155.9 7.14545 60.5916 2.36173 119.579
156 7.11628 60.6105 2.35269 119.56
156.1 7.08712 60.6292 2.34365 119.541
156.2 7.05794 60.6479 2.33459 119.522
156.3 7.02876 60.6665 2.32552 119.504
156.4 6.99958 60.6851 2.31645 119.485
156.5 6.97039 60.7035 2.30736 119.467
156.6 6.94119 60.7219 2.29827 119.448
156.7 6.91199 60.7403 2.28917 119.43
156.8 6.88278 60.7585 2.28006 119.412
156.9 6.85356 60.7767 2.27094 119.394
157 6.82434 60.7948 2.26181 119.375
157.1 6.79511 60.8128 2.25267 119.357
157.2 6.76588 60.8307 2.24352 119.339
157.3 6.73664 60.8486 2.23437 119.322
157.4 6.70739 60.8664 2.2252 119.304
157.5 6.67814 60.8841 2.21603 119.286
157.6 6.64888 60.9018 2.20685 119.268
157.7 6.61962 60.9194 2.19766 119.251
157.8 6.59035 60.9369 2.18846 119.233
157.9 6.56108 60.9543 2.17925 119.216
158 6.5318 60.9717 2.17003 119.199
158.1 6.50251 60.9889 2.16081 119.181
158.2 6.47322 61.0061 2.15157 119.164
158.3 6.44392 61.0233 2.14233 119.147
158.4 6.41462 61.0403 2.13308 119.13
158.5 6.38531 61.0573 2.12382 119.113
158.6 6.356 61.0742 2.11455 119.096
158.7 6.32668 61.091 2.10528 119.079
158.8 6.29735 61.1078 2.09599 119.062
158.9 6.26802 61.1244 2.0867 119.046
159.001 6.23869 61.141 2.0774 119.029
159.101 6.20935 61.1576 2.06809 119.013
159.201 6.18 61.174 2.05877 118.996
159.301 6.15065 61.1904 2.04945 118.98
159.401 6.12129 61.2067 2.04011 118.964
159.501 6.09193 61.2229 2.03077 118.947
159.601 6.06256 61.2391 2.02142 118.931
159.701 6.03319 61.2551 2.01206 118.915
159.801 6.00381 61.2711 2.0027 118.899
159.901 5.97443 61.2871 1.99332 118.883
160.001 5.94504 61.3029 1.98394 118.867
160.101 5.91564 61.3187 1.97455 118.852
160.201 5.88625 61.3344 1.96516 118.836
160.301 5.85684 61.35 1.95575 118.82
160.401 5.82743 61.3655 1.94634 118.805
160.501 5.79802 61.381 1.93692 118.789
160.601 5.7686 61.3964 1.92749 118.774
160.701 5.73918 61.4117 1.91805 118.759
160.801 5.70975 61.4269 1.90861 118.743
160.901 5.68032 61.4421 1.89916 118.728
161.001 5.65088 61.4572 1.8897 118.713
161.101 5.62143 61.4722 1.88023 118.698
161.201 5.59199 61.4871 1.87076 118.683
161.301 5.56253 61.502 1.86128 118.668
161.401 5.53308 61.5168 1.85179 118.653
161.501 5.50361 61.5315 1.84229 118.639
161.601 5.47415 61.5461 1.83279 118.624
161.701 5.44467 61.5607 1.82328 118.61
161.801 5.4152 61.5751 1.81376 118.595
161.901 5.38572 61.5895 1.80424 118.581
162.001 5.35623 61.6039 1.7947 118.566
162.101 5.32674 61.6181 1.78516 118.552
162.201 5.29725 61.6323 1.77562 118.538
162.301 5.26775 61.6464 1.76606 118.524
162.401 5.23824 61.6604 1.7565 118.51
162.501 5.20873 61.6743 1.74694 118.496
162.601 5.17922 61.6882 1.73736 118.482
162.701 5.14971 61.702 1.72778 118.468
162.801 5.12018 61.7157 1.71819 118.455
162.901 5.09066 61.7293 1.7086 118.441
163.001 5.06113 61.7428 1.69899 118.427
163.101 5.03159 61.7563 1.68938 118.414
163.201 5.00205 61.7697 1.67977 118.401
163.301 4.97251 61.783 1.67015 118.387
163.401 4.94296 61.7963 1.66052 118.374
163.501 4.91341 61.8094 1.65088 118.361
163.601 4.88386 61.8225 1.64124 118.348
163.701 4.8543 61.8355 1.63159 118.335
163.801 4.82473 61.8485 1.62193 118.322
163.901 4.79516 61.8613 1.61227 118.309
164.001 4.76559 61.8741 1.6026 118.296
164.101 4.73602 61.8868 1.59293 118.283
164.201 4.70644 61.8994 1.58325 118.271
164.301 4.67685 61.912 1.57356 118.258
164.401 4.64726 61.9244 1.56387 118.246
164.501 4.61767 61.9368 1.55417 118.233
164.601 4.58808 61.9491 1.54446 118.221
164.701 4.55848 61.9614 1.53475 118.209
164.801 4.52887 61.9735 1.52503 118.197
164.901 4.49926 61.9856 1.51531 118.185
165.001 4.46965 61.9976 1.50558 118.173
165.101 4.44004 62.0095 1.49584 118.161
165.201 4.41042 62.0214 1.4861 118.149
165.301 4.3808 62.0332 1.47635 118.137
165.401 4.35117 62.0448 1.46659 118.125
165.501 4.32154 62.0565 1.45683 118.114
165.601 4.29191 62.068 1.44707 118.102
165.701 4.26227 62.0794 1.43729 118.091
165.801 4.23263 62.0908 1.42752 118.079
165.901 4.20298 62.1021 1.41773 118.068
166.001 4.17333 62.1133 1.40794 118.057
166.101 4.14368 62.1245 1.39815 118.046
166.201 4.11403 62.1355 1.38835 118.035
166.301 4.08437 62.1465 1.37854 118.024
166.401 4.05471 62.1574 1.36873 118.013
166.501 4.02504 62.1683 1.35891 118.002
166.601 3.99537 62.179 1.34909 117.991
166.701 3.9657 62.1897 1.33926 117.981
166.801 3.93602 62.2003 1.32943 117.97
166.901 3.90635 62.2108 1.31959 117.959
167.001 3.87666 62.2212 1.30975 117.949
167.101 3.84698 62.2316 1.2999 117.939
167.201 3.81729 62.2419 1.29004 117.928
167.301 3.7876 62.2521 1.28018 117.918
167.401 3.7579 62.2622 1.27032 117.908
167.501 3.7282 62.2722 1.26045 117.898
167.601 3.6985 62.2822 1.25057 117.888
167.701 3.6688 62.2921 1.24069 117.878
167.801 3.63909 62.3019 1.23081 117.868
167.901 3.60938 62.3116 1.22092 117.859
168.001 3.57967 62.3213 1.21102 117.849
168.101 3.54995 62.3308 1.20112 117.839
168.201 3.52023 62.3403 1.19122 117.83
168.301 3.49051 62.3497 1.18131 117.82
168.401 3.46078 62.3591 1.1714 117.811
168.501 3.43105 62.3683 1.16148 117.802
168.601 3.40132 62.3775 1.15155 117.793
168.701 3.37159 62.3866 1.14163 117.784
168.801 3.34185 62.3956 1.13169 117.775
168.901 3.31211 62.4045 1.12176 117.766
169.001 3.28237 62.4134 1.11181 117.757
169.101 3.25262 62.4222 1.10187 117.748
169.201 3.22287 62.4309 1.09192 117.739
169.301 3.19312 62.4395 1.08196 117.731
169.401 3.16337 62.448 1.072 117.722
169.501 3.13361 62.4565 1.06204 117.714
169.601 3.10386 62.4649 1.05207 117.705
169.701 3.07409 62.4732 1.0421 117.697
169.801 3.04433 62.4814 1.03212 117.689
169.901 3.01456 62.4896 1.02214 117.681
170.001 2.98479 62.4976 1.01216 117.673
170.101 2.95502 62.5056 1.00217 117.665
170.201 2.92525 62.5135 0.992176 117.657
170.301 2.89547 62.5213 0.982179 117.649
170.401 2.86569 62.5291 0.972178 117.641
170.501 2.83591 62.5368 0.962173 117.633
170.601 2.80613 62.5443 0.952165 117.626
170.701 2.77634 62.5519 0.942152 117.618
170.801 2.74655 62.5593 0.932136 117.611
170.901 2.71676 62.5666 0.922116 117.604
171.001 2.68697 62.5739 0.912092 117.596
171.101 2.65718 62.5811 0.902065 117.589
171.201 2.62738 62.5882 0.892034 117.582
171.301 2.59758 62.5952 0.881999 117.575
171.401 2.56778 62.6022 0.871961 117.568
171.501 2.53797 62.6091 0.861919 117.561
171.601 2.50817 62.6158 0.851874 117.554
171.701 2.47836 62.6226 0.841826 117.548
171.801 2.44855 62.6292 0.831773 117.541
171.901 2.41874 62.6357 0.821718 117.534
172.001 2.38892 62.6422 0.811659 117.528
172.101 2.35911 62.6486 0.801597 117.522
172.201 2.32929 62.6549 0.791532 117.515
172.301 2.29947 62.6611 0.781464 117.509
172.401 2.26965 62.6673 0.771392 117.503
172.501 2.23982 62.6734 0.761317 117.497
172.601 2.21 62.6794 0.75124 117.491
172.701 2.18017 62.6853 0.741159 117.485
172.801 2.15034 62.6911 0.731075 117.479
172.901 2.12051 62.6969 0.720988 117.473
173.001 2.09068 62.7025 0.710899 117.468
173.101 2.06084 62.7081 0.700806 117.462
173.201 2.031 62.7136 0.690711 117.457
173.301 2.00117 62.7191 0.680613 117.451
173.401 1.97133 62.7244 0.670512 117.446
173.501 1.94148 62.7297 0.660408 117.441
173.601 1.91164 62.7349 0.650302 117.435
173.701 1.8818 62.74 0.640193 117.43
173.801 1.85195 62.745 0.630081 117.425
173.901 1.8221 62.75 0.619967 117.42
174.001 1.79225 62.7548 0.609851 117.415
174.101 1.7624 62.7596 0.599732 117.411
174.201 1.73255 62.7643 0.58961 117.406
174.301 1.7027 62.769 0.579486 117.401
174.401 1.67284 62.7735 0.56936 117.397
174.501 1.64299 62.778 0.559232 117.392
174.601 1.61313 62.7824 0.549101 117.388
174.701 1.58327 62.7867 0.538968 117.384
174.801 1.55341 62.7909 0.528833 117.379
174.901 1.52355 62.7951 0.518695 117.375
175.001 1.49368 62.7991 0.508556 117.371
175.101 1.46382 62.8031 0.498415 117.367
175.201 1.43395 62.807 0.488271 117.363
175.301 1.40409 62.8109 0.478126 117.359
175.402 1.37422 62.8146 0.467978 117.356
175.502 1.34435 62.8183 0.457829 117.352
175.602 1.31448 62.8219 0.447678 117.348
175.702 1.28461 62.8254 0.437525 117.345
175.802 1.25474 62.8288 0.42737 117.341
175.902 1.22486 62.8321 0.417214 117.338
176.002 1.19499 62.8354 0.407056 117.335
176.102 1.16511 62.8386 0.396896 117.332
176.202 1.13524 62.8417 0.386735 117.329
176.302 1.10536 62.8447 0.376572 117.326
176.402 1.07548 62.8476 0.366407 117.323
176.502 1.0456 62.8505 0.356241 117.32
176.602 1.01572 62.8533 0.346074 117.317
176.702 0.985842 62.856 0.335905 117.314
176.802 0.955961 62.8586 0.325735 117.312
176.902 0.926078 62.8611 0.315563 117.309
177.002 0.896195 62.8636 0.305391 117.307
177.102 0.866311 62.866 0.295217 117.304
177.202 0.836427 62.8683 0.285041 117.302
177.302 0.806541 62.8705 0.274865 117.3
177.402 0.776655 62.8726 0.264688 117.298
177.502 0.746769 62.8747 0.254509 117.296
177.602 0.716881 62.8766 0.24433 117.294
177.702 0.686994 62.8785 0.234149 117.292
177.802 0.657105 62.8804 0.223967 117.29
177.902 0.627216 62.8821 0.213785 117.288
178.002 0.597327 62.8837 0.203602 117.286
178.102 0.567437 62.8853 0.193418 117.285
178.202 0.537546 62.8868 0.183233 117.283
178.302 0.507655 62.8882 0.173047 117.282
178.402 0.477764 62.8895 0.162861 117.281
178.502 0.447872 62.8908 0.152674 117.279
178.602 0.41798 62.892 0.142486 117.278
178.702 0.388088 62.893 0.132298 117.277
178.802 0.358195 62.8941 0.122109 117.276
178.902 0.328302 62.895 0.11192 117.275
179.002 0.298409 62.8958 0.101731 117.274
179.102 0.268515 62.8966 0.0915405 117.274
179.202 0.238622 62.8973 0.08135 117.273
179.302 0.208728 62.8979 0.0711592 117.272
179.402 0.178834 62.8984 0.0609682 117.272
179.502 0.148939 62.8988 0.0507769 117.271
179.602 0.119045 62.8992 0.0405854 117.271
179.702 0.0891503 62.8995 0.0303937 117.271
179.802 0.0592557 62.8997 0.0202019 117.271
179.902 0.0293611 62.8998 0.01001 117.27
