0 1.12979e-14 2.94036 0 175.199
0.1 0.161013 2.94039 0.00761996 175.199
0.2 0.32202 2.94051 0.0152399 175.199
0.3 0.483017 2.9407 0.0228598 175.199
0.4 0.643997 2.94096 0.0304796 175.198
0.5 0.804956 2.9413 0.0380994 175.198
0.6 0.965887 2.94172 0.0457191 175.198
0.7 1.12679 2.94221 0.0533387 175.197
0.8 1.28765 2.94277 0.0609581 175.197
0.9 1.44846 2.94342 0.0685775 175.196
1 1.60923 2.94413 0.0761966 175.195
1.1 1.76995 2.94493 0.0838156 175.194
1.2 1.9306 2.94579 0.0914343 175.194
1.3 2.09119 2.94674 0.0990529 175.193
1.4 2.25171 2.94776 0.106671 175.192
1.5 2.41216 2.94885 0.114289 175.19
1.6 2.57252 2.95002 0.121907 175.189
1.7 2.7328 2.95127 0.129525 175.188
1.8 2.89298 2.95259 0.137142 175.187
1.9 3.05307 2.95399 0.144759 175.185
2 3.21306 2.95546 0.152375 175.184
2.1 3.37294 2.95701 0.159991 175.182
2.2 3.53271 2.95863 0.167607 175.181
2.3 3.69235 2.96033 0.175222 175.179
2.4 3.85188 2.96211 0.182837 175.177
2.5 4.01128 2.96396 0.190452 175.175
2.6 4.17054 2.96588 0.198066 175.173
2.7 4.32966 2.96788 0.205679 175.171
2.8 4.48865 2.96996 0.213293 175.169
2.9 4.64748 2.97211 0.220905 175.167
3 4.80616 2.97434 0.228517 175.165
3.1 4.96467 2.97664 0.236129 175.163
3.2 5.12303 2.97902 0.24374 175.16
3.3 5.28122 2.98147 0.25135 175.158
3.4 5.43923 2.984 0.25896 175.155
3.5 5.59706 2.98661 0.266569 175.153
3.6 5.75471 2.98929 0.274178 175.15
3.7 5.91217 2.99204 0.281785 175.147
3.8 6.06943 2.99487 0.289393 175.144
3.9 6.2265 2.99778 0.296999 175.142
4 6.38336 3.00076 0.304605 175.139
4.1 6.54002 3.00382 0.31221 175.136
4.2 6.69646 3.00695 0.319815 175.132
4.3 6.85269 3.01016 0.327418 175.129
4.4 7.00869 3.01344 0.335021 175.126
4.5 7.16446 3.0168 0.342623 175.123
4.6 7.32001 3.02023 0.350224 175.119
4.7 7.47531 3.02374 0.357824 175.116
4.8 7.63038 3.02732 0.365424 175.112
4.9 7.7852 3.03098 0.373023 175.108
5 7.93977 3.03471 0.38062 175.105
5.1 8.09408 3.03852 0.388217 175.101
5.2 8.24814 3.04241 0.395813 175.097
5.3 8.40193 3.04637 0.403408 175.093
5.4 8.55546 3.0504 0.411002 175.089
5.5 8.70871 3.05451 0.418595 175.085
5.6 8.86169 3.0587 0.426187 175.081
5.7 9.01439 3.06296 0.433778 175.076
5.8 9.1668 3.0673 0.441368 175.072
5.9 9.31892 3.07171 0.448957 175.068
6 9.47076 3.07619 0.456545 175.063
6.1 9.62229 3.08076 0.464132 175.059
6.2 9.77352 3.08539 0.471718 175.054
6.3 9.92445 3.0901 0.479302 175.049
6.4 10.0751 3.09489 0.486886 175.044
6.5 10.2254 3.09975 0.494468 175.04
6.6 10.3754 3.10469 0.502049 175.035
6.7 10.525 3.1097 0.509629 175.03
6.8 10.6744 3.11479 0.517208 175.025
6.9 10.8234 3.11995 0.524785 175.019
7 10.9721 3.12519 0.532361 175.014
7.1 11.1204 3.1305 0.539936 175.009
7.2 11.2684 3.13588 0.54751 175.003
7.3 11.4161 3.14135 0.555082 174.998
7.4 11.5634 3.14688 0.562653 174.992
7.5 11.7104 3.15249 0.570223 174.987
7.6 11.857 3.15818 0.577791 174.981
7.7 12.0033 3.16394 0.585358 174.975
7.79999 12.1492 3.16978 0.592924 174.97
7.89999 12.2947 3.17569 0.600488 174.964
7.99999 12.4399 3.18167 0.608051 174.958
8.09999 12.5847 3.18773 0.615612 174.952
8.2 12.7291 3.19387 0.623172 174.945
8.3 12.8732 3.20008 0.63073 174.939
8.4 13.0168 3.20636 0.638287 174.933
8.5 13.1601 3.21272 0.645842 174.927
8.6 13.303 3.21916 0.653396 174.92
8.7 13.4456 3.22567 0.660948 174.914
8.8 13.5877 3.23225 0.668499 174.907
8.9 13.7294 3.23891 0.676048 174.9
9 13.8708 3.24564 0.683595 174.894
9.1 14.0117 3.25245 0.691141 174.887
9.2 14.1522 3.25933 0.698685 174.88
9.3 14.2924 3.26629 0.706228 174.873
9.4 14.4321 3.27332 0.713769 174.866
9.5 14.5714 3.28043 0.721308 174.859
9.6 14.7103 3.28761 0.728845 174.852
9.7 14.8488 3.29486 0.736381 174.844
9.8 14.9869 3.30219 0.743915 174.837
9.9 15.1245 3.30959 0.751447 174.83
10 15.2618 3.31707 0.758977 174.822
10.1 15.3986 3.32462 0.766506 174.815
10.2 15.5349 3.33225 0.774032 174.807
10.3 15.6709 3.33995 0.781557 174.799
10.4 15.8064 3.34773 0.78908 174.792
10.5 15.9415 3.35558 0.796601 174.784
10.6 16.0761 3.3635 0.80412 174.776
10.7 16.2104 3.3715 0.811638 174.768
10.8 16.3441 3.37957 0.819153 174.76
10.9 16.4775 3.38772 0.826666 174.752
11 16.6104 3.39594 0.834178 174.743
11.1 16.7428 3.40423 0.841687 174.735
11.2 16.8748 3.4126 0.849195 174.727
11.3 17.0063 3.42105 0.8567 174.718
11.4 17.1374 3.42956 0.864203 174.71
11.5 17.2681 3.43815 0.871705 174.701
11.6 17.3983 3.44682 0.879204 174.693
11.7 17.528 3.45556 0.886701 174.684
11.8 17.6573 3.46437 0.894196 174.675
11.9 17.7861 3.47326 0.901689 174.666
12 17.9145 3.48222 0.90918 174.657
12.1 18.0424 3.49126 0.916668 174.648
12.2 18.1698 3.50036 0.924154 174.639
12.3 18.2968 3.50955 0.931639 174.63
12.4 18.4233 3.5188 0.93912 174.621
12.5 18.5494 3.52813 0.9466 174.611
12.6 18.675 3.53754 0.954077 174.602
12.7 18.8001 3.54702 0.961553 174.592
12.8 18.9247 3.55657 0.969025 174.583
12.9 19.0489 3.56619 0.976496 174.573
13 19.1726 3.57589 0.983964 174.563
13.1 19.2958 3.58566 0.99143 174.554
13.2 19.4186 3.59551 0.998893 174.544
13.3 19.5408 3.60543 1.00635 174.534
13.4 19.6626 3.61542 1.01381 174.524
13.5 19.784 3.62549 1.02127 174.514
13.6 19.9048 3.63563 1.02872 174.504
13.7 20.0252 3.64584 1.03617 174.494
13.8 20.1451 3.65613 1.04362 174.483
13.9 20.2645 3.66649 1.05107 174.473
14 20.3834 3.67692 1.05851 174.462
14.1 20.5018 3.68743 1.06595 174.452
14.2 20.6198 3.69801 1.07339 174.441
14.3 20.7373 3.70866 1.08083 174.431
14.4 20.8543 3.71939 1.08826 174.42
14.5 20.9708 3.73019 1.09569 174.409
14.6 21.0868 3.74106 1.10312 174.398
14.7 21.2024 3.752 1.11055 174.387
14.8 21.3175 3.76302 1.11797 174.376
14.9 21.432 3.77411 1.12539 174.365
15 21.5461 3.78528 1.13281 174.354
15.1 21.6597 3.79652 1.14022 174.343
15.2 21.7729 3.80783 1.14764 174.332
15.3 21.8855 3.81921 1.15505 174.32
15.4 21.9976 3.83067 1.16245 174.309
15.5 22.1093 3.8422 1.16986 174.297
15.6 22.2205 3.8538 1.17726 174.286
15.7 22.3312 3.86547 1.18466 174.274
15.8 22.4414 3.87722 1.19205 174.262
15.9 22.5511 3.88904 1.19944 174.25
16 22.6603 3.90093 1.20683 174.238
16.1 22.7691 3.9129 1.21422 174.226
16.2 22.8773 3.92494 1.2216 174.214
16.3 22.9851 3.93705 1.22899 174.202
16.4 23.0924 3.94923 1.23636 174.19
16.5 23.1992 3.96149 1.24374 174.178
16.6 23.3055 3.97381 1.25111 174.166
16.7 23.4113 3.98621 1.25848 174.153
16.8 23.5166 3.99869 1.26585 174.141
16.9 23.6215 4.01123 1.27321 174.128
17 23.7258 4.02385 1.28057 174.115
17.1 23.8297 4.03654 1.28793 174.103
17.2 23.9331 4.0493 1.29528 174.09
17.3 24.036 4.06213 1.30263 174.077
17.4 24.1384 4.07504 1.30998 174.064
17.5 24.2404 4.08802 1.31732 174.051
17.6 24.3418 4.10107 1.32466 174.038
17.7 24.4428 4.11419 1.332 174.025
17.8 24.5433 4.12738 1.33934 174.012
17.9 24.6433 4.14065 1.34667 173.999
18 24.7428 4.15399 1.354 173.985
18.1 24.8419 4.1674 1.36132 173.972
18.2 24.9404 4.18088 1.36864 173.958
18.3 25.0385 4.19443 1.37596 173.945
18.4 25.1361 4.20806 1.38328 173.931
18.5 25.2332 4.22175 1.39059 173.918
18.6 25.3299 4.23552 1.3979 173.904
18.7 25.4261 4.24936 1.4052 173.89
18.8 25.5217 4.26327 1.41251 173.876
18.9 25.617 4.27726 1.4198 173.862
19 25.7117 4.29131 1.4271 173.848
19.1 25.806 4.30544 1.43439 173.834
19.2 25.8997 4.31963 1.44168 173.82
19.3 25.9931 4.3339 1.44896 173.805
19.4 26.0859 4.34824 1.45625 173.791
19.5 26.1783 4.36265 1.46352 173.777
19.6 26.2702 4.37713 1.4708 173.762
19.7 26.3616 4.39169 1.47807 173.748
19.8 26.4525 4.40631 1.48534 173.733
19.9 26.543 4.42101 1.4926 173.718
20 26.633 4.43577 1.49986 173.704
20.1 26.7226 4.45061 1.50712 173.689
20.2 26.8117 4.46552 1.51437 173.674
20.3 26.9003 4.4805 1.52162 173.659
20.4 26.9885 4.49555 1.52886 173.644
20.5 27.0761 4.51067 1.5361 173.629
20.6 27.1634 4.52586 1.54334 173.613
20.7 27.2501 4.54112 1.55058 173.598
20.8 27.3365 4.55646 1.55781 173.583
20.9 27.4223 4.57186 1.56503 173.567
21 27.5077 4.58734 1.57226 173.552
21.1 27.5926 4.60288 1.57948 173.536
21.2 27.6771 4.6185 1.58669 173.521
21.3 27.7611 4.63418 1.5939 173.505
21.4 27.8447 4.64994 1.60111 173.489
21.5 27.9278 4.66576 1.60832 173.474
21.6 28.0104 4.68166 1.61552 173.458
21.7 28.0926 4.69763 1.62271 173.442
21.8 28.1744 4.71366 1.6299 173.426
21.9 28.2557 4.72977 1.63709 173.41
22 28.3366 4.74595 1.64428 173.393
22.1 28.417 4.7622 1.65146 173.377
22.2 28.4969 4.77851 1.65863 173.361
22.3 28.5764 4.7949 1.66581 173.344
22.4 28.6555 4.81136 1.67297 173.328
22.5 28.7342 4.82789 1.68014 173.311
22.6 28.8123 4.84448 1.6873 173.295
22.7001 28.8901 4.86115 1.69445 173.278
22.8001 28.9674 4.87788 1.70161 173.261
22.9001 29.0443 4.89469 1.70875 173.245
23.0001 29.1207 4.91157 1.7159 173.228
23.1001 29.1967 4.92851 1.72304 173.211
23.2001 29.2723 4.94553 1.73017 173.194
23.3001 29.3474 4.96261 1.7373 173.177
23.4001 29.4221 4.97976 1.74443 173.16
23.5001 29.4964 4.99698 1.75155 173.142
23.6001 29.5702 5.01428 1.75867 173.125
23.7001 29.6437 5.03164 1.76579 173.108
23.8001 29.7167 5.04907 1.7729 173.09
23.9001 29.7892 5.06657 1.78 173.073
24.0001 29.8614 5.08414 1.7871 173.055
24.1001 29.9331 5.10177 1.7942 173.038
24.2001 30.0044 5.11948 1.80129 173.02
24.3001 30.0752 5.13725 1.80838 173.002
24.4001 30.1457 5.1551 1.81547 172.984
24.5001 30.2157 5.17301 1.82255 172.966
24.6001 30.2854 5.19099 1.82962 172.948
24.7001 30.3546 5.20904 1.83669 172.93
24.8001 30.4234 5.22716 1.84376 172.912
24.9001 30.4917 5.24535 1.85082 172.894
25.0001 30.5597 5.26361 1.85788 172.876
25.1001 30.6273 5.28193 1.86493 172.857
25.2001 30.6944 5.30032 1.87198 172.839
25.3001 30.7611 5.31878 1.87902 172.821
25.4001 30.8275 5.33731 1.88606 172.802
25.5001 30.8934 5.35591 1.8931 172.783
25.6001 30.9589 5.37458 1.90013 172.765
25.7001 31.0241 5.39331 1.90715 172.746
25.8001 31.0888 5.41211 1.91417 172.727
25.9001 31.1531 5.43098 1.92119 172.708
26.0001 31.217 5.44992 1.9282 172.689
26.1001 31.2806 5.46893 1.93521 172.67
26.2001 31.3437 5.488 1.94221 172.651
26.3001 31.4065 5.50714 1.94921 172.632
26.4001 31.4688 5.52635 1.9562 172.613
26.5001 31.5308 5.54563 1.96319 172.594
26.6001 31.5923 5.56497 1.97017 172.574
26.7001 31.6535 5.58438 1.97715 172.555
26.8001 31.7143 5.60386 1.98412 172.535
26.9001 31.7747 5.62341 1.99109 172.516
27.0001 31.8347 5.64303 1.99806 172.496
27.1001 31.8944 5.66271 2.00502 172.477
27.2001 31.9536 5.68246 2.01197 172.457
27.3001 32.0125 5.70227 2.01892 172.437
27.4001 32.071 5.72215 2.02586 172.417
27.5001 32.1291 5.7421 2.0328 172.397
27.6001 32.1869 5.76212 2.03974 172.377
27.7001 32.2442 5.78221 2.04667 172.357
27.8001 32.3012 5.80236 2.05359 172.337
27.9001 32.3578 5.82258 2.06051 172.317
28.0001 32.4141 5.84286 2.06743 172.296
28.1001 32.47 5.86321 2.07434 172.276
28.2001 32.5255 5.88363 2.08124 172.256
28.3001 32.5806 5.90411 2.08814 172.235
28.4001 32.6354 5.92466 2.09503 172.215
28.5001 32.6898 5.94528 2.10192 172.194
28.6001 32.7439 5.96597 2.10881 172.173
28.7001 32.7976 5.98672 2.11568 172.153
28.8001 32.8509 6.00753 2.12256 172.132
28.9001 32.9039 6.02841 2.12943 172.111
29.0001 32.9565 6.04936 2.13629 172.09
29.1001 33.0088 6.07038 2.14315 172.069
29.2001 33.0607 6.09146 2.15 172.048
29.3001 33.1122 6.11261 2.15685 172.027
29.4001 33.1634 6.13382 2.16369 172.006
29.5001 33.2143 6.1551 2.17053 171.984
29.6001 33.2648 6.17644 2.17736 171.963
29.7001 33.3149 6.19785 2.18419 171.941
29.8001 33.3647 6.21933 2.19101 171.92
29.9001 33.4142 6.24087 2.19782 171.898
30.0001 33.4633 6.26247 2.20463 171.877
30.1001 33.5121 6.28415 2.21144 171.855
30.2001 33.5605 6.30588 2.21824 171.833
30.3001 33.6086 6.32768 2.22503 171.812
30.4001 33.6564 6.34955 2.23182 171.79
30.5001 33.7038 6.37149 2.2386 171.768
30.6001 33.7509 6.39348 2.24538 171.746
30.7001 33.7976 6.41555 2.25215 171.724
30.8001 33.844 6.43767 2.25892 171.702
30.9001 33.8901 6.45987 2.26568 171.679
31.0001 33.9359 6.48212 2.27244 171.657
31.1001 33.9813 6.50445 2.27919 171.635
31.2001 34.0264 6.52683 2.28593 171.613
31.3001 34.0711 6.54929 2.29267 171.59
31.4001 34.1156 6.5718 2.2994 171.568
31.5001 34.1597 6.59438 2.30613 171.545
31.6001 34.2035 6.61703 2.31285 171.522
31.7001 34.247 6.63974 2.31957 171.5
31.8001 34.2901 6.66251 2.32628 171.477
31.9001 34.3329 6.68535 2.33298 171.454
32.0001 34.3755 6.70825 2.33968 171.431
32.1001 34.4177 6.73122 2.34638 171.408
32.2001 34.4595 6.75424 2.35306 171.385
32.3001 34.5011 6.77734 2.35974 171.362
32.4001 34.5424 6.8005 2.36642 171.339
32.5001 34.5833 6.82372 2.37309 171.316
32.6001 34.6239 6.847 2.37975 171.292
32.7001 34.6643 6.87035 2.38641 171.269
32.8001 34.7043 6.89376 2.39307 171.246
32.9001 34.744 6.91724 2.39971 171.222
33.0001 34.7834 6.94078 2.40635 171.199
33.1001 34.8225 6.96438 2.41299 171.175
33.2001 34.8613 6.98804 2.41962 171.151
33.3001 34.8998 7.01177 2.42624 171.128
33.4001 34.938 7.03556 2.43286 171.104
33.5001 34.9759 7.05942 2.43947 171.08
33.6001 35.0135 7.08334 2.44607 171.056
33.7001 35.0508 7.10732 2.45267 171.032
33.8001 35.0879 7.13136 2.45926 171.008
33.9001 35.1246 7.15547 2.46585 170.984
34.0001 35.161 7.17964 2.47243 170.96
34.1001 35.1971 7.20387 2.479 170.935
34.2001 35.233 7.22816 2.48557 170.911
34.3 35.2685 7.25252 2.49214 170.887
34.4 35.3038 7.27694 2.49869 170.862
34.5 35.3388 7.30142 2.50524 170.838
34.6 35.3735 7.32596 2.51179 170.813
34.7 35.4079 7.35057 2.51832 170.789
34.8 35.442 7.37524 2.52485 170.764
34.9 35.4759 7.39997 2.53138 170.739
35 35.5094 7.42476 2.5379 170.715
35.1 35.5427 7.44961 2.54441 170.69
35.2 35.5757 7.47453 2.55092 170.665
35.3 35.6085 7.49951 2.55742 170.64
35.4 35.6409 7.52455 2.56391 170.615
35.5 35.6731 7.54965 2.5704 170.59
35.6 35.705 7.57481 2.57688 170.565
35.7 35.7366 7.60003 2.58335 170.539
35.8 35.768 7.62532 2.58982 170.514
35.9 35.7991 7.65066 2.59628 170.489
36 35.8299 7.67607 2.60274 170.463
36.1 35.8605 7.70154 2.60919 170.438
36.2 35.8908 7.72707 2.61563 170.412
36.3 35.9208 7.75266 2.62207 170.387
36.4 35.9505 7.77831 2.6285 170.361
36.5 35.98 7.80402 2.63492 170.335
36.6 36.0093 7.82979 2.64133 170.31
36.7 36.0382 7.85563 2.64774 170.284
36.8 36.067 7.88152 2.65415 170.258
36.9 36.0954 7.90748 2.66054 170.232
37 36.1236 7.93349 2.66693 170.206
37.1 36.1515 7.95957 2.67332 170.18
37.2 36.1792 7.9857 2.67969 170.154
37.3 36.2067 8.0119 2.68607 170.127
37.4 36.2338 8.03815 2.69243 170.101
37.5 36.2608 8.06447 2.69879 170.075
37.6 36.2874 8.09084 2.70514 170.049
37.7 36.3138 8.11728 2.71148 170.022
37.8 36.34 8.14377 2.71782 169.996
37.9 36.3659 8.17033 2.72415 169.969
38 36.3916 8.19694 2.73047 169.942
38.1 36.417 8.22362 2.73678 169.916
38.2 36.4422 8.25035 2.74309 169.889
38.3 36.4672 8.27714 2.7494 169.862
38.4 36.4919 8.304 2.75569 169.835
38.5 36.5163 8.33091 2.76198 169.808
38.6 36.5405 8.35788 2.76826 169.781
38.7 36.5645 8.38491 2.77454 169.754
38.8 36.5882 8.41199 2.78081 169.727
38.9 36.6117 8.43914 2.78707 169.7
39 36.635 8.46635 2.79332 169.673
39.1 36.658 8.49361 2.79957 169.646
39.2 36.6808 8.52094 2.80581 169.618
39.3 36.7034 8.54832 2.81204 169.591
39.4 36.7257 8.57576 2.81827 169.564
39.5 36.7478 8.60326 2.82449 169.536
39.6 36.7697 8.63081 2.8307 169.509
39.7 36.7913 8.65843 2.83691 169.481
39.8 36.8127 8.6861 2.8431 169.453
39.9 36.8339 8.71383 2.8493 169.426
40 36.8548 8.74162 2.85548 169.398
40.1 36.8755 8.76947 2.86166 169.37
40.2 36.896 8.79737 2.86783 169.342
40.3 36.9163 8.82534 2.87399 169.314
40.4 36.9364 8.85336 2.88014 169.286
40.5 36.9562 8.88143 2.88629 169.258
40.6 36.9758 8.90957 2.89243 169.23
40.7 36.9952 8.93776 2.89857 169.202
40.7999 37.0144 8.96601 2.90469 169.173
40.8999 37.0333 8.99432 2.91081 169.145
40.9999 37.0521 9.02268 2.91692 169.117
41.0999 37.0706 9.0511 2.92303 169.088
41.1999 37.0889 9.07958 2.92912 169.06
41.2999 37.107 9.10812 2.93521 169.031
41.3999 37.1248 9.13671 2.9413 169.003
41.4999 37.1425 9.16536 2.94737 168.974
41.5999 37.1599 9.19406 2.95344 168.945
41.6999 37.1772 9.22282 2.9595 168.917
41.7999 37.1942 9.25164 2.96555 168.888
41.8999 37.211 9.28051 2.9716 168.859
41.9999 37.2276 9.30944 2.97763 168.83
42.0999 37.244 9.33843 2.98367 168.801
42.1999 37.2602 9.36747 2.98969 168.772
42.2999 37.2762 9.39657 2.9957 168.743
42.3999 37.292 9.42572 3.00171 168.714
42.4999 37.3076 9.45493 3.00771 168.684
42.5999 37.323 9.4842 3.0137 168.655
42.6999 37.3382 9.51352 3.01969 168.626
42.7999 37.3531 9.5429 3.02567 168.596
42.8999 37.3679 9.57233 3.03164 168.567
42.9999 37.3825 9.60182 3.0376 168.538
43.0999 37.3969 9.63136 3.04355 168.508
43.1999 37.4111 9.66096 3.0495 168.478
43.2999 37.4251 9.69061 3.05544 168.449
43.3999 37.4388 9.72032 3.06137 168.419
43.4999 37.4524 9.75008 3.06729 168.389
43.5999 37.4658 9.7799 3.07321 168.359
43.6999 37.479 9.80977 3.07912 168.33
43.7999 37.4921 9.8397 3.08502 168.3
43.8999 37.5049 9.86968 3.09091 168.27
43.9999 37.5175 9.89971 3.0968 168.24
44.0999 37.5299 9.9298 3.10267 168.21
44.1999 37.5422 9.95995 3.10854 168.179
44.2999 37.5543 9.99015 3.1144 168.149
44.3999 37.5661 10.0204 3.12026 168.119
44.4999 37.5778 10.0507 3.1261 168.089
44.5999 37.5893 10.0811 3.13194 168.058
44.6999 37.6006 10.1115 3.13777 168.028
44.7999 37.6118 10.1419 3.14359 167.997
44.8999 37.6227 10.1725 3.14941 167.967
44.9999 37.6335 10.203 3.15521 167.936
45.0999 37.6441 10.2337 3.16101 167.906
45.1999 37.6545 10.2644 3.1668 167.875
45.2999 37.6647 10.2951 3.17258 167.844
45.3999 37.6747 10.3259 3.17836 167.813
45.4999 37.6846 10.3567 3.18412 167.783
45.5999 37.6943 10.3876 3.18988 167.752
45.6999 37.7038 10.4186 3.19563 167.721
45.7999 37.7131 10.4496 3.20137 167.69
45.8999 37.7223 10.4806 3.2071 167.659
45.9999 37.7312 10.5117 3.21283 167.628
46.0999 37.74 10.5429 3.21855 167.596
46.1999 37.7487 10.5741 3.22425 167.565
46.2999 37.7571 10.6053 3.22996 167.534
46.3999 37.7654 10.6367 3.23565 167.503
46.4999 37.7735 10.668 3.24133 167.471
46.5999 37.7815 10.6994 3.24701 167.44
46.6999 37.7892 10.7309 3.25268 167.408
46.7999 37.7968 10.7624 3.25833 167.377
46.8999 37.8043 10.794 3.26399 167.345
46.9999 37.8115 10.8256 3.26963 167.314
47.0999 37.8186 10.8573 3.27526 167.282
47.1999 37.8255 10.889 3.28089 167.25
47.2999 37.8323 10.9208 3.28651 167.219
47.3998 37.8389 10.9526 3.29212 167.187
47.4998 37.8453 10.9845 3.29772 167.155
47.5998 37.8516 11.0165 3.30331 167.123
47.6998 37.8577 11.0484 3.30889 167.091
47.7998 37.8637 11.0805 3.31447 167.059
47.8998 37.8694 11.1126 3.32004 167.027
47.9998 37.8751 11.1447 3.3256 166.995
48.0998 37.8805 11.1769 3.33115 166.962
48.1998 37.8858 11.2091 3.33669 166.93
48.2998 37.891 11.2414 3.34222 166.898
48.3998 37.8959 11.2738 3.34775 166.866
48.4998 37.9008 11.3061 3.35326 166.833
48.5998 37.9054 11.3386 3.35877 166.801
48.6998 37.9099 11.3711 3.36427 166.768
48.7998 37.9143 11.4036 3.36976 166.736
48.8998 37.9185 11.4362 3.37524 166.703
48.9998 37.9225 11.4688 3.38071 166.671
49.0998 37.9264 11.5015 3.38618 166.638
49.1998 37.9302 11.5343 3.39163 166.605
49.2998 37.9338 11.567 3.39708 166.572
49.3998 37.9372 11.5999 3.40252 166.539
49.4998 37.9405 11.6328 3.40795 166.507
49.5998 37.9436 11.6657 3.41337 166.474
49.6998 37.9466 11.6987 3.41878 166.441
49.7998 37.9494 11.7317 3.42418 166.408
49.8998 37.9521 11.7648 3.42958 166.375
49.9998 37.9546 11.7979 3.43496 166.341
50.0998 37.957 11.8311 3.44034 166.308
50.1998 37.9593 11.8643 3.44571 166.275
50.2998 37.9614 11.8976 3.45107 166.242
50.3998 37.9633 11.9309 3.45642 166.208
50.4998 37.9651 11.9643 3.46176 166.175
50.5998 37.9668 11.9977 3.46709 166.142
50.6998 37.9683 12.0312 3.47242 166.108
50.7998 37.9697 12.0647 3.47773 166.075
50.8998 37.9709 12.0982 3.48304 166.041
50.9998 37.972 12.1318 3.48833 166.008
51.0998 37.9729 12.1655 3.49362 165.974
51.1998 37.9737 12.1992 3.4989 165.94
51.2998 37.9744 12.233 3.50417 165.906
51.3998 37.9749 12.2668 3.50943 165.873
51.4998 37.9753 12.3006 3.51468 165.839
51.5998 37.9756 12.3345 3.51992 165.805
51.6998 37.9757 12.3684 3.52516 165.771
51.7998 37.9756 12.4024 3.53038 165.737
51.8998 37.9755 12.4364 3.5356 165.703
51.9998 37.9752 12.4705 3.5408 165.669
52.0998 37.9747 12.5047 3.546 165.635
52.1998 37.9742 12.5388 3.55119 165.601
52.2998 37.9734 12.573 3.55636 165.566
52.3998 37.9726 12.6073 3.56153 165.532
52.4998 37.9716 12.6416 3.56669 165.498
52.5998 37.9705 12.676 3.57184 165.463
52.6998 37.9693 12.7104 3.57699 165.429
52.7998 37.9679 12.7448 3.58212 165.395
52.8998 37.9664 12.7793 3.58724 165.36
52.9998 37.9648 12.8139 3.59236 165.325
53.0998 37.963 12.8484 3.59746 165.291
53.1998 37.9611 12.8831 3.60255 165.256
53.2998 37.9591 12.9178 3.60764 165.222
53.3998 37.9569 12.9525 3.61272 165.187
53.4998 37.9546 12.9872 3.61778 165.152
53.5998 37.9522 13.0221 3.62284 165.117
53.6998 37.9497 13.0569 3.62789 165.082
53.7998 37.947 13.0918 3.63293 165.048
53.8997 37.9442 13.1268 3.63796 165.013
53.9997 37.9413 13.1617 3.64298 164.978
54.0997 37.9383 13.1968 3.64799 164.943
54.1997 37.9351 13.2319 3.65299 164.907
54.2997 37.9318 13.267 3.65798 164.872
54.3997 37.9284 13.3021 3.66296 164.837
54.4997 37.9249 13.3374 3.66793 164.802
54.5997 37.9212 13.3726 3.6729 164.767
54.6997 37.9174 13.4079 3.67785 164.731
54.7997 37.9135 13.4433 3.68279 164.696
54.8997 37.9095 13.4786 3.68773 164.661
54.9997 37.9054 13.5141 3.69265 164.625
55.0997 37.9011 13.5495 3.69757 164.59
55.1997 37.8967 13.5851 3.70247 164.554
55.2997 37.8922 13.6206 3.70737 164.519
55.3997 37.8876 13.6562 3.71225 164.483
55.4997 37.8829 13.6919 3.71713 164.447
55.5997 37.878 13.7275 3.72199 164.412
55.6997 37.873 13.7633 3.72685 164.376
55.7997 37.8679 13.7991 3.7317 164.34
55.8997 37.8627 13.8349 3.73653 164.304
55.9997 37.8574 13.8707 3.74136 164.269
56.0997 37.852 13.9066 3.74618 164.233
56.1997 37.8464 13.9426 3.75099 164.197
56.2997 37.8407 13.9785 3.75578 164.161
56.3997 37.835 14.0146 3.76057 164.125
56.4997 37.8291 14.0506 3.76535 164.089
56.5997 37.8231 14.0868 3.77012 164.053
56.6997 37.8169 14.1229 3.77488 164.016
56.7997 37.8107 14.1591 3.77962 163.98
56.8997 37.8043 14.1953 3.78436 163.944
56.9997 37.7979 14.2316 3.78909 163.908
57.0997 37.7913 14.2679 3.79381 163.871
57.1997 37.7846 14.3043 3.79852 163.835
57.2997 37.7779 14.3407 3.80322 163.799
57.3997 37.771 14.3771 3.80791 163.762
57.4997 37.764 14.4136 3.81258 163.726
57.5997 37.7568 14.4501 3.81725 163.689
57.6997 37.7496 14.4867 3.82191 163.653
57.7997 37.7423 14.5233 3.82656 163.616
57.8997 37.7348 14.5599 3.8312 163.579
57.9997 37.7273 14.5966 3.83583 163.543
58.0997 37.7196 14.6333 3.84044 163.506
58.1997 37.7119 14.6701 3.84505 163.469
58.2997 37.704 14.7069 3.84965 163.432
58.3997 37.696 14.7437 3.85424 163.396
58.4997 37.688 14.7806 3.85882 163.359
58.5997 37.6798 14.8175 3.86338 163.322
58.6997 37.6715 14.8545 3.86794 163.285
58.7997 37.6631 14.8915 3.87249 163.248
58.8997 37.6546 14.9285 3.87702 163.211
58.9997 37.646 14.9656 3.88155 163.174
59.0997 37.6373 15.0027 3.88607 163.137
59.1997 37.6285 15.0399 3.89057 163.099
59.2997 37.6196 15.0771 3.89507 163.062
59.3997 37.6106 15.1143 3.89955 163.025
59.4997 37.6015 15.1516 3.90403 162.988
59.5997 37.5923 15.1889 3.90849 162.95
59.6997 37.583 15.2262 3.91295 162.913
59.7997 37.5736 15.2636 3.91739 162.876
59.8997 37.5641 15.301 3.92182 162.838
59.9997 37.5545 15.3385 3.92625 162.801
60.0997 37.5448 15.376 3.93066 162.763
60.1997 37.535 15.4135 3.93506 162.726
60.2997 37.5251 15.4511 3.93945 162.688
60.3997 37.5151 15.4887 3.94383 162.651
60.4996 37.5051 15.5263 3.9482 162.613
60.5996 37.4949 15.564 3.95257 162.575
60.6996 37.4846 15.6017 3.95691 162.538
60.7996 37.4742 15.6395 3.96125 162.5
60.8996 37.4637 15.6773 3.96558 162.462
60.9996 37.4532 15.7151 3.9699 162.424
61.0996 37.4425 15.753 3.97421 162.386
61.1996 37.4318 15.7909 3.97851 162.348
61.2996 37.4209 15.8289 3.98279 162.31
61.3996 37.41 15.8668 3.98707 162.273
61.4996 37.3989 15.9048 3.99133 162.234
61.5996 37.3878 15.9429 3.99559 162.196
61.6996 37.3766 15.981 3.99983 162.158
61.7996 37.3653 16.0191 4.00406 162.12
61.8996 37.3538 16.0573 4.00829 162.082
61.9996 37.3423 16.0955 4.0125 162.044
62.0996 37.3308 16.1337 4.0167 162.006
62.1996 37.3191 16.172 4.02089 161.967
62.2996 37.3073 16.2102 4.02507 161.929
62.3996 37.2954 16.2486 4.02924 161.891
62.4996 37.2835 16.287 4.0334 161.852
62.5996 37.2714 16.3254 4.03754 161.814
62.6996 37.2593 16.3638 4.04168 161.776
62.7996 37.2471 16.4023 4.0458 161.737
62.8996 37.2348 16.4408 4.04992 161.699
62.9996 37.2224 16.4793 4.05402 161.66
63.0996 37.2099 16.5179 4.05812 161.621
63.1996 37.1973 16.5565 4.0622 161.583
63.2996 37.1847 16.5952 4.06627 161.544
63.3996 37.1719 16.6338 4.07033 161.506
63.4996 37.1591 16.6726 4.07438 161.467
63.5996 37.1462 16.7113 4.07842 161.428
63.6996 37.1332 16.7501 4.08244 161.389
63.7996 37.1201 16.7889 4.08646 161.35
63.8996 37.1069 16.8277 4.09047 161.312
63.9996 37.0937 16.8666 4.09446 161.273
64.0996 37.0803 16.9055 4.09844 161.234
64.1996 37.0669 16.9445 4.10242 161.195
64.2996 37.0534 16.9835 4.10638 161.156
64.3996 37.0398 17.0225 4.11033 161.117
64.4996 37.0261 17.0615 4.11427 161.078
64.5996 37.0124 17.1006 4.11819 161.039
64.6996 36.9985 17.1397 4.12211 161
64.7996 36.9846 17.1789 4.12602 160.96
64.8996 36.9706 17.218 4.12991 160.921
64.9996 36.9565 17.2572 4.13379 160.882
65.0996 36.9423 17.2965 4.13767 160.843
65.1996 36.9281 17.3357 4.14153 160.804
65.2996 36.9138 17.375 4.14538 160.764
65.3996 36.8994 17.4144 4.14922 160.725
65.4996 36.8849 17.4537 4.15304 160.686
65.5996 36.8703 17.4931 4.15686 160.646
65.6996 36.8556 17.5326 4.16066 160.607
65.7996 36.8409 17.572 4.16446 160.567
65.8996 36.8261 17.6115 4.16824 160.528
65.9996 36.8112 17.651 4.17201 160.488
66.0996 36.7963 17.6906 4.17577 160.449
66.1996 36.7812 17.7302 4.17952 160.409
66.2996 36.7661 17.7698 4.18326 160.37
66.3996 36.7509 17.8094 4.18698 160.33
66.4996 36.7356 17.8491 4.1907 160.29
66.5996 36.7203 17.8888 4.1944 160.251
66.6996 36.7048 17.9285 4.19809 160.211
66.7996 36.6893 17.9683 4.20177 160.171
66.8996 36.6737 18.0081 4.20544 160.131
66.9995 36.6581 18.0479 4.2091 160.091
67.0995 36.6424 18.0878 4.21274 160.052
67.1995 36.6265 18.1276 4.21638 160.012
67.2995 36.6107 18.1675 4.22 159.972
67.3995 36.5947 18.2075 4.22361 159.932
67.4995 36.5787 18.2475 4.22721 159.892
67.5995 36.5626 18.2875 4.2308 159.852
67.6995 36.5464 18.3275 4.23438 159.812
67.7995 36.5301 18.3675 4.23794 159.772
67.8995 36.5138 18.4076 4.2415 159.732
67.9995 36.4974 18.4477 4.24504 159.692
68.0995 36.4809 18.4879 4.24857 159.651
68.1995 36.4644 18.528 4.25209 159.611
68.2995 36.4478 18.5682 4.2556 159.571
68.3995 36.4311 18.6085 4.25909 159.531
68.4995 36.4143 18.6487 4.26257 159.491
68.5995 36.3975 18.689 4.26605 159.45
68.6995 36.3806 18.7293 4.26951 159.41
68.7995 36.3636 18.7696 4.27296 159.37
68.8995 36.3466 18.81 4.27639 159.329
68.9995 36.3294 18.8504 4.27982 159.289
69.0995 36.3123 18.8908 4.28323 159.249
69.1995 36.295 18.9312 4.28663 159.208
69.2995 36.2777 18.9717 4.29002 159.168
69.3995 36.2603 19.0122 4.2934 159.127
69.4995 36.2428 19.0527 4.29677 159.087
69.5995 36.2253 19.0933 4.30012 159.046
69.6995 36.2077 19.1339 4.30347 159.005
69.7995 36.19 19.1745 4.3068 158.965
69.8995 36.1723 19.2151 4.31012 158.924
69.9995 36.1545 19.2557 4.31343 158.884
70.0995 36.1366 19.2964 4.31672 158.843
70.1995 36.1187 19.3371 4.32 158.802
70.2995 36.1007 19.3779 4.32328 158.761
70.3995 36.0826 19.4186 4.32654 158.721
70.4995 36.0644 19.4594 4.32978 158.68
70.5995 36.0462 19.5002 4.33302 158.639
70.6995 36.028 19.541 4.33624 158.598
70.7995 36.0096 19.5819 4.33946 158.557
70.8995 35.9912 19.6228 4.34266 158.517
70.9995 35.9728 19.6637 4.34584 158.476
71.0995 35.9542 19.7046 4.34902 158.435
71.1995 35.9356 19.7456 4.35218 158.394
71.2995 35.9169 19.7866 4.35534 158.353
71.3995 35.8982 19.8276 4.35848 158.312
71.4995 35.8794 19.8686 4.3616 158.271
71.5995 35.8606 19.9096 4.36472 158.23
71.6995 35.8416 19.9507 4.36782 158.189
71.7995 35.8227 19.9918 4.37092 158.148
71.8995 35.8036 20.0329 4.374 158.106
71.9995 35.7845 20.0741 4.37706 158.065
72.0995 35.7653 20.1153 4.38012 158.024
72.1995 35.7461 20.1565 4.38316 157.983
72.2995 35.7268 20.1977 4.38619 157.942
72.3995 35.7074 20.2389 4.38921 157.9
72.4995 35.688 20.2802 4.39222 157.859
72.5995 35.6685 20.3215 4.39521 157.818
72.6995 35.649 20.3628 4.39819 157.777
72.7995 35.6294 20.4041 4.40116 157.735
72.8995 35.6097 20.4455 4.40412 157.694
72.9995 35.59 20.4868 4.40707 157.653
73.0995 35.5702 20.5282 4.41 157.611
73.1995 35.5503 20.5696 4.41292 157.57
73.2995 35.5304 20.6111 4.41583 157.528
73.3995 35.5104 20.6526 4.41872 157.487
73.4995 35.4904 20.694 4.42161 157.445
73.5994 35.4703 20.7355 4.42448 157.404
73.6994 35.4501 20.7771 4.42734 157.362
73.7994 35.4299 20.8186 4.43019 157.321
73.8994 35.4097 20.8602 4.43302 157.279
73.9994 35.3893 20.9018 4.43584 157.238
74.0994 35.3689 20.9434 4.43865 157.196
74.1994 35.3485 20.985 4.44145 157.154
74.2994 35.328 21.0267 4.44423 157.113
74.3994 35.3074 21.0683 4.447 157.071
74.4994 35.2868 21.11 4.44976 157.029
74.5994 35.2661 21.1518 4.45251 156.988
74.6994 35.2454 21.1935 4.45525 156.946
74.7994 35.2246 21.2352 4.45797 156.904
74.8994 35.2038 21.277 4.46068 156.862
74.9994 35.1828 21.3188 4.46338 156.821
75.0994 35.1619 21.3606 4.46606 156.779
75.1994 35.1409 21.4024 4.46873 156.737
75.2994 35.1198 21.4443 4.47139 156.695
75.3994 35.0987 21.4862 4.47404 156.653
75.4994 35.0775 21.5281 4.47667 156.611
75.5994 35.0562 21.57 4.4793 156.569
75.6994 35.0349 21.6119 4.48191 156.527
75.7994 35.0136 21.6538 4.4845 156.486
75.8994 34.9922 21.6958 4.48709 156.444
75.9994 34.9707 21.7378 4.48966 156.402
76.0994 34.9492 21.7798 4.49222 156.36
76.1994 34.9276 21.8218 4.49476 156.318
76.2994 34.906 21.8638 4.4973 156.276
76.3994 34.8843 21.9059 4.49982 156.233
76.4994 34.8626 21.948 4.50232 156.191
76.5994 34.8408 21.9901 4.50482 156.149
76.6994 34.8189 22.0322 4.5073 156.107
76.7994 34.797 22.0743 4.50977 156.065
76.8994 34.7751 22.1164 4.51223 156.023
76.9994 34.7531 22.1586 4.51467 155.981
77.0994 34.731 22.2008 4.51711 155.939
77.1994 34.7089 22.243 4.51952 155.896
77.2994 34.6868 22.2852 4.52193 155.854
77.3994 34.6646 22.3274 4.52432 155.812
77.4994 34.6423 22.3696 4.5267 155.77
77.5994 34.62 22.4119 4.52907 155.727
77.6994 34.5976 22.4542 4.53143 155.685
77.7994 34.5752 22.4965 4.53377 155.643
77.8994 34.5527 22.5388 4.5361 155.601
77.9994 34.5302 22.5811 4.53841 155.558
78.0994 34.5076 22.6234 4.54071 155.516
78.1994 34.485 22.6658 4.543 155.474
78.2994 34.4623 22.7082 4.54528 155.431
78.3994 34.4396 22.7506 4.54755 155.389
78.4994 34.4168 22.793 4.5498 155.346
78.5994 34.394 22.8354 4.55204 155.304
78.6994 34.3711 22.8778 4.55426 155.262
78.7994 34.3482 22.9202 4.55647 155.219
78.8994 34.3252 22.9627 4.55867 155.177
78.9994 34.3022 23.0052 4.56086 155.134
79.0994 34.2791 23.0477 4.56303 155.092
79.1994 34.256 23.0902 4.56519 155.049
79.2994 34.2328 23.1327 4.56734 155.007
79.3994 34.2096 23.1752 4.56948 154.964
79.4994 34.1864 23.2178 4.5716 154.922
79.5994 34.163 23.2603 4.5737 154.879
79.6994 34.1397 23.3029 4.5758 154.836
79.7994 34.1163 23.3455 4.57788 154.794
79.8994 34.0928 23.3881 4.57995 154.751
79.9994 34.0693 23.4307 4.58201 154.709
80.0993 34.0457 23.4733 4.58405 154.666
80.1993 34.0221 23.516 4.58608 154.623
80.2993 33.9985 23.5586 4.58809 154.581
80.3993 33.9748 23.6013 4.5901 154.538
80.4993 33.951 23.644 4.59209 154.495
80.5993 33.9272 23.6867 4.59406 154.453
80.6993 33.9034 23.7294 4.59603 154.41
80.7993 33.8795 23.7721 4.59798 154.367
80.8993 33.8556 23.8148 4.59992 154.325
80.9993 33.8316 23.8575 4.60184 154.282
81.0993 33.8076 23.9003 4.60375 154.239
81.1993 33.7835 23.943 4.60565 154.196
81.2993 33.7594 23.9858 4.60753 154.154
81.3993 33.7352 24.0286 4.6094 154.111
81.4993 33.711 24.0714 4.61126 154.068
81.5993 33.6867 24.1142 4.6131 154.025
81.6993 33.6624 24.157 4.61493 153.982
81.7993 33.6381 24.1999 4.61675 153.939
81.8993 33.6137 24.2427 4.61856 153.897
81.9993 33.5893 24.2856 4.62035 153.854
82.0993 33.5648 24.3284 4.62213 153.811
82.1993 33.5403 24.3713 4.62389 153.768
82.2993 33.5157 24.4142 4.62564 153.725
82.3993 33.4911 24.4571 4.62738 153.682
82.4993 33.4664 24.5 4.6291 153.639
82.5993 33.4417 24.5429 4.63081 153.596
82.6993 33.417 24.5858 4.63251 153.554
82.7993 33.3922 24.6287 4.63419 153.511
82.8993 33.3674 24.6717 4.63586 153.468
82.9993 33.3425 24.7146 4.63752 153.425
83.0993 33.3176 24.7576 4.63916 153.382
83.1993 33.2926 24.8005 4.64079 153.339
83.2993 33.2676 24.8435 4.64241 153.296
83.3993 33.2426 24.8865 4.64401 153.253
83.4993 33.2175 24.9295 4.6456 153.21
83.5993 33.1924 24.9725 4.64718 153.167
83.6993 33.1672 25.0155 4.64874 153.124
83.7993 33.142 25.0585 4.65029 153.081
83.8993 33.1167 25.1016 4.65183 153.038
83.9993 33.0914 25.1446 4.65335 152.995
84.0993 33.0661 25.1876 4.65486 152.952
84.1993 33.0407 25.2307 4.65635 152.909
84.2993 33.0153 25.2738 4.65783 152.866
84.3993 32.9898 25.3168 4.6593 152.823
84.4993 32.9643 25.3599 4.66076 152.779
84.5993 32.9388 25.403 4.6622 152.736
84.6993 32.9132 25.4461 4.66362 152.693
84.7993 32.8876 25.4892 4.66504 152.65
84.8993 32.8619 25.5323 4.66643 152.607
84.9993 32.8362 25.5754 4.66782 152.564
85.0993 32.8104 25.6185 4.66919 152.521
85.1993 32.7846 25.6616 4.67055 152.478
85.2993 32.7588 25.7047 4.6719 152.435
85.3993 32.7329 25.7479 4.67323 152.391
85.4993 32.707 25.791 4.67454 152.348
85.5993 32.6811 25.8342 4.67585 152.305
85.6993 32.6551 25.8773 4.67714 152.262
85.7993 32.6291 25.9205 4.67841 152.219
85.8993 32.603 25.9636 4.67968 152.176
85.9993 32.5769 26.0068 4.68093 152.133
86.0993 32.5507 26.05 4.68216 152.089
86.1993 32.5246 26.0932 4.68338 152.046
86.2993 32.4983 26.1363 4.68459 152.003
86.3993 32.4721 26.1795 4.68578 151.96
86.4993 32.4458 26.2227 4.68696 151.917
86.5993 32.4194 26.2659 4.68813 151.873
86.6992 32.3931 26.3091 4.68928 151.83
86.7992 32.3666 26.3523 4.69042 151.787
86.8992 32.3402 26.3956 4.69155 151.744
86.9992 32.3137 26.4388 4.69266 151.701
87.0992 32.2872 26.482 4.69375 151.657
87.1992 32.2606 26.5252 4.69484 151.614
87.2992 32.234 26.5684 4.69591 151.571
87.3992 32.2073 26.6117 4.69696 151.528
87.4992 32.1807 26.6549 4.698 151.484
87.5992 32.1539 26.6981 4.69903 151.441
87.6992 32.1272 26.7414 4.70004 151.398
87.7992 32.1004 26.7846 4.70104 151.355
87.8992 32.0736 26.8279 4.70203 151.311
87.9992 32.0467 26.8711 4.703 151.268
88.0992 32.0198 26.9144 4.70396 151.225
88.1992 31.9929 26.9576 4.7049 151.182
88.2992 31.9659 27.0009 4.70583 151.138
88.3992 31.9389 27.0442 4.70675 151.095
88.4992 31.9118 27.0874 4.70765 151.052
88.5992 31.8847 27.1307 4.70854 151.009
88.6992 31.8576 27.1739 4.70941 150.965
88.7992 31.8305 27.2172 4.71027 150.922
88.8992 31.8033 27.2605 4.71112 150.879
88.9992 31.776 27.3037 4.71195 150.836
89.0992 31.7488 27.347 4.71277 150.792
89.1992 31.7215 27.3903 4.71357 150.749
89.2992 31.6942 27.4336 4.71436 150.706
89.3992 31.6668 27.4768 4.71514 150.663
89.4992 31.6394 27.5201 4.7159 150.619
89.5992 31.6119 27.5634 4.71665 150.576
89.6992 31.5845 27.6067 4.71738 150.533
89.7992 31.557 27.6499 4.7181 150.489
89.8992 31.5294 27.6932 4.71881 150.446
89.9992 31.5018 27.7365 4.7195 150.403
90.0992 31.4742 27.7798 4.72017 150.36
90.1992 31.4466 27.8231 4.72084 150.316
90.2992 31.4189 27.8663 4.72149 150.273
90.3992 31.3912 27.9096 4.72212 150.23
90.4992 31.3635 27.9529 4.72274 150.186
90.5992 31.3357 27.9962 4.72335 150.143
90.6992 31.3079 28.0394 4.72394 150.1
90.7992 31.28 28.0827 4.72452 150.057
90.8992 31.2521 28.126 4.72508 150.013
90.9992 31.2242 28.1693 4.72563 149.97
91.0992 31.1963 28.2125 4.72617 149.927
91.1992 31.1683 28.2558 4.72669 149.884
91.2992 31.1403 28.2991 4.7272 149.84
91.3992 31.1122 28.3423 4.72769 149.797
91.4992 31.0841 28.3856 4.72817 149.754
91.5992 31.056 28.4288 4.72863 149.71
91.6992 31.0279 28.4721 4.72908 149.667
91.7992 30.9997 28.5154 4.72952 149.624
91.8992 30.9715 28.5586 4.72994 149.581
91.9992 30.9432 28.6019 4.73035 149.537
92.0992 30.915 28.6451 4.73074 149.494
92.1992 30.8866 28.6884 4.73112 149.451
92.2992 30.8583 28.7316 4.73149 149.408
92.3992 30.8299 28.7749 4.73184 149.364
92.4992 30.8015 28.8181 4.73217 149.321
92.5992 30.7731 28.8613 4.7325 149.278
92.6992 30.7446 28.9046 4.7328 149.235
92.7992 30.7161 28.9478 4.7331 149.192
92.8992 30.6876 28.991 4.73338 149.148
92.9992 30.659 29.0342 4.73364 149.105
93.0992 30.6304 29.0774 4.73389 149.062
93.1992 30.6018 29.1207 4.73413 149.019
93.2991 30.5732 29.1639 4.73435 148.975
93.3991 30.5445 29.2071 4.73455 148.932
93.4991 30.5158 29.2503 4.73475 148.889
93.5991 30.487 29.2935 4.73493 148.846
93.6991 30.4582 29.3366 4.73509 148.803
93.7991 30.4294 29.3798 4.73524 148.76
93.8991 30.4006 29.423 4.73538 148.716
93.9991 30.3717 29.4662 4.7355 148.673
94.0991 30.3428 29.5094 4.7356 148.63
94.1991 30.3139 29.5525 4.73569 148.587
94.2991 30.2849 29.5957 4.73577 148.544
94.3991 30.2559 29.6388 4.73584 148.501
94.4991 30.2269 29.682 4.73588 148.457
94.5991 30.1978 29.7251 4.73592 148.414
94.6991 30.1688 29.7683 4.73594 148.371
94.7991 30.1396 29.8114 4.73594 148.328
94.8991 30.1105 29.8545 4.73593 148.285
94.9991 30.0813 29.8976 4.73591 148.242
95.0991 30.0521 29.9407 4.73587 148.199
95.1991 30.0229 29.9838 4.73582 148.156
95.2991 29.9937 30.0269 4.73575 148.112
95.3991 29.9644 30.07 4.73567 148.069
95.4991 29.935 30.1131 4.73558 148.026
95.5991 29.9057 30.1562 4.73547 147.983
95.6991 29.8763 30.1992 4.73534 147.94
95.7991 29.8469 30.2423 4.7352 147.897
95.8991 29.8175 30.2854 4.73505 147.854
95.9991 29.788 30.3284 4.73488 147.811
96.0991 29.7585 30.3714 4.73469 147.768
96.1991 29.729 30.4145 4.7345 147.725
96.2991 29.6995 30.4575 4.73429 147.682
96.3991 29.6699 30.5005 4.73406 147.639
96.4991 29.6403 30.5435 4.73382 147.596
96.5991 29.6107 30.5865 4.73356 147.553
96.6991 29.581 30.6295 4.73329 147.51
96.7991 29.5513 30.6725 4.73301 147.467
96.8991 29.5216 30.7154 4.73271 147.424
96.9991 29.4919 30.7584 4.73239 147.381
97.0991 29.4621 30.8013 4.73206 147.338
97.1991 29.4323 30.8443 4.73172 147.295
97.2991 29.4025 30.8872 4.73136 147.252
97.3991 29.3726 30.9301 4.73099 147.209
97.4991 29.3428 30.973 4.7306 147.166
97.5991 29.3129 31.0159 4.7302 147.123
97.6991 29.2829 31.0588 4.72978 147.081
97.7991 29.253 31.1017 4.72935 147.038
97.8991 29.223 31.1446 4.72891 146.995
97.9991 29.193 31.1875 4.72845 146.952
98.0991 29.1629 31.2303 4.72797 146.909
98.1991 29.1329 31.2731 4.72748 146.866
98.2991 29.1028 31.316 4.72698 146.823
98.3991 29.0726 31.3588 4.72646 146.781
98.4991 29.0425 31.4016 4.72593 146.738
98.5991 29.0123 31.4444 4.72538 146.695
98.6991 28.9821 31.4872 4.72481 146.652
98.7991 28.9519 31.53 4.72424 146.609
98.8991 28.9216 31.5727 4.72364 146.567
98.9991 28.8914 31.6155 4.72304 146.524
99.0991 28.8611 31.6582 4.72242 146.481
99.1991 28.8307 31.7009 4.72178 146.438
99.2991 28.8004 31.7437 4.72113 146.396
99.3991 28.77 31.7864 4.72046 146.353
99.4991 28.7396 31.829 4.71978 146.31
99.5991 28.7091 31.8717 4.71909 146.268
99.6991 28.6787 31.9144 4.71838 146.225
99.799 28.6482 31.957 4.71765 146.182
99.899 28.6177 31.9997 4.71691 146.14
99.999 28.5872 32.0423 4.71616 146.097
100.099 28.5566 32.0849 4.71539 146.054
100.199 28.526 32.1275 4.71461 146.012
100.299 28.4954 32.1701 4.71381 145.969
100.399 28.4648 32.2127 4.71299 145.927
100.499 28.4341 32.2552 4.71217 145.884
100.599 28.4034 32.2978 4.71132 145.842
100.699 28.3727 32.3403 4.71047 145.799
100.799 28.342 32.3828 4.70959 145.757
100.899 28.3112 32.4253 4.70871 145.714
100.999 28.2804 32.4678 4.70781 145.672
101.099 28.2496 32.5103 4.70689 145.629
101.199 28.2188 32.5528 4.70596 145.587
101.299 28.1879 32.5952 4.70501 145.544
101.399 28.157 32.6376 4.70405 145.502
101.499 28.1261 32.6801 4.70308 145.459
101.599 28.0952 32.7225 4.70209 145.417
101.699 28.0643 32.7648 4.70108 145.375
101.799 28.0333 32.8072 4.70006 145.332
101.899 28.0023 32.8496 4.69903 145.29
101.999 27.9713 32.8919 4.69798 145.247
102.099 27.9402 32.9342 4.69691 145.205
102.199 27.9091 32.9765 4.69583 145.163
102.299 27.878 33.0188 4.69474 145.121
102.399 27.8469 33.0611 4.69363 145.078
102.499 27.8158 33.1034 4.69251 145.036
102.599 27.7846 33.1456 4.69137 144.994
102.699 27.7534 33.1878 4.69022 144.952
102.799 27.7222 33.2301 4.68905 144.909
102.899 27.691 33.2722 4.68786 144.867
102.999 27.6597 33.3144 4.68667 144.825
103.099 27.6284 33.3566 4.68545 144.783
103.199 27.5971 33.3987 4.68423 144.741
103.299 27.5658 33.4408 4.68298 144.698
103.399 27.5344 33.483 4.68173 144.656
103.499 27.5031 33.525 4.68046 144.614
103.599 27.4717 33.5671 4.67917 144.572
103.699 27.4402 33.6092 4.67787 144.53
103.799 27.4088 33.6512 4.67655 144.488
103.899 27.3773 33.6932 4.67522 144.446
103.999 27.3458 33.7352 4.67387 144.404
104.099 27.3143 33.7772 4.67251 144.362
104.199 27.2828 33.8192 4.67114 144.32
104.299 27.2513 33.8611 4.66975 144.278
104.399 27.2197 33.9031 4.66834 144.236
104.499 27.1881 33.945 4.66692 144.194
104.599 27.1565 33.9869 4.66548 144.152
104.699 27.1248 34.0287 4.66403 144.111
104.799 27.0931 34.0706 4.66257 144.069
104.899 27.0615 34.1124 4.66109 144.027
104.999 27.0298 34.1542 4.65959 143.985
105.099 26.998 34.196 4.65808 143.943
105.199 26.9663 34.2378 4.65656 143.902
105.299 26.9345 34.2795 4.65502 143.86
105.399 26.9027 34.3213 4.65347 143.818
105.499 26.8709 34.363 4.6519 143.776
105.599 26.8391 34.4047 4.65031 143.735
105.699 26.8072 34.4464 4.64871 143.693
105.799 26.7753 34.488 4.6471 143.651
105.899 26.7434 34.5296 4.64547 143.61
105.999 26.7115 34.5712 4.64383 143.568
106.099 26.6795 34.6128 4.64217 143.527
106.199 26.6476 34.6544 4.64049 143.485
106.299 26.6156 34.696 4.6388 143.443
106.399 26.5836 34.7375 4.6371 143.402
106.499 26.5516 34.779 4.63538 143.36
106.599 26.5195 34.8205 4.63365 143.319
106.699 26.4874 34.8619 4.6319 143.277
106.799 26.4554 34.9034 4.63014 143.236
106.899 26.4232 34.9448 4.62836 143.195
106.999 26.3911 34.9862 4.62657 143.153
107.099 26.359 35.0276 4.62476 143.112
107.199 26.3268 35.0689 4.62294 143.07
107.299 26.2946 35.1103 4.6211 143.029
107.399 26.2624 35.1516 4.61925 142.988
107.499 26.2302 35.1929 4.61738 142.946
107.599 26.1979 35.2341 4.6155 142.905
107.699 26.1656 35.2754 4.6136 142.864
107.799 26.1333 35.3166 4.61169 142.823
107.899 26.101 35.3578 4.60976 142.782
107.999 26.0687 35.3989 4.60782 142.74
108.099 26.0363 35.4401 4.60586 142.699
108.199 26.004 35.4812 4.60389 142.658
108.299 25.9716 35.5223 4.60191 142.617
108.399 25.9392 35.5634 4.5999 142.576
108.499 25.9067 35.6044 4.59789 142.535
108.599 25.8743 35.6455 4.59586 142.494
108.699 25.8418 35.6865 4.59381 142.453
108.799 25.8093 35.7275 4.59175 142.412
108.899 25.7768 35.7684 4.58967 142.371
108.999 25.7443 35.8093 4.58758 142.33
109.099 25.7117 35.8503 4.58548 142.289
109.199 25.6792 35.8911 4.58335 142.248
109.299 25.6466 35.932 4.58122 142.207
109.399 25.614 35.9728 4.57907 142.167
109.499 25.5814 36.0136 4.5769 142.126
109.599 25.5487 36.0544 4.57472 142.085
109.699 25.516 36.0952 4.57253 142.044
109.799 25.4834 36.1359 4.57032 142.003
109.899 25.4507 36.1766 4.56809 141.963
109.999 25.4179 36.2173 4.56585 141.922
110.099 25.3852 36.2579 4.5636 141.881
110.199 25.3525 36.2986 4.56133 141.841
110.299 25.3197 36.3392 4.55904 141.8
110.399 25.2869 36.3798 4.55674 141.76
110.499 25.2541 36.4203 4.55443 141.719
110.599 25.2212 36.4608 4.5521 141.679
110.699 25.1884 36.5013 4.54975 141.638
110.799 25.1555 36.5418 4.54739 141.598
110.899 25.1226 36.5822 4.54502 141.557
110.999 25.0897 36.6227 4.54263 141.517
111.099 25.0568 36.663 4.54023 141.476
111.199 25.0239 36.7034 4.53781 141.436
111.299 24.9909 36.7437 4.53537 141.396
111.399 24.9579 36.7841 4.53293 141.355
111.499 24.9249 36.8243 4.53046 141.315
111.599 24.8919 36.8646 4.52798 141.275
111.699 24.8589 36.9048 4.52549 141.235
111.799 24.8259 36.945 4.52298 141.194
111.899 24.7928 36.9852 4.52046 141.154
111.999 24.7597 37.0253 4.51792 141.114
112.099 24.7266 37.0654 4.51537 141.074
112.199 24.6935 37.1055 4.5128 141.034
112.299 24.6604 37.1456 4.51022 140.994
112.399 24.6272 37.1856 4.50762 140.954
112.499 24.594 37.2256 4.50501 140.914
112.599 24.5608 37.2656 4.50238 140.874
112.699 24.5276 37.3055 4.49974 140.834
112.799 24.4944 37.3454 4.49708 140.794
112.899 24.4612 37.3853 4.49441 140.754
112.999 24.4279 37.4251 4.49173 140.714
113.099 24.3946 37.465 4.48902 140.674
113.199 24.3613 37.5048 4.48631 140.635
113.299 24.328 37.5445 4.48358 140.595
113.399 24.2947 37.5843 4.48083 140.555
113.499 24.2614 37.624 4.47807 140.515
113.599 24.228 37.6636 4.47529 140.476
113.699 24.1946 37.7033 4.4725 140.436
113.799 24.1612 37.7429 4.4697 140.396
113.899 24.1278 37.7825 4.46688 140.357
113.999 24.0944 37.822 4.46404 140.317
114.099 24.061 37.8615 4.46119 140.278
114.199 24.0275 37.901 4.45833 140.238
114.299 23.994 37.9405 4.45545 140.199
114.399 23.9605 37.9799 4.45256 140.159
114.499 23.927 38.0193 4.44965 140.12
114.599 23.8935 38.0587 4.44672 140.081
114.699 23.8599 38.098 4.44378 140.041
114.799 23.8264 38.1373 4.44083 140.002
114.899 23.7928 38.1766 4.43786 139.963
114.999 23.7592 38.2158 4.43488 139.924
115.099 23.7256 38.255 4.43188 139.884
115.199 23.692 38.2942 4.42887 139.845
115.299 23.6584 38.3334 4.42584 139.806
115.399 23.6247 38.3725 4.4228 139.767
115.499 23.591 38.4115 4.41974 139.728
115.599 23.5573 38.4506 4.41667 139.689
115.699 23.5236 38.4896 4.41358 139.65
115.799 23.4899 38.5286 4.41048 139.611
115.899 23.4562 38.5675 4.40737 139.572
115.999 23.4224 38.6064 4.40424 139.533
116.099 23.3887 38.6453 4.40109 139.494
116.199 23.3549 38.6842 4.39793 139.455
116.299 23.3211 38.723 4.39476 139.416
116.399 23.2873 38.7618 4.39157 139.378
116.499 23.2534 38.8005 4.38836 139.339
116.599 23.2196 38.8392 4.38514 139.3
116.699 23.1857 38.8779 4.38191 139.261
116.799 23.1519 38.9166 4.37866 139.223
116.899 23.118 38.9552 4.3754 139.184
116.999 23.0841 38.9937 4.37212 139.146
117.099 23.0501 39.0323 4.36883 139.107
117.199 23.0162 39.0708 4.36552 139.069
117.299 22.9823 39.1093 4.3622 139.03
117.399 22.9483 39.1477 4.35886 138.992
117.499 22.9143 39.1861 4.35551 138.953
117.599 22.8803 39.2245 4.35214 138.915
117.699 22.8463 39.2628 4.34876 138.877
117.799 22.8123 39.3011 4.34537 138.838
117.899 22.7782 39.3394 4.34196 138.8
117.999 22.7442 39.3776 4.33853 138.762
118.099 22.7101 39.4158 4.33509 138.724
118.199 22.676 39.454 4.33164 138.685
118.299 22.6419 39.4921 4.32817 138.647
118.399 22.6078 39.5302 4.32468 138.609
118.499 22.5737 39.5682 4.32119 138.571
118.599 22.5395 39.6063 4.31767 138.533
118.699 22.5054 39.6442 4.31415 138.495
118.799 22.4712 39.6822 4.3106 138.457
118.899 22.437 39.7201 4.30705 138.419
118.999 22.4028 39.758 4.30348 138.381
119.099 22.3686 39.7958 4.29989 138.344
119.199 22.3344 39.8336 4.29629 138.306
119.299 22.3001 39.8713 4.29268 138.268
119.399 22.2659 39.9091 4.28905 138.23
119.499 22.2316 39.9467 4.2854 138.193
119.599 22.1973 39.9844 4.28174 138.155
119.699 22.163 40.022 4.27807 138.117
119.799 22.1287 40.0596 4.27438 138.08
119.899 22.0943 40.0971 4.27068 138.042
119.999 22.06 40.1346 4.26696 138.005
120.099 22.0256 40.1721 4.26323 137.967
120.199 21.9913 40.2095 4.25949 137.93
120.299 21.9569 40.2469 4.25573 137.892
120.399 21.9225 40.2842 4.25195 137.855
120.499 21.8881 40.3215 4.24816 137.818
120.599 21.8536 40.3588 4.24436 137.781
120.699 21.8192 40.396 4.24054 137.743
120.799 21.7847 40.4332 4.23671 137.706
120.899 21.7503 40.4704 4.23286 137.669
120.999 21.7158 40.5075 4.229 137.632
121.099 21.6813 40.5446 4.22512 137.595
121.199 21.6468 40.5816 4.22123 137.558
121.299 21.6123 40.6186 4.21733 137.521
121.399 21.5777 40.6556 4.21341 137.484
121.499 21.5432 40.6925 4.20947 137.447
121.599 21.5086 40.7294 4.20553 137.41
121.699 21.474 40.7662 4.20156 137.373
121.799 21.4394 40.803 4.19759 137.336
121.899 21.4048 40.8398 4.19359 137.3
121.999 21.3702 40.8765 4.18959 137.263
122.099 21.3356 40.9132 4.18557 137.226
122.199 21.301 40.9498 4.18153 137.19
122.299 21.2663 40.9864 4.17748 137.153
122.399 21.2316 41.023 4.17342 137.116
122.499 21.1969 41.0595 4.16934 137.08
122.599 21.1623 41.096 4.16525 137.043
122.699 21.1275 41.1324 4.16114 137.007
122.799 21.0928 41.1688 4.15702 136.971
122.899 21.0581 41.2052 4.15289 136.934
122.999 21.0233 41.2415 4.14874 136.898
123.099 20.9886 41.2778 4.14457 136.862
123.199 20.9538 41.314 4.1404 136.825
123.299 20.919 41.3502 4.1362 136.789
123.399 20.8842 41.3864 4.132 136.753
123.499 20.8494 41.4225 4.12778 136.717
123.599 20.8146 41.4585 4.12354 136.681
123.699 20.7798 41.4946 4.11929 136.645
123.799 20.7449 41.5306 4.11503 136.609
123.899 20.7101 41.5665 4.11075 136.573
123.999 20.6752 41.6024 4.10646 136.537
124.099 20.6403 41.6383 4.10215 136.501
124.199 20.6054 41.6741 4.09783 136.465
124.299 20.5705 41.7098 4.0935 136.43
124.399 20.5356 41.7456 4.08915 136.394
124.499 20.5006 41.7813 4.08479 136.358
124.599 20.4657 41.8169 4.08041 136.322
124.699 20.4307 41.8525 4.07602 136.287
124.799 20.3958 41.8881 4.07161 136.251
124.899 20.3608 41.9236 4.06719 136.216
124.999 20.3258 41.9591 4.06276 136.18
125.099 20.2908 41.9945 4.05831 136.145
125.199 20.2558 42.0299 4.05385 136.109
125.299 20.2207 42.0652 4.04937 136.074
125.399 20.1857 42.1005 4.04488 136.039
125.499 20.1506 42.1358 4.04038 136.004
125.599 20.1156 42.171 4.03586 135.968
125.699 20.0805 42.2061 4.03133 135.933
125.799 20.0454 42.2413 4.02678 135.898
125.899 20.0103 42.2763 4.02222 135.863
125.999 19.9752 42.3114 4.01765 135.828
126.099 19.9401 42.3464 4.01306 135.793
126.199 19.9049 42.3813 4.00845 135.758
126.299 19.8698 42.4162 4.00384 135.723
126.399 19.8346 42.4511 3.99921 135.688
126.499 19.7994 42.4859 3.99456 135.653
126.599 19.7643 42.5207 3.98991 135.619
126.699 19.7291 42.5554 3.98523 135.584
126.799 19.6939 42.5901 3.98055 135.549
126.899 19.6586 42.6247 3.97585 135.515
126.999 19.6234 42.6593 3.97113 135.48
127.099 19.5882 42.6938 3.9664 135.446
127.199 19.5529 42.7283 3.96166 135.411
127.299 19.5177 42.7628 3.95691 135.377
127.399 19.4824 42.7972 3.95214 135.342
127.499 19.4471 42.8315 3.94735 135.308
127.599 19.4118 42.8658 3.94256 135.274
127.699 19.3765 42.9001 3.93774 135.239
127.799 19.3412 42.9343 3.93292 135.205
127.899 19.3058 42.9685 3.92808 135.171
127.999 19.2705 43.0026 3.92323 135.137
128.099 19.2352 43.0367 3.91836 135.103
128.199 19.1998 43.0707 3.91348 135.069
128.299 19.1644 43.1047 3.90859 135.035
128.399 19.129 43.1387 3.90368 135.001
128.499 19.0936 43.1726 3.89876 134.967
128.599 19.0582 43.2064 3.89382 134.933
128.699 19.0228 43.2402 3.88887 134.899
128.799 18.9874 43.274 3.88391 134.865
128.899 18.9519 43.3077 3.87893 134.832
128.999 18.9165 43.3413 3.87394 134.798
129.099 18.881 43.3749 3.86894 134.764
129.199 18.8455 43.4085 3.86392 134.731
129.299 18.81 43.442 3.85889 134.697
129.399 18.7746 43.4755 3.85384 134.664
129.499 18.739 43.5089 3.84878 134.63
129.599 18.7035 43.5423 3.84371 134.597
129.699 18.668 43.5756 3.83863 134.564
129.799 18.6325 43.6089 3.83353 134.53
129.899 18.5969 43.6421 3.82841 134.497
129.999 18.5614 43.6753 3.82329 134.464
130.099 18.5258 43.7084 3.81815 134.431
130.199 18.4902 43.7415 3.81299 134.398
130.299 18.4546 43.7745 3.80783 134.365
130.399 18.419 43.8075 3.80265 134.332
130.499 18.3834 43.8405 3.79745 134.299
130.599 18.3478 43.8734 3.79224 134.266
130.699 18.3122 43.9062 3.78702 134.233
130.799 18.2765 43.939 3.78179 134.2
130.899 18.2409 43.9717 3.77654 134.168
130.999 18.2052 44.0044 3.77128 134.135
131.099 18.1696 44.0371 3.76601 134.102
131.199 18.1339 44.0696 3.76072 134.07
131.299 18.0982 44.1022 3.75542 134.037
131.399 18.0625 44.1347 3.7501 134.005
131.499 18.0268 44.1671 3.74477 133.972
131.599 17.9911 44.1995 3.73943 133.94
131.699 17.9553 44.2318 3.73408 133.907
131.799 17.9196 44.2641 3.72871 133.875
131.899 17.8838 44.2964 3.72333 133.843
131.999 17.8481 44.3286 3.71793 133.811
132.099 17.8123 44.3607 3.71252 133.779
132.199 17.7765 44.3928 3.7071 133.747
132.299 17.7407 44.4248 3.70167 133.715
132.399 17.7049 44.4568 3.69622 133.683
132.499 17.6691 44.4888 3.69076 133.651
132.599 17.6333 44.5206 3.68528 133.619
132.699 17.5975 44.5525 3.6798 133.587
132.799 17.5617 44.5843 3.6743 133.555
132.899 17.5258 44.616 3.66878 133.523
132.999 17.49 44.6477 3.66326 133.492
133.099 17.4541 44.6793 3.65772 133.46
133.199 17.4182 44.7109 3.65216 133.428
133.299 17.3823 44.7424 3.6466 133.397
133.399 17.3464 44.7739 3.64102 133.365
133.499 17.3105 44.8053 3.63542 133.334
133.599 17.2746 44.8367 3.62982 133.303
133.699 17.2387 44.868 3.6242 133.271
133.799 17.2028 44.8992 3.61857 133.24
133.899 17.1668 44.9305 3.61293 133.209
133.999 17.1309 44.9616 3.60727 133.178
134.099 17.0949 44.9927 3.6016 133.147
134.199 17.059 45.0238 3.59591 133.116
134.299 17.023 45.0548 3.59022 133.085
134.399 16.987 45.0857 3.58451 133.054
134.499 16.951 45.1166 3.57879 133.023
134.599 16.915 45.1475 3.57305 132.992
134.699 16.879 45.1783 3.5673 132.961
134.799 16.843 45.209 3.56154 132.93
134.899 16.8069 45.2397 3.55577 132.9
134.999 16.7709 45.2703 3.54998 132.869
135.099 16.7349 45.3009 3.54418 132.838
135.199 16.6988 45.3314 3.53837 132.808
135.299 16.6627 45.3619 3.53255 132.777
135.399 16.6267 45.3923 3.52671 132.747
135.499 16.5906 45.4227 3.52086 132.717
135.599 16.5545 45.453 3.515 132.686
135.699 16.5184 45.4832 3.50912 132.656
135.799 16.4823 45.5134 3.50323 132.626
135.899 16.4462 45.5436 3.49733 132.596
135.999 16.41 45.5737 3.49142 132.566
136.099 16.3739 45.6037 3.48549 132.536
136.199 16.3377 45.6337 3.47955 132.506
136.299 16.3016 45.6636 3.4736 132.476
136.399 16.2654 45.6935 3.46764 132.446
136.499 16.2293 45.7233 3.46166 132.416
136.599 16.1931 45.7531 3.45567 132.386
136.699 16.1569 45.7828 3.44967 132.357
136.799 16.1207 45.8125 3.44366 132.327
136.899 16.0845 45.8421 3.43763 132.297
136.999 16.0483 45.8716 3.43159 132.268
137.099 16.0121 45.9011 3.42554 132.238
137.199 15.9758 45.9305 3.41948 132.209
137.299 15.9396 45.9599 3.4134 132.179
137.399 15.9034 45.9892 3.40731 132.15
137.499 15.8671 46.0185 3.40121 132.121
137.599 15.8309 46.0477 3.3951 132.092
137.699 15.7946 46.0769 3.38897 132.062
137.799 15.7583 46.106 3.38283 132.033
137.899 15.722 46.135 3.37668 132.004
137.999 15.6857 46.164 3.37052 131.975
138.099 15.6494 46.1929 3.36434 131.946
138.199 15.6131 46.2218 3.35815 131.918
138.299 15.5768 46.2506 3.35195 131.889
138.399 15.5405 46.2794 3.34574 131.86
138.499 15.5041 46.3081 3.33952 131.831
138.599 15.4678 46.3368 3.33328 131.803
138.699 15.4315 46.3653 3.32703 131.774
138.799 15.3951 46.3939 3.32077 131.745
138.899 15.3587 46.4224 3.3145 131.717
138.999 15.3224 46.4508 3.30821 131.689
139.099 15.286 46.4792 3.30192 131.66
139.199 15.2496 46.5075 3.29561 131.632
139.299 15.2132 46.5357 3.28929 131.604
139.399 15.1768 46.5639 3.28295 131.575
139.499 15.1404 46.5921 3.27661 131.547
139.599 15.104 46.6201 3.27025 131.519
139.699 15.0675 46.6482 3.26388 131.491
139.799 15.0311 46.6761 3.2575 131.463
139.899 14.9947 46.704 3.25111 131.435
139.999 14.9582 46.7319 3.2447 131.407
140.099 14.9217 46.7597 3.23829 131.38
140.199 14.8853 46.7874 3.23186 131.352
140.299 14.8488 46.8151 3.22542 131.324
140.399 14.8123 46.8427 3.21896 131.297
140.499 14.7758 46.8703 3.2125 131.269
140.599 14.7393 46.8978 3.20602 131.242
140.699 14.7028 46.9252 3.19954 131.214
140.799 14.6663 46.9526 3.19304 131.187
140.899 14.6298 46.9799 3.18652 131.159
140.999 14.5933 47.0072 3.18 131.132
141.099 14.5568 47.0344 3.17347 131.105
141.199 14.5202 47.0615 3.16692 131.078
141.299 14.4837 47.0886 3.16036 131.051
141.399 14.4471 47.1157 3.15379 131.024
141.499 14.4106 47.1426 3.14721 130.997
141.599 14.374 47.1695 3.14062 130.97
141.699 14.3374 47.1964 3.13401 130.943
141.799 14.3008 47.2232 3.1274 130.916
141.899 14.2643 47.2499 3.12077 130.889
141.999 14.2277 47.2766 3.11413 130.863
142.099 14.1911 47.3032 3.10748 130.836
142.199 14.1544 47.3298 3.10082 130.81
142.299 14.1178 47.3563 3.09414 130.783
142.399 14.0812 47.3827 3.08746 130.757
142.499 14.0446 47.4091 3.08076 130.73
142.6 14.0079 47.4354 3.07405 130.704
142.7 13.9713 47.4617 3.06733 130.678
142.8 13.9346 47.4879 3.0606 130.651
142.9 13.898 47.514 3.05386 130.625
143 13.8613 47.5401 3.04711 130.599
143.1 13.8246 47.5661 3.04034 130.573
143.2 13.788 47.5921 3.03357 130.547
143.3 13.7513 47.6179 3.02678 130.521
143.4 13.7146 47.6438 3.01998 130.496
143.5 13.6779 47.6696 3.01317 130.47
143.6 13.6412 47.6953 3.00635 130.444
143.7 13.6045 47.7209 2.99952 130.418
143.8 13.5677 47.7465 2.99268 130.393
143.9 13.531 47.7721 2.98582 130.367
144 13.4943 47.7975 2.97896 130.342
144.1 13.4575 47.8229 2.97208 130.316
144.2 13.4208 47.8483 2.96519 130.291
144.3 13.384 47.8736 2.9583 130.266
144.4 13.3473 47.8988 2.95139 130.241
144.5 13.3105 47.924 2.94447 130.215
144.6 13.2737 47.9491 2.93754 130.19
144.7 13.237 47.9741 2.93059 130.165
144.8 13.2002 47.9991 2.92364 130.14
144.9 13.1634 48.024 2.91668 130.115
145 13.1266 48.0489 2.9097 130.09
145.1 13.0898 48.0736 2.90272 130.066
145.2 13.053 48.0984 2.89572 130.041
145.3 13.0162 48.123 2.88871 130.016
145.4 12.9793 48.1477 2.8817 129.992
145.5 12.9425 48.1722 2.87467 129.967
145.6 12.9057 48.1967 2.86763 129.943
145.7 12.8688 48.2211 2.86058 129.918
145.8 12.832 48.2455 2.85352 129.894
145.9 12.7951 48.2698 2.84644 129.87
146 12.7583 48.294 2.83936 129.845
146.1 12.7214 48.3182 2.83227 129.821
146.2 12.6845 48.3423 2.82517 129.797
146.3 12.6477 48.3663 2.81805 129.773
146.4 12.6108 48.3903 2.81093 129.749
146.5 12.5739 48.4142 2.80379 129.725
146.6 12.537 48.4381 2.79665 129.701
146.7 12.5001 48.4619 2.78949 129.677
146.8 12.4632 48.4856 2.78233 129.654
146.9 12.4263 48.5093 2.77515 129.63
147 12.3893 48.5329 2.76796 129.606
147.1 12.3524 48.5564 2.76077 129.583
147.2 12.3155 48.5799 2.75356 129.559
147.3 12.2785 48.6033 2.74634 129.536
147.4 12.2416 48.6267 2.73911 129.513
147.5 12.2046 48.6499 2.73187 129.489
147.6 12.1677 48.6732 2.72462 129.466
147.7 12.1307 48.6963 2.71737 129.443
147.8 12.0938 48.7194 2.7101 129.42
147.9 12.0568 48.7425 2.70282 129.397
148 12.0198 48.7654 2.69553 129.374
148.1 11.9828 48.7883 2.68823 129.351
148.2 11.9458 48.8112 2.68092 129.328
148.3 11.9088 48.8339 2.6736 129.305
148.4 11.8718 48.8567 2.66627 129.283
148.5 11.8348 48.8793 2.65893 129.26
148.6 11.7978 48.9019 2.65158 129.237
148.7 11.7608 48.9244 2.64422 129.215
148.8 11.7238 48.9468 2.63685 129.192
148.9 11.6868 48.9692 2.62947 129.17
149 11.6497 48.9916 2.62208 129.148
149.1 11.6127 49.0138 2.61468 129.126
149.2 11.5756 49.036 2.60727 129.103
149.3 11.5386 49.0581 2.59985 129.081
149.4 11.5015 49.0802 2.59242 129.059
149.5 11.4645 49.1022 2.58498 129.037
149.6 11.4274 49.1241 2.57753 129.015
149.7 11.3903 49.146 2.57008 128.993
149.8 11.3532 49.1678 2.56261 128.972
149.9 11.3162 49.1896 2.55513 128.95
150 11.2791 49.2112 2.54764 128.928
150.1 11.242 49.2328 2.54015 128.907
150.2 11.2049 49.2544 2.53264 128.885
150.3 11.1678 49.2759 2.52512 128.863
150.4 11.1307 49.2973 2.5176 128.842
150.5 11.0936 49.3186 2.51006 128.821
150.6 11.0564 49.3399 2.50252 128.799
150.7 11.0193 49.3611 2.49496 128.778
150.8 10.9822 49.3822 2.4874 128.757
150.9 10.945 49.4033 2.47983 128.736
151 10.9079 49.4243 2.47224 128.715
151.1 10.8708 49.4453 2.46465 128.694
151.2 10.8336 49.4662 2.45705 128.673
151.3 10.7965 49.487 2.44944 128.652
151.4 10.7593 49.5077 2.44182 128.632
151.5 10.7221 49.5284 2.43419 128.611
151.6 10.685 49.5491 2.42655 128.59
151.7 10.6478 49.5696 2.41891 128.57
151.8 10.6106 49.5901 2.41125 128.549
151.9 10.5734 49.6105 2.40359 128.529
152 10.5362 49.6309 2.39591 128.508
152.1 10.499 49.6511 2.38823 128.488
152.2 10.4618 49.6714 2.38053 128.468
152.3 10.4246 49.6915 2.37283 128.448
152.4 10.3874 49.7116 2.36512 128.428
152.5 10.3502 49.7316 2.3574 128.408
152.6 10.313 49.7516 2.34967 128.388
152.7 10.2758 49.7715 2.34193 128.368
152.8 10.2385 49.7913 2.33419 128.348
152.9 10.2013 49.811 2.32643 128.328
153 10.1641 49.8307 2.31867 128.309
153.1 10.1268 49.8503 2.3109 128.289
153.2 10.0896 49.8699 2.30311 128.269
153.3 10.0523 49.8893 2.29532 128.25
153.4 10.0151 49.9088 2.28752 128.231
153.5 9.9778 49.9281 2.27971 128.211
153.6 9.94054 49.9474 2.2719 128.192
153.7 9.90327 49.9666 2.26407 128.173
153.8 9.86599 49.9857 2.25624 128.154
153.9 9.82872 50.0048 2.2484 128.135
154 9.79143 50.0238 2.24054 128.116
154.1 9.75414 50.0428 2.23268 128.097
154.2 9.71685 50.0616 2.22482 128.078
154.3 9.67956 50.0804 2.21694 128.059
154.4 9.64225 50.0992 2.20905 128.04
154.5 9.60495 50.1178 2.20116 128.022
154.6 9.56764 50.1364 2.19326 128.003
154.7 9.53033 50.155 2.18535 127.984
154.8 9.49301 50.1734 2.17743 127.966
154.9 9.45568 50.1918 2.1695 127.948
155 9.41836 50.2101 2.16157 127.929
155.1 9.38103 50.2284 2.15362 127.911
155.2 9.34369 50.2466 2.14567 127.893
155.3 9.30635 50.2647 2.13771 127.875
155.4 9.26901 50.2828 2.12974 127.857
155.5 9.23166 50.3007 2.12177 127.839
155.6 9.19431 50.3187 2.11378 127.821
155.7 9.15695 50.3365 2.10579 127.803
155.8 9.11959 50.3543 2.09779 127.785
155.9 9.08222 50.372 2.08978 127.767
156 9.04485 50.3896 2.08176 127.75
156.1 9.00748 50.4072 2.07374 127.732
156.2 8.9701 50.4247 2.0657 127.715
156.3 8.93272 50.4421 2.05766 127.697
156.4 8.89534 50.4595 2.04962 127.68
156.5 8.85795 50.4768 2.04156 127.663
156.6 8.82056 50.494 2.0335 127.645
156.7 8.78316 50.5112 2.02542 127.628
156.8 8.74576 50.5282 2.01734 127.611
156.9 8.70835 50.5453 2.00926 127.594
157 8.67094 50.5622 2.00116 127.577
157.1 8.63353 50.5791 1.99306 127.56
157.2 8.59611 50.5959 1.98495 127.543
157.3 8.55869 50.6126 1.97683 127.527
157.4 8.52127 50.6293 1.9687 127.51
157.5 8.48384 50.6459 1.96057 127.493
157.6 8.44641 50.6624 1.95243 127.477
157.7 8.40897 50.6789 1.94428 127.46
157.8 8.37153 50.6953 1.93613 127.444
157.9 8.33409 50.7116 1.92796 127.428
158 8.29664 50.7278 1.91979 127.412
158.1 8.25919 50.744 1.91161 127.395
158.2 8.22174 50.7601 1.90343 127.379
158.3 8.18428 50.7761 1.89524 127.363
158.4 8.14682 50.7921 1.88704 127.347
158.5 8.10935 50.808 1.87883 127.331
158.6 8.07188 50.8238 1.87062 127.316
158.7 8.03441 50.8396 1.86239 127.3
158.8 7.99694 50.8553 1.85416 127.284
158.9 7.95946 50.8709 1.84593 127.268
159.001 7.92197 50.8864 1.83769 127.253
159.101 7.88449 50.9019 1.82944 127.237
159.201 7.847 50.9173 1.82118 127.222
159.301 7.8095 50.9327 1.81291 127.207
159.401 7.77201 50.9479 1.80464 127.191
159.501 7.73451 50.9631 1.79637 127.176
159.601 7.697 50.9782 1.78808 127.161
159.701 7.65949 50.9933 1.77979 127.146
159.801 7.62198 51.0083 1.77149 127.131
159.901 7.58447 51.0232 1.76318 127.116
160.001 7.54695 51.038 1.75487 127.101
160.101 7.50943 51.0528 1.74655 127.087
160.201 7.47191 51.0675 1.73823 127.072
160.301 7.43438 51.0821 1.72989 127.057
160.401 7.39685 51.0966 1.72155 127.043
160.501 7.35931 51.1111 1.71321 127.028
160.601 7.32178 51.1255 1.70486 127.014
160.701 7.28424 51.1399 1.6965 126.999
160.801 7.24669 51.1542 1.68813 126.985
160.901 7.20915 51.1683 1.67976 126.971
161.001 7.1716 51.1825 1.67138 126.957
161.101 7.13404 51.1965 1.663 126.943
161.201 7.09649 51.2105 1.6546 126.929
161.301 7.05893 51.2244 1.64621 126.915
161.401 7.02136 51.2383 1.6378 126.901
161.501 6.9838 51.252 1.62939 126.887
161.601 6.94623 51.2657 1.62097 126.874
161.701 6.90866 51.2794 1.61255 126.86
161.801 6.87108 51.2929 1.60412 126.846
161.901 6.8335 51.3064 1.59569 126.833
162.001 6.79592 51.3198 1.58724 126.82
162.101 6.75834 51.3331 1.5788 126.806
162.201 6.72075 51.3464 1.57034 126.793
162.301 6.68316 51.3596 1.56188 126.78
162.401 6.64557 51.3727 1.55342 126.767
162.501 6.60798 51.3858 1.54494 126.754
162.601 6.57038 51.3987 1.53646 126.741
162.701 6.53278 51.4117 1.52798 126.728
162.801 6.49517 51.4245 1.51949 126.715
162.901 6.45756 51.4373 1.51099 126.702
163.001 6.41995 51.4499 1.50249 126.689
163.101 6.38234 51.4626 1.49398 126.677
163.201 6.34473 51.4751 1.48547 126.664
163.301 6.30711 51.4876 1.47695 126.652
163.401 6.26949 51.5 1.46843 126.639
163.501 6.23186 51.5123 1.4599 126.627
163.601 6.19424 51.5246 1.45136 126.615
163.701 6.15661 51.5367 1.44282 126.603
163.801 6.11898 51.5489 1.43427 126.59
163.901 6.08134 51.5609 1.42572 126.578
164.001 6.0437 51.5729 1.41716 126.566
164.101 6.00606 51.5848 1.40859 126.555
164.201 5.96842 51.5966 1.40002 126.543
164.301 5.93078 51.6083 1.39145 126.531
164.401 5.89313 51.62 1.38287 126.519
164.501 5.85548 51.6316 1.37428 126.508
164.601 5.81783 51.6431 1.36569 126.496
164.701 5.78017 51.6546 1.3571 126.485
164.801 5.74251 51.666 1.34849 126.473
164.901 5.70485 51.6773 1.33989 126.462
165.001 5.66719 51.6885 1.33127 126.451
165.101 5.62952 51.6997 1.32266 126.44
165.201 5.59186 51.7108 1.31403 126.429
165.301 5.55419 51.7218 1.30541 126.418
165.401 5.51651 51.7327 1.29677 126.407
165.501 5.47884 51.7436 1.28814 126.396
165.601 5.44116 51.7544 1.27949 126.385
165.701 5.40348 51.7651 1.27085 126.374
165.801 5.3658 51.7758 1.26219 126.364
165.901 5.32812 51.7864 1.25353 126.353
166.001 5.29043 51.7969 1.24487 126.342
166.101 5.25274 51.8073 1.23621 126.332
166.201 5.21505 51.8177 1.22753 126.322
166.301 5.17736 51.828 1.21886 126.311
166.401 5.13966 51.8382 1.21017 126.301
166.501 5.10196 51.8483 1.20149 126.291
166.601 5.06426 51.8584 1.1928 126.281
166.701 5.02656 51.8684 1.1841 126.271
166.801 4.98886 51.8783 1.1754 126.261
166.901 4.95115 51.8881 1.1667 126.251
167.001 4.91344 51.8979 1.15799 126.241
167.101 4.87573 51.9076 1.14927 126.232
167.201 4.83802 51.9172 1.14055 126.222
167.301 4.8003 51.9268 1.13183 126.213
167.401 4.76259 51.9363 1.1231 126.203
167.501 4.72487 51.9457 1.11437 126.194
167.601 4.68715 51.955 1.10564 126.184
167.701 4.64942 51.9642 1.0969 126.175
167.801 4.6117 51.9734 1.08815 126.166
167.901 4.57397 51.9825 1.0794 126.157
168.001 4.53624 51.9916 1.07065 126.148
168.101 4.49851 52.0005 1.06189 126.139
168.201 4.46078 52.0094 1.05313 126.13
168.301 4.42304 52.0182 1.04436 126.121
168.401 4.38531 52.027 1.03559 126.112
168.501 4.34757 52.0356 1.02682 126.104
168.601 4.30983 52.0442 1.01804 126.095
168.701 4.27208 52.0527 1.00926 126.087
168.801 4.23434 52.0612 1.00048 126.078
168.901 4.19659 52.0696 0.991686 126.07
169.001 4.15885 52.0778 0.982893 126.061
169.101 4.1211 52.0861 0.974096 126.053
169.201 4.08335 52.0942 0.965295 126.045
169.301 4.04559 52.1023 0.95649 126.037
169.401 4.00784 52.1103 0.947681 126.029
169.501 3.97008 52.1182 0.938869 126.021
169.601 3.93232 52.1261 0.930053 126.013
169.701 3.89456 52.1338 0.921233 126.006
169.801 3.8568 52.1415 0.91241 125.998
169.901 3.81904 52.1492 0.903584 125.99
170.001 3.78127 52.1567 0.894753 125.983
170.101 3.74351 52.1642 0.88592 125.975
170.201 3.70574 52.1716 0.877082 125.968
170.301 3.66797 52.1789 0.868242 125.96
170.401 3.6302 52.1862 0.859398 125.953
170.501 3.59242 52.1934 0.85055 125.946
170.601 3.55465 52.2005 0.841699 125.939
170.701 3.51687 52.2075 0.832845 125.932
170.801 3.4791 52.2144 0.823988 125.925
170.901 3.44132 52.2213 0.815128 125.918
171.001 3.40354 52.2281 0.806264 125.911
171.101 3.36576 52.2349 0.797397 125.904
171.201 3.32797 52.2415 0.788527 125.898
171.301 3.29019 52.2481 0.779654 125.891
171.401 3.2524 52.2546 0.770778 125.885
171.501 3.21461 52.261 0.761899 125.878
171.601 3.17682 52.2674 0.753017 125.872
171.701 3.13903 52.2737 0.744132 125.866
171.801 3.10124 52.2799 0.735244 125.859
171.901 3.06345 52.286 0.726353 125.853
172.001 3.02566 52.2921 0.717459 125.847
172.101 2.98786 52.2981 0.708563 125.841
172.201 2.95006 52.304 0.699663 125.835
172.301 2.91227 52.3098 0.690761 125.83
172.401 2.87447 52.3156 0.681857 125.824
172.501 2.83667 52.3213 0.672949 125.818
172.601 2.79886 52.3269 0.664039 125.812
172.701 2.76106 52.3324 0.655126 125.807
172.801 2.72326 52.3379 0.646211 125.801
172.901 2.68545 52.3433 0.637294 125.796
173.001 2.64765 52.3486 0.628373 125.791
173.101 2.60984 52.3538 0.619451 125.786
173.201 2.57203 52.359 0.610525 125.78
173.301 2.53422 52.3641 0.601598 125.775
173.401 2.49641 52.3691 0.592668 125.77
173.501 2.4586 52.374 0.583736 125.765
173.601 2.42078 52.3789 0.574801 125.76
173.701 2.38297 52.3837 0.565865 125.756
173.801 2.34516 52.3884 0.556926 125.751
173.901 2.30734 52.393 0.547985 125.746
174.001 2.26952 52.3976 0.539041 125.742
174.101 2.23171 52.402 0.530096 125.737
174.201 2.19389 52.4065 0.521148 125.733
174.301 2.15607 52.4108 0.512199 125.729
174.401 2.11825 52.4151 0.503247 125.724
174.501 2.08042 52.4192 0.494294 125.72
174.601 2.0426 52.4233 0.485338 125.716
174.701 2.00478 52.4274 0.476381 125.712
174.801 1.96695 52.4313 0.467422 125.708
174.901 1.92913 52.4352 0.458461 125.704
175.001 1.8913 52.439 0.449498 125.7
175.101 1.85348 52.4428 0.440533 125.697
175.201 1.81565 52.4464 0.431567 125.693
175.301 1.77782 52.45 0.422599 125.689
175.402 1.73999 52.4535 0.413629 125.686
175.502 1.70216 52.4569 0.404658 125.682
175.602 1.66433 52.4603 0.395685 125.679
175.702 1.6265 52.4636 0.38671 125.676
175.802 1.58867 52.4668 0.377734 125.673
175.902 1.55084 52.4699 0.368757 125.669
176.002 1.513 52.473 0.359778 125.666
176.102 1.47517 52.476 0.350798 125.663
176.202 1.43734 52.4789 0.341816 125.66
176.302 1.3995 52.4817 0.332833 125.658
176.402 1.36167 52.4844 0.323848 125.655
176.502 1.32383 52.4871 0.314863 125.652
176.602 1.28599 52.4897 0.305876 125.65
176.702 1.24816 52.4923 0.296888 125.647
176.802 1.21032 52.4947 0.287899 125.645
176.902 1.17248 52.4971 0.278908 125.642
177.002 1.13464 52.4994 0.269917 125.64
177.102 1.0968 52.5016 0.260924 125.638
177.202 1.05896 52.5038 0.251931 125.636
177.302 1.02112 52.5058 0.242936 125.634
177.402 0.98328 52.5078 0.233941 125.632
177.502 0.945439 52.5098 0.224944 125.63
177.602 0.907598 52.5116 0.215947 125.628
177.702 0.869756 52.5134 0.206949 125.626
177.802 0.831914 52.5151 0.19795 125.624
177.902 0.794071 52.5167 0.18895 125.623
178.002 0.756228 52.5183 0.17995 125.621
178.102 0.718385 52.5197 0.170949 125.62
178.202 0.680542 52.5211 0.161947 125.618
178.302 0.642698 52.5224 0.152944 125.617
178.402 0.604854 52.5237 0.143941 125.616
178.502 0.567009 52.5249 0.134938 125.614
178.602 0.529165 52.526 0.125933 125.613
178.702 0.49132 52.527 0.116929 125.612
178.802 0.453475 52.5279 0.107924 125.611
178.902 0.41563 52.5288 0.0989181 125.611
179.002 0.377784 52.5296 0.0899122 125.61
179.102 0.339939 52.5303 0.0809059 125.609
179.202 0.302093 52.5309 0.0718993 125.608
179.302 0.264247 52.5315 0.0628924 125.608
179.402 0.226401 52.532 0.0538853 125.607
179.502 0.188555 52.5324 0.0448779 125.607
179.602 0.150709 52.5327 0.0358704 125.607
179.702 0.112863 52.533 0.0268627 125.606
179.802 0.075017 52.5332 0.0178549 125.606
179.902 0.0371707 52.5333 0.00884709 125.606
