0 1.14471e-14 3.02154 0 183.125
0.1 0.163139 3.02158 0.0076542 183.125
0.2 0.326273 3.0217 0.0153084 183.125
0.3 0.489395 3.0219 0.0229625 183.125
0.4 0.652501 3.02218 0.0306166 183.125
0.5 0.815584 3.02253 0.0382707 183.124
0.6 0.978639 3.02297 0.0459246 183.124
0.7 1.14166 3.02349 0.0535784 183.123
0.8 1.30464 3.02408 0.0612321 183.123
0.9 1.46758 3.02475 0.0688857 183.122
1 1.63047 3.02551 0.076539 183.121
1.1 1.7933 3.02634 0.0841922 183.12
1.2 1.95607 3.02725 0.0918453 183.119
1.3 2.11877 3.02824 0.099498 183.118
1.4 2.2814 3.02931 0.107151 183.117
1.5 2.44396 3.03046 0.114803 183.116
1.6 2.60643 3.03169 0.122455 183.115
1.7 2.76881 3.033 0.130107 183.114
1.8 2.93109 3.03439 0.137758 183.112
1.9 3.09328 3.03585 0.145409 183.111
2 3.25536 3.0374 0.15306 183.109
2.1 3.41733 3.03903 0.16071 183.108
2.2 3.57918 3.04073 0.16836 183.106
2.3 3.74091 3.04251 0.17601 183.104
2.4 3.90251 3.04438 0.183659 183.102
2.5 4.06399 3.04632 0.191308 183.1
2.6 4.22532 3.04834 0.198956 183.098
2.7 4.38651 3.05044 0.206604 183.096
2.8 4.54755 3.05262 0.214251 183.094
2.9 4.70844 3.05488 0.221898 183.092
3 4.86917 3.05722 0.229544 183.089
3.1 5.02974 3.05964 0.23719 183.087
3.2 5.19014 3.06213 0.244835 183.085
3.3 5.35036 3.06471 0.25248 183.082
3.4 5.5104 3.06736 0.260124 183.079
3.5 5.67026 3.0701 0.267767 183.077
3.6 5.82993 3.07291 0.27541 183.074
3.7 5.9894 3.0758 0.283052 183.071
3.8 6.14868 3.07877 0.290694 183.068
3.9 6.30775 3.08182 0.298334 183.065
4 6.46661 3.08495 0.305974 183.062
4.1 6.62525 3.08816 0.313614 183.059
4.2 6.78368 3.09145 0.321252 183.055
4.3 6.94188 3.09482 0.32889 183.052
4.4 7.09985 3.09826 0.336527 183.048
4.5 7.25758 3.10179 0.344163 183.045
4.6 7.41508 3.10539 0.351798 183.041
4.7 7.57233 3.10908 0.359433 183.038
4.8 7.72934 3.11284 0.367067 183.034
4.9 7.88609 3.11668 0.3747 183.03
5 8.04259 3.1206 0.382331 183.026
5.1 8.19882 3.1246 0.389963 183.022
5.2 8.35479 3.12868 0.397593 183.018
5.3 8.51048 3.13283 0.405222 183.014
5.4 8.6659 3.13707 0.41285 183.01
5.5 8.82104 3.14139 0.420477 183.005
5.6 8.97589 3.14578 0.428103 183.001
5.7 9.13046 3.15025 0.435729 182.996
5.8 9.28473 3.1548 0.443353 182.992
5.9 9.4387 3.15944 0.450976 182.987
6 9.59238 3.16414 0.458598 182.983
6.1 9.74574 3.16893 0.466219 182.978
6.2 9.8988 3.1738 0.473839 182.973
6.3 10.0515 3.17875 0.481457 182.968
6.4 10.204 3.18377 0.489075 182.963
6.5 10.3561 3.18888 0.496691 182.958
6.6 10.5078 3.19406 0.504307 182.953
6.7 10.6593 3.19932 0.511921 182.947
6.8 10.8104 3.20466 0.519533 182.942
6.9 10.9612 3.21008 0.527145 182.937
7 11.1116 3.21558 0.534755 182.931
7.1 11.2617 3.22115 0.542364 182.926
7.2 11.4114 3.22681 0.549972 182.92
7.3 11.5608 3.23254 0.557578 182.914
7.4 11.7099 3.23835 0.565184 182.908
7.5 11.8585 3.24424 0.572787 182.902
7.6 12.0068 3.25021 0.58039 182.896
7.7 12.1548 3.25626 0.587991 182.89
7.79999 12.3023 3.26239 0.59559 182.884
7.89999 12.4495 3.26859 0.603189 182.878
7.99999 12.5963 3.27488 0.610785 182.872
8.09999 12.7428 3.28124 0.618381 182.865
8.2 12.8888 3.28768 0.625975 182.859
8.3 13.0345 3.2942 0.633567 182.852
8.4 13.1798 3.3008 0.641158 182.846
8.5 13.3247 3.30747 0.648747 182.839
8.6 13.4692 3.31423 0.656335 182.832
8.7 13.6133 3.32106 0.663921 182.826
8.8 13.7569 3.32797 0.671506 182.819
8.9 13.9002 3.33496 0.679089 182.812
9 14.0431 3.34203 0.68667 182.805
9.1 14.1856 3.34918 0.69425 182.798
9.2 14.3276 3.3564 0.701828 182.79
9.3 14.4693 3.36371 0.709405 182.783
9.4 14.6105 3.37109 0.71698 182.776
9.5 14.7513 3.37855 0.724553 182.768
9.6 14.8917 3.38608 0.732124 182.761
9.7 15.0316 3.3937 0.739694 182.753
9.8 15.1711 3.40139 0.747262 182.745
9.9 15.3102 3.40917 0.754828 182.738
10 15.4489 3.41702 0.762392 182.73
10.1 15.5871 3.42494 0.769955 182.722
10.2 15.7249 3.43295 0.777515 182.714
10.3 15.8622 3.44104 0.785074 182.706
10.4 15.9991 3.4492 0.792631 182.697
10.5 16.1356 3.45744 0.800186 182.689
10.6 16.2716 3.46576 0.807739 182.681
10.7 16.4071 3.47415 0.81529 182.673
10.8 16.5422 3.48263 0.82284 182.664
10.9 16.6769 3.49118 0.830387 182.656
11 16.8111 3.49981 0.837932 182.647
11.1 16.9448 3.50852 0.845476 182.638
11.2 17.0781 3.5173 0.853017 182.629
11.3 17.211 3.52617 0.860556 182.621
11.4 17.3433 3.53511 0.868093 182.612
11.5 17.4752 3.54413 0.875628 182.603
11.6 17.6067 3.55323 0.883162 182.593
11.7 17.7376 3.5624 0.890693 182.584
11.8 17.8681 3.57165 0.898221 182.575
11.9 17.9982 3.58098 0.905748 182.566
12 18.1277 3.59039 0.913273 182.556
12.1 18.2568 3.59987 0.920795 182.547
12.2 18.3854 3.60944 0.928315 182.537
12.3 18.5136 3.61908 0.935833 182.528
12.4 18.6412 3.62879 0.943349 182.518
12.5 18.7684 3.63859 0.950862 182.508
12.6 18.8951 3.64846 0.958373 182.498
12.7 19.0213 3.65841 0.965882 182.488
12.8 19.1471 3.66844 0.973389 182.478
12.9 19.2723 3.67854 0.980893 182.468
13 19.3971 3.68872 0.988395 182.458
13.1 19.5214 3.69898 0.995895 182.448
13.2 19.6452 3.70932 1.00339 182.437
13.3 19.7685 3.71973 1.01089 182.427
13.4 19.8914 3.73022 1.01838 182.416
13.5 20.0137 3.74079 1.02587 182.406
13.6 20.1356 3.75143 1.03336 182.395
13.7 20.257 3.76216 1.04084 182.385
13.8 20.3778 3.77296 1.04832 182.374
13.9 20.4982 3.78383 1.0558 182.363
14 20.6181 3.79478 1.06328 182.352
14.1 20.7375 3.80581 1.07076 182.341
14.2 20.8564 3.81692 1.07823 182.33
14.3 20.9749 3.8281 1.0857 182.319
14.4 21.0928 3.83936 1.09317 182.307
14.5 21.2102 3.8507 1.10063 182.296
14.6 21.3271 3.86212 1.10809 182.285
14.7 21.4436 3.87361 1.11555 182.273
14.8 21.5595 3.88517 1.12301 182.262
14.9 21.675 3.89682 1.13046 182.25
15 21.7899 3.90854 1.13791 182.238
15.1 21.9044 3.92034 1.14536 182.226
15.2 22.0183 3.93221 1.15281 182.214
15.3 22.1318 3.94416 1.16025 182.203
15.4 22.2448 3.95619 1.16769 182.191
15.5 22.3572 3.96829 1.17513 182.178
15.6 22.4692 3.98047 1.18256 182.166
15.7 22.5807 3.99273 1.19 182.154
15.8 22.6917 4.00506 1.19742 182.142
15.9 22.8021 4.01747 1.20485 182.129
16 22.9121 4.02995 1.21227 182.117
16.1 23.0216 4.04251 1.21969 182.104
16.2 23.1306 4.05515 1.22711 182.092
16.3 23.2391 4.06786 1.23453 182.079
16.4 23.3471 4.08065 1.24194 182.066
16.5 23.4546 4.09352 1.24935 182.053
16.6 23.5616 4.10646 1.25675 182.04
16.7 23.6681 4.11948 1.26415 182.027
16.8 23.7741 4.13257 1.27155 182.014
16.9 23.8796 4.14574 1.27895 182.001
17 23.9846 4.15899 1.28634 181.988
17.1 24.0891 4.17231 1.29373 181.974
17.2 24.1932 4.18571 1.30112 181.961
17.3 24.2967 4.19918 1.30851 181.948
17.4 24.3997 4.21273 1.31589 181.934
17.5 24.5023 4.22635 1.32326 181.92
17.6 24.6043 4.24005 1.33064 181.907
17.7 24.7059 4.25383 1.33801 181.893
17.8 24.807 4.26768 1.34538 181.879
17.9 24.9075 4.2816 1.35274 181.865
18 25.0076 4.29561 1.36011 181.851
18.1 25.1072 4.30968 1.36746 181.837
18.2 25.2063 4.32384 1.37482 181.823
18.3 25.3049 4.33806 1.38217 181.809
18.4 25.4031 4.35237 1.38952 181.794
18.5 25.5007 4.36675 1.39686 181.78
18.6 25.5978 4.3812 1.40421 181.765
18.7 25.6945 4.39573 1.41155 181.751
18.8 25.7907 4.41033 1.41888 181.736
18.9 25.8864 4.42501 1.42621 181.722
19 25.9816 4.43977 1.43354 181.707
19.1 26.0763 4.4546 1.44087 181.692
19.2 26.1705 4.4695 1.44819 181.677
19.3 26.2643 4.48448 1.4555 181.662
19.4 26.3576 4.49953 1.46282 181.647
19.5 26.4504 4.51466 1.47013 181.632
19.6 26.5427 4.52986 1.47744 181.617
19.7 26.6345 4.54514 1.48474 181.602
19.8 26.7259 4.5605 1.49204 181.586
19.9 26.8168 4.57592 1.49934 181.571
20 26.9072 4.59142 1.50663 181.555
20.1 26.9971 4.607 1.51392 181.54
20.2 27.0866 4.62265 1.52121 181.524
20.3 27.1755 4.63838 1.52849 181.508
20.4 27.264 4.65418 1.53577 181.493
20.5 27.3521 4.67005 1.54304 181.477
20.6 27.4397 4.686 1.55031 181.461
20.7 27.5268 4.70202 1.55758 181.445
20.8 27.6134 4.71812 1.56484 181.429
20.9 27.6995 4.73429 1.5721 181.412
21 27.7852 4.75053 1.57936 181.396
21.1 27.8705 4.76685 1.58661 181.38
21.2 27.9552 4.78325 1.59386 181.363
21.3 28.0395 4.79971 1.60111 181.347
21.4 28.1234 4.81625 1.60835 181.33
21.5 28.2068 4.83287 1.61558 181.314
21.6 28.2897 4.84956 1.62282 181.297
21.7 28.3722 4.86632 1.63004 181.28
21.8 28.4542 4.88315 1.63727 181.264
21.9 28.5357 4.90006 1.64449 181.247
22 28.6168 4.91704 1.65171 181.23
22.1 28.6975 4.9341 1.65892 181.213
22.2 28.7776 4.95123 1.66613 181.195
22.3 28.8574 4.96843 1.67334 181.178
22.4 28.9367 4.98571 1.68054 181.161
22.5 29.0155 5.00306 1.68773 181.144
22.6 29.0939 5.02048 1.69493 181.126
22.7001 29.1718 5.03798 1.70212 181.109
22.8001 29.2493 5.05555 1.7093 181.091
22.9001 29.3264 5.07319 1.71648 181.074
23.0001 29.403 5.09091 1.72366 181.056
23.1001 29.4792 5.1087 1.73083 181.038
23.2001 29.5549 5.12656 1.738 181.02
23.3001 29.6302 5.14449 1.74516 181.002
23.4001 29.705 5.1625 1.75232 180.984
23.5001 29.7795 5.18058 1.75948 180.966
23.6001 29.8534 5.19873 1.76663 180.948
23.7001 29.927 5.21696 1.77378 180.93
23.8001 30.0001 5.23526 1.78092 180.911
23.9001 30.0728 5.25363 1.78806 180.893
24.0001 30.145 5.27207 1.79519 180.875
24.1001 30.2169 5.29059 1.80232 180.856
24.2001 30.2883 5.30917 1.80945 180.838
24.3001 30.3592 5.32784 1.81657 180.819
24.4001 30.4298 5.34657 1.82368 180.8
24.5001 30.4999 5.36537 1.8308 180.781
24.6001 30.5696 5.38425 1.8379 180.762
24.7001 30.6389 5.4032 1.84501 180.743
24.8001 30.7077 5.42222 1.85211 180.724
24.9001 30.7762 5.44131 1.8592 180.705
25.0001 30.8442 5.46048 1.86629 180.686
25.1001 30.9118 5.47971 1.87338 180.667
25.2001 30.979 5.49902 1.88046 180.648
25.3001 31.0458 5.5184 1.88753 180.628
25.4001 31.1122 5.53786 1.8946 180.609
25.5001 31.1781 5.55738 1.90167 180.589
25.6001 31.2437 5.57698 1.90873 180.57
25.7001 31.3088 5.59664 1.91579 180.55
25.8001 31.3736 5.61638 1.92284 180.53
25.9001 31.4379 5.63619 1.92989 180.511
26.0001 31.5019 5.65607 1.93694 180.491
26.1001 31.5654 5.67602 1.94398 180.471
26.2001 31.6285 5.69605 1.95101 180.451
26.3001 31.6913 5.71614 1.95804 180.431
26.4001 31.7536 5.73631 1.96506 180.41
26.5001 31.8156 5.75654 1.97209 180.39
26.6001 31.8771 5.77685 1.9791 180.37
26.7001 31.9383 5.79723 1.98611 180.349
26.8001 31.999 5.81768 1.99312 180.329
26.9001 32.0594 5.8382 2.00012 180.308
27.0001 32.1194 5.85879 2.00711 180.288
27.1001 32.179 5.87945 2.0141 180.267
27.2001 32.2382 5.90018 2.02109 180.247
27.3001 32.297 5.92099 2.02807 180.226
27.4001 32.3555 5.94186 2.03505 180.205
27.5001 32.4136 5.9628 2.04202 180.184
27.6001 32.4712 5.98382 2.04899 180.163
27.7001 32.5285 6.0049 2.05595 180.142
27.8001 32.5855 6.02606 2.0629 180.121
27.9001 32.642 6.04728 2.06986 180.099
28.0001 32.6982 6.06858 2.0768 180.078
28.1001 32.754 6.08994 2.08374 180.057
28.2001 32.8094 6.11138 2.09068 180.035
28.3001 32.8645 6.13288 2.09761 180.014
28.4001 32.9192 6.15445 2.10454 179.992
28.5001 32.9735 6.1761 2.11146 179.971
28.6001 33.0275 6.19781 2.11837 179.949
28.7001 33.0811 6.2196 2.12529 179.927
28.8001 33.1343 6.24145 2.13219 179.905
28.9001 33.1872 6.26337 2.13909 179.883
29.0001 33.2397 6.28536 2.14599 179.861
29.1001 33.2918 6.30742 2.15288 179.839
29.2001 33.3436 6.32955 2.15976 179.817
29.3001 33.395 6.35175 2.16664 179.795
29.4001 33.4461 6.37402 2.17351 179.773
29.5001 33.4968 6.39636 2.18038 179.75
29.6001 33.5472 6.41877 2.18725 179.728
29.7001 33.5972 6.44124 2.1941 179.705
29.8001 33.6469 6.46379 2.20096 179.683
29.9001 33.6962 6.4864 2.2078 179.66
30.0001 33.7452 6.50908 2.21465 179.638
30.1001 33.7938 6.53184 2.22148 179.615
30.2001 33.8421 6.55465 2.22831 179.592
30.3001 33.8901 6.57754 2.23514 179.569
30.4001 33.9377 6.6005 2.24196 179.546
30.5001 33.9849 6.62352 2.24877 179.523
30.6001 34.0318 6.64662 2.25558 179.5
30.7001 34.0784 6.66978 2.26239 179.477
30.8001 34.1247 6.69301 2.26918 179.454
30.9001 34.1706 6.71631 2.27598 179.43
31.0001 34.2162 6.73967 2.28276 179.407
31.1001 34.2614 6.76311 2.28955 179.384
31.2001 34.3063 6.78661 2.29632 179.36
31.3001 34.3509 6.81018 2.30309 179.337
31.4001 34.3952 6.83382 2.30986 179.313
31.5001 34.4391 6.85752 2.31661 179.289
31.6001 34.4827 6.88129 2.32337 179.265
31.7001 34.526 6.90513 2.33012 179.242
31.8001 34.569 6.92904 2.33686 179.218
31.9001 34.6116 6.95302 2.34359 179.194
32.0001 34.6539 6.97706 2.35032 179.17
32.1001 34.6959 7.00117 2.35705 179.146
32.2001 34.7376 7.02534 2.36377 179.121
32.3001 34.779 7.04959 2.37048 179.097
32.4001 34.8201 7.0739 2.37719 179.073
32.5001 34.8608 7.09827 2.38389 179.048
32.6001 34.9012 7.12272 2.39058 179.024
32.7001 34.9413 7.14723 2.39727 178.999
32.8001 34.9811 7.17181 2.40396 178.975
32.9001 35.0206 7.19645 2.41063 178.95
33.0001 35.0598 7.22116 2.41731 178.926
33.1001 35.0987 7.24594 2.42397 178.901
33.2001 35.1373 7.27078 2.43063 178.876
33.3001 35.1756 7.29569 2.43728 178.851
33.4001 35.2136 7.32067 2.44393 178.826
33.5001 35.2512 7.34571 2.45057 178.801
33.6001 35.2886 7.37082 2.45721 178.776
33.7001 35.3257 7.396 2.46384 178.751
33.8001 35.3625 7.42124 2.47046 178.725
33.9001 35.399 7.44655 2.47708 178.7
34.0001 35.4351 7.47192 2.48369 178.675
34.1001 35.471 7.49736 2.4903 178.649
34.2001 35.5066 7.52286 2.4969 178.624
34.3 35.542 7.54843 2.50349 178.598
34.4 35.577 7.57407 2.51008 178.573
34.5 35.6117 7.59977 2.51666 178.547
34.6 35.6462 7.62553 2.52323 178.521
34.7 35.6803 7.65136 2.5298 178.495
34.8 35.7142 7.67726 2.53636 178.469
34.9 35.7478 7.70322 2.54292 178.443
35 35.7811 7.72925 2.54947 178.417
35.1 35.8142 7.75534 2.55601 178.391
35.2 35.8469 7.78149 2.56255 178.365
35.3 35.8794 7.80772 2.56908 178.339
35.4 35.9116 7.834 2.5756 178.313
35.5 35.9435 7.86035 2.58212 178.286
35.6 35.9752 7.88677 2.58863 178.26
35.7 36.0065 7.91325 2.59514 178.233
35.8 36.0376 7.93979 2.60164 178.207
35.9 36.0685 7.9664 2.60813 178.18
36 36.099 7.99307 2.61461 178.154
36.1 36.1293 8.01981 2.62109 178.127
36.2 36.1593 8.04661 2.62757 178.1
36.3 36.1891 8.07347 2.63403 178.073
36.4 36.2186 8.1004 2.64049 178.046
36.5 36.2478 8.12739 2.64694 178.019
36.6 36.2767 8.15445 2.65339 177.992
36.7 36.3054 8.18157 2.65983 177.965
36.8 36.3339 8.20875 2.66627 177.938
36.9 36.3621 8.236 2.67269 177.911
37 36.39 8.26331 2.67911 177.883
37.1 36.4176 8.29068 2.68553 177.856
37.2 36.445 8.31812 2.69193 177.829
37.3 36.4722 8.34562 2.69833 177.801
37.4 36.4991 8.37318 2.70473 177.774
37.5 36.5257 8.40081 2.71111 177.746
37.6 36.5521 8.4285 2.71749 177.718
37.7 36.5782 8.45625 2.72387 177.69
37.8 36.6041 8.48406 2.73023 177.663
37.9 36.6297 8.51194 2.73659 177.635
38 36.6551 8.53988 2.74295 177.607
38.1 36.6803 8.56788 2.74929 177.579
38.2 36.7052 8.59595 2.75563 177.551
38.3 36.7298 8.62407 2.76196 177.523
38.4 36.7542 8.65226 2.76829 177.494
38.5 36.7784 8.68052 2.77461 177.466
38.6 36.8023 8.70883 2.78092 177.438
38.7 36.826 8.7372 2.78723 177.409
38.8 36.8494 8.76564 2.79352 177.381
38.9 36.8726 8.79414 2.79982 177.353
39 36.8956 8.8227 2.8061 177.324
39.1 36.9183 8.85132 2.81238 177.295
39.2 36.9408 8.88001 2.81865 177.267
39.3 36.9631 8.90875 2.82491 177.238
39.4 36.9851 8.93756 2.83117 177.209
39.5 37.0069 8.96643 2.83741 177.18
39.6 37.0284 8.99536 2.84366 177.151
39.7 37.0498 9.02435 2.84989 177.122
39.8 37.0709 9.0534 2.85612 177.093
39.9 37.0917 9.08251 2.86234 177.064
40 37.1124 9.11168 2.86855 177.035
40.1 37.1328 9.14092 2.87476 177.006
40.2 37.153 9.17021 2.88096 176.976
40.3 37.1729 9.19957 2.88715 176.947
40.4 37.1927 9.22898 2.89333 176.918
40.5 37.2122 9.25846 2.89951 176.888
40.6 37.2315 9.28799 2.90568 176.859
40.7 37.2506 9.31759 2.91184 176.829
40.7999 37.2694 9.34724 2.918 176.799
40.8999 37.2881 9.37696 2.92415 176.77
40.9999 37.3065 9.40674 2.93029 176.74
41.0999 37.3247 9.43657 2.93642 176.71
41.1999 37.3427 9.46647 2.94255 176.68
41.2999 37.3605 9.49643 2.94867 176.65
41.3999 37.378 9.52644 2.95478 176.62
41.4999 37.3954 9.55652 2.96088 176.59
41.5999 37.4125 9.58665 2.96698 176.56
41.6999 37.4294 9.61684 2.97307 176.53
41.7999 37.4462 9.6471 2.97915 176.5
41.8999 37.4627 9.67741 2.98523 176.469
41.9999 37.479 9.70778 2.99129 176.439
42.0999 37.495 9.73821 2.99735 176.408
42.1999 37.5109 9.7687 3.0034 176.378
42.2999 37.5266 9.79924 3.00945 176.347
42.3999 37.5421 9.82985 3.01548 176.317
42.4999 37.5573 9.86051 3.02151 176.286
42.5999 37.5724 9.89124 3.02753 176.255
42.6999 37.5873 9.92202 3.03355 176.225
42.7999 37.6019 9.95286 3.03955 176.194
42.8999 37.6164 9.98375 3.04555 176.163
42.9999 37.6306 10.0147 3.05154 176.132
43.0999 37.6447 10.0457 3.05753 176.101
43.1999 37.6586 10.0768 3.0635 176.07
43.2999 37.6722 10.1079 3.06947 176.039
43.3999 37.6857 10.1391 3.07543 176.008
43.4999 37.699 10.1704 3.08138 175.976
43.5999 37.712 10.2017 3.08733 175.945
43.6999 37.7249 10.233 3.09326 175.914
43.7999 37.7376 10.2644 3.09919 175.882
43.8999 37.7501 10.2959 3.10511 175.851
43.9999 37.7624 10.3274 3.11103 175.819
44.0999 37.7745 10.359 3.11693 175.788
44.1999 37.7865 10.3907 3.12283 175.756
44.2999 37.7982 10.4224 3.12872 175.724
44.3999 37.8098 10.4541 3.1346 175.693
44.4999 37.8211 10.486 3.14048 175.661
44.5999 37.8323 10.5178 3.14634 175.629
44.6999 37.8433 10.5498 3.1522 175.597
44.7999 37.8541 10.5817 3.15805 175.565
44.8999 37.8647 10.6138 3.16389 175.533
44.9999 37.8752 10.6459 3.16973 175.501
45.0999 37.8854 10.678 3.17555 175.469
45.1999 37.8955 10.7102 3.18137 175.436
45.2999 37.9054 10.7425 3.18718 175.404
45.3999 37.9151 10.7748 3.19298 175.372
45.4999 37.9246 10.8072 3.19878 175.339
45.5999 37.934 10.8396 3.20456 175.307
45.6999 37.9432 10.8721 3.21034 175.275
45.7999 37.9522 10.9047 3.21611 175.242
45.8999 37.961 10.9373 3.22187 175.209
45.9999 37.9696 10.9699 3.22762 175.177
46.0999 37.9781 11.0026 3.23337 175.144
46.1999 37.9864 11.0354 3.2391 175.111
46.2999 37.9946 11.0682 3.24483 175.078
46.3999 38.0025 11.1011 3.25055 175.046
46.4999 38.0103 11.134 3.25626 175.013
46.5999 38.0179 11.167 3.26197 174.98
46.6999 38.0254 11.2 3.26766 174.947
46.7999 38.0326 11.2331 3.27335 174.914
46.8999 38.0397 11.2663 3.27903 174.88
46.9999 38.0467 11.2995 3.2847 174.847
47.0999 38.0534 11.3327 3.29036 174.814
47.1999 38.06 11.366 3.29602 174.781
47.2999 38.0665 11.3994 3.30166 174.747
47.3998 38.0727 11.4328 3.3073 174.714
47.4998 38.0788 11.4663 3.31293 174.68
47.5998 38.0848 11.4998 3.31855 174.647
47.6998 38.0906 11.5334 3.32416 174.613
47.7998 38.0962 11.567 3.32976 174.58
47.8998 38.1016 11.6007 3.33535 174.546
47.9998 38.1069 11.6344 3.34094 174.512
48.0998 38.1121 11.6682 3.34652 174.478
48.1998 38.117 11.7021 3.35209 174.445
48.2998 38.1219 11.736 3.35765 174.411
48.3998 38.1265 11.7699 3.3632 174.377
48.4998 38.131 11.8039 3.36874 174.343
48.5998 38.1354 11.838 3.37428 174.309
48.6998 38.1395 11.8721 3.3798 174.275
48.7998 38.1436 11.9062 3.38532 174.24
48.8998 38.1474 11.9404 3.39083 174.206
48.9998 38.1512 11.9747 3.39633 174.172
49.0998 38.1547 12.009 3.40182 174.138
49.1998 38.1581 12.0434 3.4073 174.103
49.2998 38.1614 12.0778 3.41278 174.069
49.3998 38.1645 12.1123 3.41824 174.034
49.4998 38.1675 12.1468 3.4237 174
49.5998 38.1703 12.1813 3.42915 173.965
49.6998 38.1729 12.216 3.43458 173.931
49.7998 38.1754 12.2506 3.44001 173.896
49.8998 38.1778 12.2854 3.44544 173.861
49.9998 38.18 12.3202 3.45085 173.827
50.0998 38.1821 12.355 3.45625 173.792
50.1998 38.184 12.3899 3.46165 173.757
50.2998 38.1858 12.4248 3.46703 173.722
50.3998 38.1874 12.4598 3.47241 173.687
50.4998 38.1889 12.4948 3.47778 173.652
50.5998 38.1902 12.5299 3.48314 173.617
50.6998 38.1914 12.565 3.48849 173.582
50.7998 38.1924 12.6002 3.49383 173.546
50.8998 38.1933 12.6354 3.49916 173.511
50.9998 38.1941 12.6707 3.50448 173.476
51.0998 38.1947 12.706 3.5098 173.441
51.1998 38.1952 12.7414 3.5151 173.405
51.2998 38.1955 12.7769 3.5204 173.37
51.3998 38.1957 12.8123 3.52568 173.334
51.4998 38.1958 12.8479 3.53096 173.299
51.5998 38.1957 12.8835 3.53623 173.263
51.6998 38.1955 12.9191 3.54149 173.228
51.7998 38.1952 12.9548 3.54674 173.192
51.8998 38.1947 12.9905 3.55198 173.156
51.9998 38.1941 13.0263 3.55721 173.12
52.0998 38.1933 13.0621 3.56243 173.085
52.1998 38.1924 13.098 3.56765 173.049
52.2998 38.1914 13.1339 3.57285 173.013
52.3998 38.1902 13.1699 3.57805 172.977
52.4998 38.1889 13.2059 3.58323 172.941
52.5998 38.1875 13.2419 3.58841 172.905
52.6998 38.1859 13.2781 3.59358 172.869
52.7998 38.1842 13.3142 3.59874 172.832
52.8998 38.1824 13.3504 3.60388 172.796
52.9998 38.1804 13.3867 3.60902 172.76
53.0998 38.1784 13.423 3.61415 172.724
53.1998 38.1761 13.4594 3.61927 172.687
53.2998 38.1738 13.4958 3.62439 172.651
53.3998 38.1713 13.5322 3.62949 172.614
53.4998 38.1687 13.5687 3.63458 172.578
53.5998 38.166 13.6053 3.63966 172.541
53.6998 38.1631 13.6418 3.64474 172.505
53.7998 38.1602 13.6785 3.6498 172.468
53.8997 38.1571 13.7152 3.65485 172.432
53.9997 38.1538 13.7519 3.6599 172.395
54.0997 38.1505 13.7887 3.66494 172.358
54.1997 38.147 13.8255 3.66996 172.321
54.2997 38.1434 13.8624 3.67498 172.284
54.3997 38.1397 13.8993 3.67998 172.247
54.4997 38.1358 13.9363 3.68498 172.21
54.5997 38.1318 13.9733 3.68997 172.173
54.6997 38.1277 14.0103 3.69495 172.136
54.7997 38.1235 14.0474 3.69992 172.099
54.8997 38.1192 14.0846 3.70488 172.062
54.9997 38.1147 14.1218 3.70982 172.025
55.0997 38.1101 14.159 3.71476 171.988
55.1997 38.1054 14.1963 3.71969 171.95
55.2997 38.1006 14.2336 3.72461 171.913
55.3997 38.0957 14.271 3.72952 171.876
55.4997 38.0906 14.3084 3.73443 171.838
55.5997 38.0855 14.3459 3.73932 171.801
55.6997 38.0802 14.3834 3.7442 171.763
55.7997 38.0748 14.4209 3.74907 171.726
55.8997 38.0692 14.4585 3.75393 171.688
55.9997 38.0636 14.4962 3.75878 171.651
56.0997 38.0579 14.5339 3.76362 171.613
56.1997 38.052 14.5716 3.76846 171.575
56.2997 38.046 14.6094 3.77328 171.537
56.3997 38.0399 14.6472 3.77809 171.499
56.4997 38.0337 14.6851 3.78289 171.462
56.5997 38.0274 14.723 3.78769 171.424
56.6997 38.021 14.7609 3.79247 171.386
56.7997 38.0144 14.7989 3.79724 171.348
56.8997 38.0078 14.837 3.802 171.31
56.9997 38.001 14.875 3.80676 171.272
57.0997 37.9941 14.9132 3.8115 171.234
57.1997 37.9871 14.9513 3.81623 171.195
57.2997 37.98 14.9895 3.82095 171.157
57.3997 37.9728 15.0278 3.82567 171.119
57.4997 37.9655 15.0661 3.83037 171.081
57.5997 37.9581 15.1044 3.83506 171.042
57.6997 37.9506 15.1428 3.83974 171.004
57.7997 37.9429 15.1812 3.84442 170.965
57.8997 37.9352 15.2197 3.84908 170.927
57.9997 37.9273 15.2582 3.85373 170.888
58.0997 37.9194 15.2968 3.85837 170.85
58.1997 37.9113 15.3353 3.863 170.811
58.2997 37.9031 15.374 3.86763 170.773
58.3997 37.8949 15.4127 3.87224 170.734
58.4997 37.8865 15.4514 3.87684 170.695
58.5997 37.878 15.4901 3.88143 170.657
58.6997 37.8694 15.5289 3.88601 170.618
58.7997 37.8607 15.5678 3.89058 170.579
58.8997 37.8519 15.6066 3.89514 170.54
58.9997 37.843 15.6456 3.89969 170.501
59.0997 37.834 15.6845 3.90423 170.462
59.1997 37.8249 15.7235 3.90876 170.423
59.2997 37.8157 15.7626 3.91328 170.384
59.3997 37.8064 15.8017 3.91779 170.345
59.4997 37.797 15.8408 3.92228 170.306
59.5997 37.7875 15.88 3.92677 170.267
59.6997 37.7779 15.9192 3.93125 170.228
59.7997 37.7682 15.9584 3.93572 170.188
59.8997 37.7584 15.9977 3.94017 170.149
59.9997 37.7485 16.037 3.94462 170.11
60.0997 37.7385 16.0764 3.94905 170.07
60.1997 37.7284 16.1158 3.95348 170.031
60.2997 37.7182 16.1552 3.95789 169.991
60.3997 37.7079 16.1947 3.9623 169.952
60.4996 37.6975 16.2342 3.96669 169.912
60.5996 37.6871 16.2738 3.97107 169.873
60.6996 37.6765 16.3134 3.97545 169.833
60.7996 37.6658 16.353 3.97981 169.794
60.8996 37.655 16.3927 3.98416 169.754
60.9996 37.6442 16.4324 3.9885 169.714
61.0996 37.6332 16.4722 3.99283 169.675
61.1996 37.6222 16.512 3.99715 169.635
61.2996 37.611 16.5518 4.00146 169.595
61.3996 37.5998 16.5917 4.00576 169.555
61.4996 37.5885 16.6316 4.01004 169.515
61.5996 37.577 16.6715 4.01432 169.475
61.6996 37.5655 16.7115 4.01859 169.435
61.7996 37.5539 16.7515 4.02284 169.395
61.8996 37.5422 16.7916 4.02709 169.355
61.9996 37.5304 16.8317 4.03132 169.315
62.0996 37.5185 16.8718 4.03554 169.275
62.1996 37.5066 16.912 4.03976 169.235
62.2996 37.4945 16.9522 4.04396 169.194
62.3996 37.4823 16.9925 4.04815 169.154
62.4996 37.4701 17.0327 4.05233 169.114
62.5996 37.4578 17.0731 4.0565 169.074
62.6996 37.4453 17.1134 4.06066 169.033
62.7996 37.4328 17.1538 4.0648 168.993
62.8996 37.4202 17.1942 4.06894 168.952
62.9996 37.4076 17.2347 4.07307 168.912
63.0996 37.3948 17.2752 4.07718 168.872
63.1996 37.3819 17.3157 4.08128 168.831
63.2996 37.369 17.3563 4.08538 168.79
63.3996 37.356 17.3969 4.08946 168.75
63.4996 37.3428 17.4375 4.09353 168.709
63.5996 37.3296 17.4782 4.09759 168.668
63.6996 37.3163 17.5189 4.10164 168.628
63.7996 37.303 17.5597 4.10568 168.587
63.8996 37.2895 17.6004 4.1097 168.546
63.9996 37.276 17.6413 4.11372 168.505
64.0996 37.2623 17.6821 4.11772 168.465
64.1996 37.2486 17.723 4.12172 168.424
64.2996 37.2348 17.7639 4.1257 168.383
64.3996 37.221 17.8049 4.12967 168.342
64.4996 37.207 17.8459 4.13363 168.301
64.5996 37.193 17.8869 4.13758 168.26
64.6996 37.1788 17.9279 4.14152 168.219
64.7996 37.1646 17.969 4.14544 168.178
64.8996 37.1503 18.0102 4.14936 168.137
64.9996 37.136 18.0513 4.15326 168.095
65.0996 37.1215 18.0925 4.15716 168.054
65.1996 37.107 18.1337 4.16104 168.013
65.2996 37.0924 18.175 4.16491 167.972
65.3996 37.0777 18.2163 4.16877 167.93
65.4996 37.0629 18.2576 4.17262 167.889
65.5996 37.0481 18.299 4.17645 167.848
65.6996 37.0331 18.3404 4.18028 167.806
65.7996 37.0181 18.3818 4.18409 167.765
65.8996 37.003 18.4232 4.1879 167.723
65.9996 36.9879 18.4647 4.19169 167.682
66.0996 36.9726 18.5063 4.19547 167.64
66.1996 36.9573 18.5478 4.19924 167.599
66.2996 36.9419 18.5894 4.20299 167.557
66.3996 36.9264 18.631 4.20674 167.516
66.4996 36.9109 18.6727 4.21048 167.474
66.5996 36.8953 18.7143 4.2142 167.432
66.6996 36.8795 18.756 4.21791 167.391
66.7996 36.8638 18.7978 4.22161 167.349
66.8996 36.8479 18.8396 4.2253 167.307
66.9995 36.832 18.8814 4.22898 167.265
67.0995 36.816 18.9232 4.23264 167.223
67.1995 36.7999 18.9651 4.2363 167.182
67.2995 36.7837 19.007 4.23994 167.14
67.3995 36.7675 19.0489 4.24357 167.098
67.4995 36.7512 19.0909 4.24719 167.056
67.5995 36.7348 19.1328 4.2508 167.014
67.6995 36.7184 19.1749 4.25439 166.972
67.7995 36.7018 19.2169 4.25798 166.93
67.8995 36.6852 19.259 4.26155 166.888
67.9995 36.6686 19.3011 4.26511 166.846
68.0995 36.6518 19.3432 4.26866 166.803
68.1995 36.635 19.3854 4.2722 166.761
68.2995 36.6181 19.4276 4.27573 166.719
68.3995 36.6012 19.4698 4.27924 166.677
68.4995 36.5841 19.5121 4.28275 166.635
68.5995 36.567 19.5544 4.28624 166.592
68.6995 36.5499 19.5967 4.28972 166.55
68.7995 36.5326 19.639 4.29319 166.508
68.8995 36.5153 19.6814 4.29664 166.465
68.9995 36.4979 19.7238 4.30009 166.423
69.0995 36.4805 19.7662 4.30352 166.38
69.1995 36.4629 19.8087 4.30694 166.338
69.2995 36.4454 19.8512 4.31035 166.296
69.3995 36.4277 19.8937 4.31375 166.253
69.4995 36.41 19.9362 4.31713 166.21
69.5995 36.3922 19.9788 4.32051 166.168
69.6995 36.3743 20.0214 4.32387 166.125
69.7995 36.3564 20.064 4.32722 166.083
69.8995 36.3384 20.1067 4.33056 166.04
69.9995 36.3203 20.1494 4.33388 165.997
70.0995 36.3022 20.1921 4.3372 165.955
70.1995 36.284 20.2348 4.3405 165.912
70.2995 36.2657 20.2776 4.34379 165.869
70.3995 36.2474 20.3203 4.34707 165.826
70.4995 36.2289 20.3632 4.35033 165.784
70.5995 36.2105 20.406 4.35359 165.741
70.6995 36.1919 20.4489 4.35683 165.698
70.7995 36.1733 20.4917 4.36006 165.655
70.8995 36.1547 20.5347 4.36328 165.612
70.9995 36.1359 20.5776 4.36648 165.569
71.0995 36.1172 20.6206 4.36968 165.526
71.1995 36.0983 20.6636 4.37286 165.483
71.2995 36.0794 20.7066 4.37603 165.44
71.3995 36.0604 20.7496 4.37919 165.397
71.4995 36.0413 20.7927 4.38233 165.354
71.5995 36.0222 20.8358 4.38547 165.311
71.6995 36.003 20.8789 4.38859 165.268
71.7995 35.9838 20.9221 4.3917 165.225
71.8995 35.9645 20.9653 4.39479 165.181
71.9995 35.9451 21.0085 4.39788 165.138
72.0995 35.9257 21.0517 4.40095 165.095
72.1995 35.9062 21.0949 4.40401 165.052
72.2995 35.8866 21.1382 4.40706 165.009
72.3995 35.867 21.1815 4.4101 164.965
72.4995 35.8473 21.2248 4.41312 164.922
72.5995 35.8276 21.2681 4.41613 164.879
72.6995 35.8078 21.3115 4.41913 164.835
72.7995 35.7879 21.3549 4.42212 164.792
72.8995 35.768 21.3983 4.42509 164.748
72.9995 35.748 21.4417 4.42806 164.705
73.0995 35.728 21.4852 4.43101 164.661
73.1995 35.7079 21.5287 4.43394 164.618
73.2995 35.6877 21.5722 4.43687 164.575
73.3995 35.6675 21.6157 4.43978 164.531
73.4995 35.6472 21.6593 4.44268 164.487
73.5994 35.6268 21.7028 4.44557 164.444
73.6994 35.6064 21.7464 4.44845 164.4
73.7994 35.586 21.79 4.45131 164.357
73.8994 35.5655 21.8337 4.45416 164.313
73.9994 35.5449 21.8773 4.457 164.269
74.0994 35.5242 21.921 4.45983 164.226
74.1994 35.5035 21.9647 4.46264 164.182
74.2994 35.4828 22.0085 4.46544 164.138
74.3994 35.462 22.0522 4.46823 164.094
74.4994 35.4411 22.096 4.471 164.051
74.5994 35.4202 22.1398 4.47377 164.007
74.6994 35.3992 22.1836 4.47652 163.963
74.7994 35.3782 22.2274 4.47926 163.919
74.8994 35.3571 22.2713 4.48198 163.875
74.9994 35.3359 22.3151 4.4847 163.832
75.0994 35.3147 22.359 4.4874 163.788
75.1994 35.2934 22.403 4.49009 163.744
75.2994 35.2721 22.4469 4.49276 163.7
75.3994 35.2507 22.4908 4.49542 163.656
75.4994 35.2293 22.5348 4.49807 163.612
75.5994 35.2078 22.5788 4.50071 163.568
75.6994 35.1863 22.6228 4.50334 163.524
75.7994 35.1647 22.6669 4.50595 163.48
75.8994 35.143 22.7109 4.50855 163.436
75.9994 35.1213 22.755 4.51114 163.392
76.0994 35.0996 22.7991 4.51371 163.348
76.1994 35.0777 22.8432 4.51627 163.304
76.2994 35.0559 22.8873 4.51882 163.259
76.3994 35.034 22.9315 4.52136 163.215
76.4994 35.012 22.9756 4.52388 163.171
76.5994 34.9899 23.0198 4.52639 163.127
76.6994 34.9679 23.064 4.52889 163.083
76.7994 34.9457 23.1083 4.53137 163.038
76.8994 34.9235 23.1525 4.53384 162.994
76.9994 34.9013 23.1968 4.5363 162.95
77.0994 34.879 23.241 4.53875 162.906
77.1994 34.8567 23.2853 4.54118 162.861
77.2994 34.8343 23.3296 4.5436 162.817
77.3994 34.8118 23.374 4.54601 162.773
77.4994 34.7893 23.4183 4.54841 162.728
77.5994 34.7667 23.4627 4.55079 162.684
77.6994 34.7441 23.5071 4.55316 162.64
77.7994 34.7215 23.5515 4.55551 162.595
77.8994 34.6988 23.5959 4.55786 162.551
77.9994 34.676 23.6403 4.56019 162.506
78.0994 34.6532 23.6847 4.5625 162.462
78.1994 34.6304 23.7292 4.56481 162.417
78.2994 34.6074 23.7737 4.5671 162.373
78.3994 34.5845 23.8182 4.56938 162.329
78.4994 34.5615 23.8627 4.57164 162.284
78.5994 34.5384 23.9072 4.5739 162.239
78.6994 34.5153 23.9518 4.57614 162.195
78.7994 34.4921 23.9963 4.57836 162.15
78.8994 34.4689 24.0409 4.58058 162.106
78.9994 34.4457 24.0855 4.58278 162.061
79.0994 34.4224 24.1301 4.58496 162.017
79.1994 34.399 24.1747 4.58714 161.972
79.2994 34.3756 24.2194 4.5893 161.927
79.3994 34.3522 24.264 4.59145 161.883
79.4994 34.3287 24.3087 4.59358 161.838
79.5994 34.3051 24.3533 4.5957 161.793
79.6994 34.2815 24.398 4.59781 161.749
79.7994 34.2579 24.4427 4.59991 161.704
79.8994 34.2342 24.4875 4.60199 161.659
79.9994 34.2104 24.5322 4.60406 161.614
80.0993 34.1866 24.577 4.60611 161.57
80.1993 34.1628 24.6217 4.60816 161.525
80.2993 34.1389 24.6665 4.61019 161.48
80.3993 34.115 24.7113 4.6122 161.435
80.4993 34.091 24.7561 4.6142 161.391
80.5993 34.067 24.8009 4.61619 161.346
80.6993 34.0429 24.8457 4.61817 161.301
80.7993 34.0188 24.8906 4.62013 161.256
80.8993 33.9947 24.9354 4.62208 161.211
80.9993 33.9704 24.9803 4.62402 161.166
81.0993 33.9462 25.0252 4.62594 161.122
81.1993 33.9219 25.0701 4.62785 161.077
81.2993 33.8976 25.115 4.62975 161.032
81.3993 33.8732 25.1599 4.63163 160.987
81.4993 33.8487 25.2048 4.6335 160.942
81.5993 33.8242 25.2497 4.63536 160.897
81.6993 33.7997 25.2947 4.6372 160.852
81.7993 33.7752 25.3397 4.63903 160.807
81.8993 33.7505 25.3846 4.64085 160.762
81.9993 33.7259 25.4296 4.64265 160.717
82.0993 33.7012 25.4746 4.64444 160.672
82.1993 33.6764 25.5196 4.64622 160.627
82.2993 33.6516 25.5646 4.64798 160.582
82.3993 33.6268 25.6097 4.64973 160.537
82.4993 33.6019 25.6547 4.65147 160.492
82.5993 33.577 25.6998 4.65319 160.447
82.6993 33.552 25.7448 4.6549 160.402
82.7993 33.527 25.7899 4.65659 160.357
82.8993 33.502 25.835 4.65827 160.312
82.9993 33.4769 25.88 4.65994 160.267
83.0993 33.4518 25.9251 4.6616 160.222
83.1993 33.4266 25.9703 4.66324 160.176
83.2993 33.4014 26.0154 4.66487 160.131
83.3993 33.3761 26.0605 4.66648 160.086
83.4993 33.3508 26.1056 4.66808 160.041
83.5993 33.3254 26.1508 4.66967 159.996
83.6993 33.3 26.1959 4.67124 159.951
83.7993 33.2746 26.2411 4.6728 159.906
83.8993 33.2491 26.2863 4.67435 159.86
83.9993 33.2236 26.3314 4.67588 159.815
84.0993 33.1981 26.3766 4.6774 159.77
84.1993 33.1725 26.4218 4.67891 159.725
84.2993 33.1468 26.467 4.6804 159.68
84.3993 33.1211 26.5122 4.68188 159.634
84.4993 33.0954 26.5575 4.68334 159.589
84.5993 33.0697 26.6027 4.68479 159.544
84.6993 33.0439 26.6479 4.68623 159.499
84.7993 33.018 26.6932 4.68765 159.454
84.8993 32.9921 26.7384 4.68906 159.408
84.9993 32.9662 26.7837 4.69046 159.363
85.0993 32.9402 26.8289 4.69184 159.318
85.1993 32.9142 26.8742 4.69321 159.272
85.2993 32.8882 26.9195 4.69456 159.227
85.3993 32.8621 26.9648 4.69591 159.182
85.4993 32.836 27.0101 4.69723 159.137
85.5993 32.8098 27.0553 4.69855 159.091
85.6993 32.7836 27.1006 4.69985 159.046
85.7993 32.7574 27.146 4.70113 159.001
85.8993 32.7311 27.1913 4.70241 158.955
85.9993 32.7048 27.2366 4.70366 158.91
86.0993 32.6784 27.2819 4.70491 158.865
86.1993 32.652 27.3272 4.70614 158.819
86.2993 32.6256 27.3726 4.70736 158.774
86.3993 32.5991 27.4179 4.70856 158.729
86.4993 32.5726 27.4633 4.70975 158.683
86.5993 32.546 27.5086 4.71092 158.638
86.6992 32.5195 27.554 4.71208 158.593
86.7992 32.4928 27.5993 4.71323 158.547
86.8992 32.4662 27.6447 4.71437 158.502
86.9992 32.4395 27.6901 4.71549 158.457
87.0992 32.4127 27.7354 4.71659 158.411
87.1992 32.3859 27.7808 4.71768 158.366
87.2992 32.3591 27.8262 4.71876 158.321
87.3992 32.3323 27.8716 4.71983 158.275
87.4992 32.3054 27.917 4.72088 158.23
87.5992 32.2785 27.9623 4.72191 158.184
87.6992 32.2515 28.0077 4.72293 158.139
87.7992 32.2245 28.0531 4.72394 158.094
87.8992 32.1975 28.0985 4.72494 158.048
87.9992 32.1704 28.1439 4.72592 158.003
88.0992 32.1433 28.1893 4.72688 157.957
88.1992 32.1161 28.2348 4.72784 157.912
88.2992 32.089 28.2802 4.72877 157.867
88.3992 32.0617 28.3256 4.7297 157.821
88.4992 32.0345 28.371 4.73061 157.776
88.5992 32.0072 28.4164 4.7315 157.73
88.6992 31.9799 28.4618 4.73239 157.685
88.7992 31.9525 28.5073 4.73325 157.639
88.8992 31.9251 28.5527 4.73411 157.594
88.9992 31.8977 28.5981 4.73495 157.549
89.0992 31.8702 28.6435 4.73577 157.503
89.1992 31.8427 28.689 4.73658 157.458
89.2992 31.8152 28.7344 4.73738 157.412
89.3992 31.7876 28.7798 4.73816 157.367
89.4992 31.76 28.8252 4.73893 157.321
89.5992 31.7324 28.8707 4.73969 157.276
89.6992 31.7047 28.9161 4.74043 157.231
89.7992 31.677 28.9615 4.74116 157.185
89.8992 31.6492 29.007 4.74187 157.14
89.9992 31.6215 29.0524 4.74257 157.094
90.0992 31.5937 29.0978 4.74325 157.049
90.1992 31.5658 29.1433 4.74392 157.003
90.2992 31.5379 29.1887 4.74458 156.958
90.3992 31.51 29.2341 4.74522 156.913
90.4992 31.4821 29.2796 4.74585 156.867
90.5992 31.4541 29.325 4.74646 156.822
90.6992 31.4261 29.3704 4.74706 156.776
90.7992 31.398 29.4159 4.74764 156.731
90.8992 31.3699 29.4613 4.74821 156.685
90.9992 31.3418 29.5067 4.74877 156.64
91.0992 31.3137 29.5521 4.74931 156.595
91.1992 31.2855 29.5976 4.74984 156.549
91.2992 31.2573 29.643 4.75035 156.504
91.3992 31.229 29.6884 4.75085 156.458
91.4992 31.2008 29.7338 4.75134 156.413
91.5992 31.1724 29.7792 4.75181 156.367
91.6992 31.1441 29.8246 4.75226 156.322
91.7992 31.1157 29.8701 4.75271 156.277
91.8992 31.0873 29.9155 4.75313 156.231
91.9992 31.0589 29.9609 4.75355 156.186
92.0992 31.0304 30.0063 4.75395 156.14
92.1992 31.0019 30.0517 4.75433 156.095
92.2992 30.9734 30.0971 4.7547 156.05
92.3992 30.9448 30.1425 4.75506 156.004
92.4992 30.9162 30.1879 4.7554 155.959
92.5992 30.8876 30.2332 4.75573 155.913
92.6992 30.8589 30.2786 4.75604 155.868
92.7992 30.8302 30.324 4.75634 155.823
92.8992 30.8015 30.3694 4.75662 155.777
92.9992 30.7727 30.4148 4.75689 155.732
93.0992 30.7439 30.4601 4.75715 155.687
93.1992 30.7151 30.5055 4.75739 155.641
93.2991 30.6863 30.5508 4.75761 155.596
93.3991 30.6574 30.5962 4.75782 155.55
93.4991 30.6285 30.6415 4.75802 155.505
93.5991 30.5995 30.6869 4.75821 155.46
93.6991 30.5706 30.7322 4.75837 155.414
93.7991 30.5416 30.7776 4.75853 155.369
93.8991 30.5125 30.8229 4.75867 155.324
93.9991 30.4835 30.8682 4.75879 155.278
94.0991 30.4544 30.9135 4.7589 155.233
94.1991 30.4253 30.9589 4.759 155.188
94.2991 30.3961 31.0042 4.75908 155.143
94.3991 30.3669 31.0495 4.75915 155.097
94.4991 30.3377 31.0948 4.7592 155.052
94.5991 30.3085 31.1401 4.75924 155.007
94.6991 30.2792 31.1853 4.75926 154.961
94.7991 30.2499 31.2306 4.75927 154.916
94.8991 30.2206 31.2759 4.75927 154.871
94.9991 30.1912 31.3211 4.75925 154.826
95.0991 30.1618 31.3664 4.75921 154.78
95.1991 30.1324 31.4116 4.75916 154.735
95.2991 30.103 31.4569 4.7591 154.69
95.3991 30.0735 31.5021 4.75902 154.645
95.4991 30.044 31.5474 4.75893 154.599
95.5991 30.0145 31.5926 4.75882 154.554
95.6991 29.9849 31.6378 4.7587 154.509
95.7991 29.9553 31.683 4.75856 154.464
95.8991 29.9257 31.7282 4.75841 154.419
95.9991 29.896 31.7734 4.75825 154.373
96.0991 29.8664 31.8185 4.75807 154.328
96.1991 29.8367 31.8637 4.75787 154.283
96.2991 29.8069 31.9089 4.75766 154.238
96.3991 29.7772 31.954 4.75744 154.193
96.4991 29.7474 31.9992 4.7572 154.148
96.5991 29.7176 32.0443 4.75695 154.102
96.6991 29.6877 32.0894 4.75668 154.057
96.7991 29.6579 32.1346 4.7564 154.012
96.8991 29.628 32.1797 4.7561 153.967
96.9991 29.598 32.2248 4.75579 153.922
97.0991 29.5681 32.2699 4.75546 153.877
97.1991 29.5381 32.3149 4.75512 153.832
97.2991 29.5081 32.36 4.75476 153.787
97.3991 29.4781 32.4051 4.75439 153.742
97.4991 29.448 32.4501 4.75401 153.697
97.5991 29.4179 32.4952 4.75361 153.652
97.6991 29.3878 32.5402 4.75319 153.607
97.7991 29.3576 32.5852 4.75276 153.561
97.8991 29.3275 32.6302 4.75232 153.516
97.9991 29.2973 32.6752 4.75186 153.471
98.0991 29.2671 32.7202 4.75139 153.427
98.1991 29.2368 32.7652 4.7509 153.382
98.2991 29.2065 32.8101 4.75039 153.337
98.3991 29.1762 32.8551 4.74988 153.292
98.4991 29.1459 32.9 4.74934 153.247
98.5991 29.1156 32.9449 4.7488 153.202
98.6991 29.0852 32.9899 4.74824 153.157
98.7991 29.0548 33.0348 4.74766 153.112
98.8991 29.0243 33.0796 4.74707 153.067
98.9991 28.9939 33.1245 4.74646 153.022
99.0991 28.9634 33.1694 4.74584 152.977
99.1991 28.9329 33.2143 4.7452 152.932
99.2991 28.9023 33.2591 4.74455 152.888
99.3991 28.8718 33.3039 4.74389 152.843
99.4991 28.8412 33.3487 4.74321 152.798
99.5991 28.8106 33.3935 4.74251 152.753
99.6991 28.78 33.4383 4.7418 152.708
99.799 28.7493 33.4831 4.74108 152.664
99.899 28.7186 33.5279 4.74034 152.619
99.999 28.6879 33.5726 4.73959 152.574
100.099 28.6572 33.6174 4.73882 152.529
100.199 28.6264 33.6621 4.73803 152.485
100.299 28.5956 33.7068 4.73723 152.44
100.399 28.5648 33.7515 4.73642 152.395
100.499 28.534 33.7962 4.73559 152.351
100.599 28.5031 33.8408 4.73475 152.306
100.699 28.4722 33.8855 4.73389 152.261
100.799 28.4413 33.9301 4.73302 152.217
100.899 28.4104 33.9747 4.73213 152.172
100.999 28.3794 34.0193 4.73123 152.127
101.099 28.3484 34.0639 4.73031 152.083
101.199 28.3174 34.1085 4.72938 152.038
101.299 28.2864 34.1531 4.72843 151.994
101.399 28.2553 34.1976 4.72747 151.949
101.499 28.2242 34.2421 4.7265 151.905
101.599 28.1931 34.2866 4.7255 151.86
101.699 28.162 34.3311 4.7245 151.816
101.799 28.1309 34.3756 4.72348 151.771
101.899 28.0997 34.4201 4.72244 151.727
101.999 28.0685 34.4645 4.72139 151.682
102.099 28.0373 34.509 4.72032 151.638
102.199 28.006 34.5534 4.71924 151.593
102.299 27.9748 34.5978 4.71815 151.549
102.399 27.9435 34.6422 4.71704 151.505
102.499 27.9121 34.6865 4.71591 151.46
102.599 27.8808 34.7309 4.71477 151.416
102.699 27.8494 34.7752 4.71362 151.372
102.799 27.8181 34.8195 4.71245 151.327
102.899 27.7866 34.8638 4.71126 151.283
102.999 27.7552 34.9081 4.71006 151.239
103.099 27.7238 34.9523 4.70885 151.194
103.199 27.6923 34.9966 4.70762 151.15
103.299 27.6608 35.0408 4.70637 151.106
103.399 27.6293 35.085 4.70511 151.062
103.499 27.5977 35.1292 4.70384 151.018
103.599 27.5662 35.1734 4.70255 150.973
103.699 27.5346 35.2175 4.70124 150.929
103.799 27.503 35.2616 4.69992 150.885
103.899 27.4713 35.3058 4.69859 150.841
103.999 27.4397 35.3498 4.69724 150.797
104.099 27.408 35.3939 4.69588 150.753
104.199 27.3763 35.438 4.6945 150.709
104.299 27.3446 35.482 4.6931 150.665
104.399 27.3128 35.526 4.69169 150.621
104.499 27.2811 35.57 4.69027 150.577
104.599 27.2493 35.614 4.68883 150.533
104.699 27.2175 35.6579 4.68738 150.489
104.799 27.1856 35.7019 4.68591 150.445
104.899 27.1538 35.7458 4.68443 150.401
104.999 27.1219 35.7897 4.68293 150.357
105.099 27.09 35.8336 4.68141 150.313
105.199 27.0581 35.8774 4.67989 150.269
105.299 27.0261 35.9213 4.67834 150.225
105.399 26.9942 35.9651 4.67678 150.182
105.499 26.9622 36.0089 4.67521 150.138
105.599 26.9302 36.0526 4.67362 150.094
105.699 26.8982 36.0964 4.67202 150.05
105.799 26.8661 36.1401 4.6704 150.007
105.899 26.8341 36.1838 4.66877 149.963
105.999 26.802 36.2275 4.66712 149.919
106.099 26.7699 36.2712 4.66545 149.876
106.199 26.7377 36.3148 4.66378 149.832
106.299 26.7056 36.3584 4.66208 149.788
106.399 26.6734 36.402 4.66037 149.745
106.499 26.6412 36.4456 4.65865 149.701
106.599 26.609 36.4891 4.65691 149.658
106.699 26.5768 36.5327 4.65516 149.614
106.799 26.5445 36.5762 4.65339 149.571
106.899 26.5122 36.6196 4.65161 149.527
106.999 26.48 36.6631 4.64981 149.484
107.099 26.4476 36.7065 4.648 149.44
107.199 26.4153 36.75 4.64617 149.397
107.299 26.383 36.7933 4.64433 149.353
107.399 26.3506 36.8367 4.64247 149.31
107.499 26.3182 36.88 4.6406 149.267
107.599 26.2858 36.9234 4.63871 149.223
107.699 26.2533 36.9667 4.6368 149.18
107.799 26.2209 37.0099 4.63489 149.137
107.899 26.1884 37.0532 4.63295 149.094
107.999 26.1559 37.0964 4.63101 149.05
108.099 26.1234 37.1396 4.62904 149.007
108.199 26.0909 37.1828 4.62707 148.964
108.299 26.0583 37.2259 4.62507 148.921
108.399 26.0257 37.269 4.62306 148.878
108.499 25.9931 37.3121 4.62104 148.835
108.599 25.9605 37.3552 4.619 148.791
108.699 25.9279 37.3983 4.61695 148.748
108.799 25.8953 37.4413 4.61488 148.705
108.899 25.8626 37.4843 4.6128 148.662
108.999 25.8299 37.5272 4.6107 148.619
109.099 25.7972 37.5702 4.60859 148.577
109.199 25.7645 37.6131 4.60646 148.534
109.299 25.7317 37.656 4.60432 148.491
109.399 25.699 37.6989 4.60216 148.448
109.499 25.6662 37.7417 4.59999 148.405
109.599 25.6334 37.7845 4.5978 148.362
109.699 25.6006 37.8273 4.5956 148.319
109.799 25.5677 37.8701 4.59338 148.277
109.899 25.5349 37.9128 4.59115 148.234
109.999 25.502 37.9555 4.5889 148.191
110.099 25.4691 37.9982 4.58664 148.149
110.199 25.4362 38.0408 4.58436 148.106
110.299 25.4032 38.0835 4.58207 148.063
110.399 25.3703 38.1261 4.57976 148.021
110.499 25.3373 38.1686 4.57744 147.978
110.599 25.3043 38.2112 4.5751 147.936
110.699 25.2713 38.2537 4.57275 147.893
110.799 25.2383 38.2962 4.57038 147.851
110.899 25.2053 38.3386 4.568 147.808
110.999 25.1722 38.3811 4.5656 147.766
111.099 25.1391 38.4235 4.56319 147.723
111.199 25.106 38.4658 4.56076 147.681
111.299 25.0729 38.5082 4.55832 147.639
111.399 25.0398 38.5505 4.55586 147.596
111.499 25.0066 38.5928 4.55339 147.554
111.599 24.9735 38.635 4.5509 147.512
111.699 24.9403 38.6773 4.5484 147.469
111.799 24.9071 38.7195 4.54588 147.427
111.899 24.8739 38.7616 4.54335 147.385
111.999 24.8406 38.8038 4.5408 147.343
112.099 24.8074 38.8459 4.53824 147.301
112.199 24.7741 38.8879 4.53566 147.259
112.299 24.7408 38.93 4.53307 147.217
112.399 24.7075 38.972 4.53046 147.175
112.499 24.6742 39.014 4.52784 147.133
112.599 24.6408 39.056 4.5252 147.091
112.699 24.6075 39.0979 4.52255 147.049
112.799 24.5741 39.1398 4.51989 147.007
112.899 24.5407 39.1817 4.5172 146.965
112.999 24.5073 39.2235 4.51451 146.923
113.099 24.4739 39.2653 4.5118 146.881
113.199 24.4404 39.3071 4.50907 146.84
113.299 24.407 39.3488 4.50633 146.798
113.399 24.3735 39.3905 4.50357 146.756
113.499 24.34 39.4322 4.5008 146.714
113.599 24.3065 39.4739 4.49801 146.673
113.699 24.273 39.5155 4.49521 146.631
113.799 24.2394 39.5571 4.4924 146.59
113.899 24.2058 39.5986 4.48957 146.548
113.999 24.1723 39.6401 4.48672 146.507
114.099 24.1387 39.6816 4.48386 146.465
114.199 24.1051 39.7231 4.48098 146.424
114.299 24.0714 39.7645 4.47809 146.382
114.399 24.0378 39.8059 4.47519 146.341
114.499 24.0041 39.8473 4.47227 146.299
114.599 23.9705 39.8886 4.46933 146.258
114.699 23.9368 39.9299 4.46638 146.217
114.799 23.9031 39.9711 4.46342 146.176
114.899 23.8693 40.0124 4.46044 146.134
114.999 23.8356 40.0536 4.45744 146.093
115.099 23.8018 40.0947 4.45443 146.052
115.199 23.7681 40.1358 4.45141 146.011
115.299 23.7343 40.1769 4.44837 145.97
115.399 23.7005 40.218 4.44532 145.929
115.499 23.6667 40.259 4.44225 145.888
115.599 23.6328 40.3 4.43916 145.847
115.699 23.599 40.341 4.43606 145.806
115.799 23.5651 40.3819 4.43295 145.765
115.899 23.5312 40.4228 4.42982 145.724
115.999 23.4973 40.4636 4.42668 145.683
116.099 23.4634 40.5044 4.42352 145.642
116.199 23.4295 40.5452 4.42035 145.601
116.299 23.3955 40.586 4.41716 145.561
116.399 23.3616 40.6267 4.41396 145.52
116.499 23.3276 40.6674 4.41074 145.479
116.599 23.2936 40.708 4.40751 145.439
116.699 23.2596 40.7486 4.40426 145.398
116.799 23.2256 40.7892 4.401 145.358
116.899 23.1915 40.8297 4.39772 145.317
116.999 23.1575 40.8702 4.39443 145.276
117.099 23.1234 40.9107 4.39113 145.236
117.199 23.0893 40.9511 4.38781 145.196
117.299 23.0552 40.9915 4.38447 145.155
117.399 23.0211 41.0318 4.38112 145.115
117.499 22.987 41.0722 4.37775 145.075
117.599 22.9529 41.1124 4.37437 145.034
117.699 22.9187 41.1527 4.37098 144.994
117.799 22.8845 41.1929 4.36757 144.954
117.899 22.8503 41.2331 4.36415 144.914
117.999 22.8161 41.2732 4.36071 144.873
118.099 22.7819 41.3133 4.35725 144.833
118.199 22.7477 41.3534 4.35378 144.793
118.299 22.7135 41.3934 4.3503 144.753
118.399 22.6792 41.4334 4.3468 144.713
118.499 22.6449 41.4733 4.34329 144.673
118.599 22.6106 41.5132 4.33976 144.633
118.699 22.5763 41.5531 4.33622 144.594
118.799 22.542 41.5929 4.33266 144.554
118.899 22.5077 41.6327 4.32909 144.514
118.999 22.4733 41.6725 4.32551 144.474
119.099 22.439 41.7122 4.32191 144.435
119.199 22.4046 41.7519 4.31829 144.395
119.299 22.3702 41.7915 4.31466 144.355
119.399 22.3358 41.8311 4.31102 144.316
119.499 22.3014 41.8707 4.30736 144.276
119.599 22.267 41.9102 4.30368 144.237
119.699 22.2325 41.9497 4.29999 144.197
119.799 22.1981 41.9891 4.29629 144.158
119.899 22.1636 42.0285 4.29257 144.118
119.999 22.1291 42.0679 4.28884 144.079
120.099 22.0946 42.1072 4.28509 144.039
120.199 22.0601 42.1465 4.28133 144
120.299 22.0256 42.1857 4.27756 143.961
120.399 21.991 42.225 4.27377 143.922
120.499 21.9565 42.2641 4.26996 143.883
120.599 21.9219 42.3032 4.26614 143.843
120.699 21.8873 42.3423 4.2623 143.804
120.799 21.8527 42.3814 4.25846 143.765
120.899 21.8181 42.4204 4.25459 143.726
120.999 21.7835 42.4593 4.25071 143.687
121.099 21.7488 42.4983 4.24682 143.648
121.199 21.7142 42.5372 4.24291 143.61
121.299 21.6795 42.576 4.23899 143.571
121.399 21.6449 42.6148 4.23506 143.532
121.499 21.6102 42.6536 4.2311 143.493
121.599 21.5755 42.6923 4.22714 143.454
121.699 21.5408 42.7309 4.22316 143.416
121.799 21.506 42.7696 4.21916 143.377
121.899 21.4713 42.8082 4.21516 143.339
121.999 21.4365 42.8467 4.21113 143.3
122.099 21.4018 42.8852 4.20709 143.261
122.199 21.367 42.9237 4.20304 143.223
122.299 21.3322 42.9621 4.19898 143.185
122.399 21.2974 43.0005 4.19489 143.146
122.499 21.2626 43.0388 4.1908 143.108
122.599 21.2277 43.0771 4.18669 143.07
122.699 21.1929 43.1154 4.18256 143.031
122.799 21.158 43.1536 4.17842 142.993
122.899 21.1232 43.1918 4.17427 142.955
122.999 21.0883 43.2299 4.1701 142.917
123.099 21.0534 43.268 4.16592 142.879
123.199 21.0185 43.306 4.16173 142.841
123.299 20.9835 43.344 4.15751 142.803
123.399 20.9486 43.382 4.15329 142.765
123.499 20.9137 43.4199 4.14905 142.727
123.599 20.8787 43.4577 4.1448 142.689
123.699 20.8437 43.4956 4.14053 142.651
123.799 20.8087 43.5333 4.13625 142.613
123.899 20.7737 43.5711 4.13195 142.576
123.999 20.7387 43.6087 4.12764 142.538
124.099 20.7037 43.6464 4.12331 142.5
124.199 20.6687 43.684 4.11897 142.463
124.299 20.6336 43.7215 4.11462 142.425
124.399 20.5986 43.7591 4.11025 142.388
124.499 20.5635 43.7965 4.10587 142.35
124.599 20.5284 43.8339 4.10147 142.313
124.699 20.4933 43.8713 4.09706 142.275
124.799 20.4582 43.9086 4.09264 142.238
124.899 20.4231 43.9459 4.0882 142.201
124.999 20.388 43.9832 4.08374 142.164
125.099 20.3528 44.0204 4.07927 142.126
125.199 20.3177 44.0575 4.07479 142.089
125.299 20.2825 44.0946 4.0703 142.052
125.399 20.2473 44.1317 4.06579 142.015
125.499 20.2122 44.1687 4.06126 141.978
125.599 20.177 44.2056 4.05672 141.941
125.699 20.1417 44.2426 4.05217 141.904
125.799 20.1065 44.2794 4.0476 141.867
125.899 20.0713 44.3163 4.04302 141.83
125.999 20.036 44.353 4.03843 141.794
126.099 20.0008 44.3898 4.03382 141.757
126.199 19.9655 44.4265 4.02919 141.72
126.299 19.9302 44.4631 4.02456 141.684
126.399 19.8949 44.4997 4.01991 141.647
126.499 19.8596 44.5362 4.01524 141.61
126.599 19.8243 44.5727 4.01056 141.574
126.699 19.789 44.6092 4.00587 141.538
126.799 19.7536 44.6456 4.00116 141.501
126.899 19.7183 44.6819 3.99644 141.465
126.999 19.6829 44.7183 3.9917 141.428
127.099 19.6476 44.7545 3.98695 141.392
127.199 19.6122 44.7907 3.98219 141.356
127.299 19.5768 44.8269 3.97741 141.32
127.399 19.5414 44.863 3.97262 141.284
127.499 19.506 44.8991 3.96781 141.248
127.599 19.4705 44.9351 3.963 141.212
127.699 19.4351 44.9711 3.95816 141.176
127.799 19.3996 45.007 3.95331 141.14
127.899 19.3642 45.0429 3.94845 141.104
127.999 19.3287 45.0787 3.94358 141.068
128.099 19.2932 45.1145 3.93869 141.032
128.199 19.2577 45.1502 3.93379 140.996
128.299 19.2222 45.1859 3.92887 140.961
128.399 19.1867 45.2215 3.92394 140.925
128.499 19.1512 45.2571 3.91899 140.89
128.599 19.1156 45.2926 3.91404 140.854
128.699 19.0801 45.3281 3.90906 140.819
128.799 19.0445 45.3636 3.90408 140.783
128.899 19.0089 45.3989 3.89908 140.748
128.999 18.9734 45.4343 3.89406 140.712
129.099 18.9378 45.4696 3.88904 140.677
129.199 18.9022 45.5048 3.884 140.642
129.299 18.8666 45.54 3.87894 140.607
129.399 18.8309 45.5751 3.87387 140.572
129.499 18.7953 45.6102 3.86879 140.536
129.599 18.7597 45.6452 3.8637 140.501
129.699 18.724 45.6802 3.85859 140.466
129.799 18.6883 45.7152 3.85346 140.432
129.899 18.6527 45.75 3.84833 140.397
129.999 18.617 45.7849 3.84318 140.362
130.099 18.5813 45.8197 3.83801 140.327
130.199 18.5456 45.8544 3.83283 140.292
130.299 18.5098 45.8891 3.82764 140.258
130.399 18.4741 45.9237 3.82244 140.223
130.499 18.4384 45.9583 3.81722 140.188
130.599 18.4026 45.9928 3.81199 140.154
130.699 18.3669 46.0273 3.80674 140.119
130.799 18.3311 46.0617 3.80148 140.085
130.899 18.2953 46.0961 3.79621 140.051
130.999 18.2595 46.1304 3.79092 140.016
131.099 18.2237 46.1646 3.78562 139.982
131.199 18.1879 46.1989 3.78031 139.948
131.299 18.1521 46.233 3.77498 139.914
131.399 18.1163 46.2671 3.76964 139.88
131.499 18.0805 46.3012 3.76429 139.846
131.599 18.0446 46.3352 3.75892 139.812
131.699 18.0087 46.3691 3.75354 139.778
131.799 17.9729 46.403 3.74815 139.744
131.899 17.937 46.4369 3.74274 139.71
131.999 17.9011 46.4707 3.73732 139.676
132.099 17.8652 46.5044 3.73189 139.642
132.199 17.8293 46.5381 3.72644 139.609
132.299 17.7934 46.5717 3.72098 139.575
132.399 17.7575 46.6053 3.71551 139.541
132.499 17.7215 46.6388 3.71002 139.508
132.599 17.6856 46.6723 3.70452 139.474
132.699 17.6496 46.7057 3.69901 139.441
132.799 17.6137 46.7391 3.69348 139.408
132.899 17.5777 46.7724 3.68794 139.374
132.999 17.5417 46.8057 3.68239 139.341
133.099 17.5057 46.8389 3.67682 139.308
133.199 17.4697 46.872 3.67124 139.275
133.299 17.4337 46.9051 3.66565 139.242
133.399 17.3977 46.9381 3.66004 139.209
133.499 17.3617 46.9711 3.65442 139.176
133.599 17.3257 47.0041 3.64879 139.143
133.699 17.2896 47.0369 3.64315 139.11
133.799 17.2535 47.0698 3.63749 139.077
133.899 17.2175 47.1025 3.63182 139.044
133.999 17.1814 47.1352 3.62613 139.011
134.099 17.1453 47.1679 3.62043 138.979
134.199 17.1092 47.2005 3.61472 138.946
134.299 17.0731 47.233 3.609 138.914
134.399 17.037 47.2655 3.60326 138.881
134.499 17.0009 47.298 3.59751 138.849
134.599 16.9648 47.3304 3.59175 138.816
134.699 16.9286 47.3627 3.58598 138.784
134.799 16.8925 47.3949 3.58019 138.752
134.899 16.8563 47.4272 3.57439 138.72
134.999 16.8202 47.4593 3.56857 138.687
135.099 16.784 47.4914 3.56275 138.655
135.199 16.7478 47.5235 3.55691 138.623
135.299 16.7116 47.5554 3.55105 138.591
135.399 16.6754 47.5874 3.54519 138.559
135.499 16.6392 47.6193 3.53931 138.527
135.599 16.603 47.6511 3.53342 138.496
135.699 16.5668 47.6828 3.52751 138.464
135.799 16.5306 47.7145 3.5216 138.432
135.899 16.4943 47.7462 3.51567 138.401
135.999 16.4581 47.7778 3.50972 138.369
136.099 16.4218 47.8093 3.50377 138.337
136.199 16.3856 47.8408 3.4978 138.306
136.299 16.3493 47.8722 3.49182 138.274
136.399 16.313 47.9036 3.48583 138.243
136.499 16.2767 47.9349 3.47982 138.212
136.599 16.2404 47.9661 3.4738 138.181
136.699 16.2041 47.9973 3.46777 138.149
136.799 16.1678 48.0285 3.46173 138.118
136.899 16.1315 48.0595 3.45567 138.087
136.999 16.0951 48.0905 3.44961 138.056
137.099 16.0588 48.1215 3.44352 138.025
137.199 16.0224 48.1524 3.43743 137.994
137.299 15.9861 48.1832 3.43132 137.963
137.399 15.9497 48.214 3.42521 137.933
137.499 15.9133 48.2448 3.41907 137.902
137.599 15.877 48.2754 3.41293 137.871
137.699 15.8406 48.306 3.40678 137.841
137.799 15.8042 48.3366 3.40061 137.81
137.899 15.7678 48.3671 3.39443 137.78
137.999 15.7313 48.3975 3.38823 137.749
138.099 15.6949 48.4279 3.38203 137.719
138.199 15.6585 48.4582 3.37581 137.689
138.299 15.6221 48.4884 3.36958 137.658
138.399 15.5856 48.5186 3.36334 137.628
138.499 15.5492 48.5488 3.35708 137.598
138.599 15.5127 48.5789 3.35081 137.568
138.699 15.4762 48.6089 3.34453 137.538
138.799 15.4397 48.6388 3.33824 137.508
138.899 15.4033 48.6687 3.33194 137.478
138.999 15.3668 48.6986 3.32562 137.448
139.099 15.3303 48.7283 3.3193 137.418
139.199 15.2938 48.7581 3.31296 137.389
139.299 15.2572 48.7877 3.3066 137.359
139.399 15.2207 48.8173 3.30024 137.329
139.499 15.1842 48.8469 3.29386 137.3
139.599 15.1476 48.8763 3.28747 137.27
139.699 15.1111 48.9058 3.28107 137.241
139.799 15.0745 48.9351 3.27466 137.212
139.899 15.038 48.9644 3.26823 137.182
139.999 15.0014 48.9937 3.2618 137.153
140.099 14.9648 49.0228 3.25535 137.124
140.199 14.9283 49.0519 3.24889 137.095
140.299 14.8917 49.081 3.24242 137.066
140.399 14.8551 49.11 3.23593 137.037
140.499 14.8185 49.1389 3.22943 137.008
140.599 14.7818 49.1678 3.22293 136.979
140.699 14.7452 49.1966 3.21641 136.95
140.799 14.7086 49.2253 3.20987 136.921
140.899 14.672 49.254 3.20333 136.893
140.999 14.6353 49.2827 3.19677 136.864
141.099 14.5987 49.3112 3.19021 136.835
141.199 14.562 49.3397 3.18363 136.807
141.299 14.5254 49.3682 3.17704 136.779
141.399 14.4887 49.3965 3.17043 136.75
141.499 14.452 49.4249 3.16382 136.722
141.599 14.4153 49.4531 3.15719 136.694
141.699 14.3786 49.4813 3.15056 136.665
141.799 14.3419 49.5094 3.14391 136.637
141.899 14.3052 49.5375 3.13725 136.609
141.999 14.2685 49.5655 3.13057 136.581
142.099 14.2318 49.5934 3.12389 136.553
142.199 14.1951 49.6213 3.11719 136.525
142.299 14.1583 49.6491 3.11049 136.498
142.399 14.1216 49.6769 3.10377 136.47
142.499 14.0848 49.7046 3.09704 136.442
142.6 14.0481 49.7322 3.0903 136.414
142.7 14.0113 49.7598 3.08354 136.387
142.8 13.9745 49.7873 3.07678 136.359
142.9 13.9378 49.8147 3.07 136.332
143 13.901 49.8421 3.06322 136.305
143.1 13.8642 49.8694 3.05642 136.277
143.2 13.8274 49.8967 3.04961 136.25
143.3 13.7906 49.9238 3.04279 136.223
143.4 13.7538 49.951 3.03595 136.196
143.5 13.717 49.978 3.02911 136.169
143.6 13.6802 50.005 3.02226 136.142
143.7 13.6433 50.032 3.01539 136.115
143.8 13.6065 50.0588 3.00851 136.088
143.9 13.5696 50.0856 3.00162 136.061
144 13.5328 50.1124 2.99472 136.034
144.1 13.4959 50.139 2.98781 136.008
144.2 13.4591 50.1656 2.98089 135.981
144.3 13.4222 50.1922 2.97396 135.955
144.4 13.3853 50.2187 2.96701 135.928
144.5 13.3485 50.2451 2.96006 135.902
144.6 13.3116 50.2714 2.95309 135.875
144.7 13.2747 50.2977 2.94612 135.849
144.8 13.2378 50.324 2.93913 135.823
144.9 13.2009 50.3501 2.93213 135.797
145 13.164 50.3762 2.92512 135.77
145.1 13.127 50.4022 2.9181 135.744
145.2 13.0901 50.4282 2.91107 135.718
145.3 13.0532 50.4541 2.90402 135.693
145.4 13.0162 50.4799 2.89697 135.667
145.5 12.9793 50.5057 2.88991 135.641
145.6 12.9423 50.5314 2.88283 135.615
145.7 12.9054 50.557 2.87574 135.59
145.8 12.8684 50.5826 2.86865 135.564
145.9 12.8315 50.6081 2.86154 135.539
146 12.7945 50.6336 2.85442 135.513
146.1 12.7575 50.6589 2.84729 135.488
146.2 12.7205 50.6842 2.84015 135.462
146.3 12.6835 50.7095 2.833 135.437
146.4 12.6465 50.7347 2.82584 135.412
146.5 12.6095 50.7598 2.81867 135.387
146.6 12.5725 50.7848 2.81149 135.362
146.7 12.5355 50.8098 2.8043 135.337
146.8 12.4985 50.8347 2.7971 135.312
146.9 12.4614 50.8596 2.78988 135.287
147 12.4244 50.8843 2.78266 135.262
147.1 12.3874 50.909 2.77543 135.238
147.2 12.3503 50.9337 2.76818 135.213
147.3 12.3133 50.9583 2.76093 135.188
147.4 12.2762 50.9828 2.75366 135.164
147.5 12.2392 51.0072 2.74638 135.139
147.6 12.2021 51.0316 2.7391 135.115
147.7 12.165 51.0559 2.7318 135.091
147.8 12.1279 51.0802 2.7245 135.067
147.9 12.0908 51.1043 2.71718 135.042
148 12.0538 51.1285 2.70985 135.018
148.1 12.0167 51.1525 2.70252 134.994
148.2 11.9796 51.1765 2.69517 134.97
148.3 11.9424 51.2004 2.68781 134.946
148.4 11.9053 51.2242 2.68044 134.922
148.5 11.8682 51.248 2.67307 134.899
148.6 11.8311 51.2717 2.66568 134.875
148.7 11.794 51.2954 2.65828 134.851
148.8 11.7568 51.3189 2.65087 134.828
148.9 11.7197 51.3424 2.64345 134.804
149 11.6825 51.3659 2.63603 134.781
149.1 11.6454 51.3892 2.62859 134.757
149.2 11.6082 51.4125 2.62114 134.734
149.3 11.5711 51.4358 2.61368 134.711
149.4 11.5339 51.4589 2.60622 134.688
149.5 11.4967 51.482 2.59874 134.665
149.6 11.4595 51.505 2.59125 134.642
149.7 11.4223 51.528 2.58376 134.619
149.8 11.3852 51.5509 2.57625 134.596
149.9 11.348 51.5737 2.56873 134.573
150 11.3108 51.5965 2.56121 134.55
150.1 11.2736 51.6191 2.55367 134.528
150.2 11.2363 51.6418 2.54613 134.505
150.3 11.1991 51.6643 2.53857 134.482
150.4 11.1619 51.6868 2.53101 134.46
150.5 11.1247 51.7092 2.52343 134.438
150.6 11.0875 51.7315 2.51585 134.415
150.7 11.0502 51.7538 2.50826 134.393
150.8 11.013 51.776 2.50065 134.371
150.9 10.9757 51.7981 2.49304 134.349
151 10.9385 51.8202 2.48542 134.326
151.1 10.9012 51.8422 2.47779 134.305
151.2 10.864 51.8641 2.47015 134.283
151.3 10.8267 51.886 2.4625 134.261
151.4 10.7894 51.9078 2.45484 134.239
151.5 10.7521 51.9295 2.44717 134.217
151.6 10.7149 51.9511 2.4395 134.196
151.7 10.6776 51.9727 2.43181 134.174
151.8 10.6403 51.9942 2.42411 134.153
151.9 10.603 52.0156 2.41641 134.131
152 10.5657 52.037 2.40869 134.11
152.1 10.5284 52.0583 2.40097 134.088
152.2 10.4911 52.0795 2.39324 134.067
152.3 10.4538 52.1007 2.38549 134.046
152.4 10.4164 52.1218 2.37774 134.025
152.5 10.3791 52.1428 2.36998 134.004
152.6 10.3418 52.1637 2.36221 133.983
152.7 10.3045 52.1846 2.35444 133.962
152.8 10.2671 52.2054 2.34665 133.941
152.9 10.2298 52.2261 2.33885 133.921
153 10.1924 52.2468 2.33105 133.9
153.1 10.1551 52.2674 2.32323 133.879
153.2 10.1177 52.2879 2.31541 133.859
153.3 10.0804 52.3084 2.30758 133.838
153.4 10.043 52.3287 2.29974 133.818
153.5 10.0056 52.349 2.29189 133.798
153.6 9.96825 52.3693 2.28403 133.777
153.7 9.93087 52.3894 2.27617 133.757
153.8 9.89348 52.4095 2.26829 133.737
153.9 9.85609 52.4296 2.26041 133.717
154 9.8187 52.4495 2.25252 133.697
154.1 9.7813 52.4694 2.24462 133.677
154.2 9.7439 52.4892 2.23671 133.657
154.3 9.7065 52.509 2.22879 133.638
154.4 9.66909 52.5286 2.22086 133.618
154.5 9.63167 52.5482 2.21293 133.598
154.6 9.59425 52.5677 2.20498 133.579
154.7 9.55683 52.5872 2.19703 133.56
154.8 9.5194 52.6066 2.18907 133.54
154.9 9.48197 52.6259 2.1811 133.521
155 9.44453 52.6451 2.17313 133.502
155.1 9.40709 52.6643 2.16514 133.482
155.2 9.36965 52.6834 2.15715 133.463
155.3 9.3322 52.7024 2.14915 133.444
155.4 9.29475 52.7214 2.14114 133.425
155.5 9.25729 52.7402 2.13312 133.406
155.6 9.21983 52.759 2.12509 133.388
155.7 9.18236 52.7778 2.11706 133.369
155.8 9.14489 52.7964 2.10901 133.35
155.9 9.10742 52.815 2.10096 133.332
156 9.06994 52.8335 2.0929 133.313
156.1 9.03246 52.852 2.08484 133.295
156.2 8.99498 52.8704 2.07676 133.276
156.3 8.95749 52.8887 2.06868 133.258
156.4 8.91999 52.9069 2.06059 133.24
156.5 8.8825 52.925 2.05249 133.222
156.6 8.845 52.9431 2.04438 133.204
156.7 8.80749 52.9611 2.03627 133.186
156.8 8.76998 52.9791 2.02815 133.168
156.9 8.73247 52.9969 2.02002 133.15
157 8.69495 53.0147 2.01188 133.132
157.1 8.65743 53.0324 2.00373 133.114
157.2 8.61991 53.0501 1.99558 133.097
157.3 8.58238 53.0676 1.98742 133.079
157.4 8.54485 53.0851 1.97925 133.062
157.5 8.50731 53.1026 1.97108 133.044
157.6 8.46977 53.1199 1.96289 133.027
157.7 8.43223 53.1372 1.9547 133.01
157.8 8.39468 53.1544 1.9465 132.992
157.9 8.35713 53.1715 1.9383 132.975
158 8.31957 53.1886 1.93008 132.958
158.1 8.28202 53.2056 1.92186 132.941
158.2 8.24445 53.2225 1.91363 132.924
158.3 8.20689 53.2393 1.9054 132.907
158.4 8.16932 53.2561 1.89715 132.891
158.5 8.13175 53.2728 1.8889 132.874
158.6 8.09417 53.2894 1.88065 132.857
158.7 8.05659 53.3059 1.87238 132.841
158.8 8.01901 53.3224 1.86411 132.824
158.9 7.98142 53.3388 1.85583 132.808
159.001 7.94383 53.3551 1.84754 132.792
159.101 7.90624 53.3713 1.83925 132.775
159.201 7.86864 53.3875 1.83095 132.759
159.301 7.83104 53.4036 1.82264 132.743
159.401 7.79344 53.4196 1.81433 132.727
159.501 7.75583 53.4356 1.806 132.711
159.601 7.71822 53.4515 1.79768 132.695
159.701 7.6806 53.4673 1.78934 132.679
159.801 7.64299 53.483 1.781 132.664
159.901 7.60537 53.4986 1.77265 132.648
160.001 7.56774 53.5142 1.76429 132.632
160.101 7.53011 53.5297 1.75593 132.617
160.201 7.49248 53.5451 1.74756 132.602
160.301 7.45485 53.5605 1.73918 132.586
160.401 7.41721 53.5758 1.7308 132.571
160.501 7.37957 53.591 1.72241 132.556
160.601 7.34193 53.6061 1.71401 132.541
160.701 7.30428 53.6212 1.70561 132.526
160.801 7.26663 53.6361 1.6972 132.511
160.901 7.22898 53.651 1.68878 132.496
161.001 7.19132 53.6659 1.68036 132.481
161.101 7.15366 53.6806 1.67193 132.466
161.201 7.116 53.6953 1.66349 132.451
161.301 7.07833 53.7099 1.65505 132.437
161.401 7.04066 53.7244 1.6466 132.422
161.501 7.00299 53.7389 1.63815 132.408
161.601 6.96532 53.7533 1.62968 132.393
161.701 6.92764 53.7676 1.62122 132.379
161.801 6.88996 53.7818 1.61274 132.365
161.901 6.85228 53.796 1.60426 132.351
162.001 6.81459 53.81 1.59577 132.337
162.101 6.7769 53.824 1.58728 132.323
162.201 6.73921 53.838 1.57878 132.309
162.301 6.70151 53.8518 1.57028 132.295
162.401 6.66381 53.8656 1.56177 132.281
162.501 6.62611 53.8793 1.55325 132.267
162.601 6.58841 53.8929 1.54472 132.254
162.701 6.5507 53.9065 1.5362 132.24
162.801 6.51299 53.9199 1.52766 132.227
162.901 6.47528 53.9333 1.51912 132.213
163.001 6.43756 53.9467 1.51057 132.2
163.101 6.39984 53.9599 1.50202 132.187
163.201 6.36212 53.9731 1.49346 132.174
163.301 6.3244 53.9862 1.4849 132.161
163.401 6.28667 53.9992 1.47632 132.148
163.501 6.24894 54.0121 1.46775 132.135
163.601 6.21121 54.025 1.45917 132.122
163.701 6.17348 54.0378 1.45058 132.109
163.801 6.13574 54.0505 1.44199 132.096
163.901 6.098 54.0631 1.43339 132.084
164.001 6.06026 54.0757 1.42478 132.071
164.101 6.02251 54.0882 1.41617 132.059
164.201 5.98477 54.1006 1.40756 132.046
164.301 5.94702 54.1129 1.39894 132.034
164.401 5.90926 54.1252 1.39031 132.022
164.501 5.87151 54.1374 1.38168 132.009
164.601 5.83375 54.1495 1.37304 131.997
164.701 5.79599 54.1615 1.3644 131.985
164.801 5.75823 54.1734 1.35575 131.973
164.901 5.72046 54.1853 1.3471 131.961
165.001 5.68269 54.1971 1.33844 131.95
165.101 5.64492 54.2088 1.32978 131.938
165.201 5.60715 54.2205 1.32111 131.926
165.301 5.56938 54.232 1.31243 131.915
165.401 5.5316 54.2435 1.30376 131.903
165.501 5.49382 54.2549 1.29507 131.892
165.601 5.45604 54.2663 1.28638 131.88
165.701 5.41825 54.2775 1.27769 131.869
165.801 5.38047 54.2887 1.26899 131.858
165.901 5.34268 54.2998 1.26029 131.847
166.001 5.30489 54.3109 1.25158 131.836
166.101 5.26709 54.3218 1.24286 131.825
166.201 5.2293 54.3327 1.23414 131.814
166.301 5.1915 54.3435 1.22542 131.803
166.401 5.1537 54.3542 1.21669 131.792
166.501 5.1159 54.3649 1.20796 131.782
166.601 5.07809 54.3754 1.19922 131.771
166.701 5.04029 54.3859 1.19048 131.761
166.801 5.00248 54.3963 1.18173 131.75
166.901 4.96467 54.4067 1.17298 131.74
167.001 4.92685 54.4169 1.16423 131.73
167.101 4.88904 54.4271 1.15546 131.72
167.201 4.85122 54.4372 1.1467 131.709
167.301 4.8134 54.4472 1.13793 131.699
167.401 4.77558 54.4572 1.12916 131.69
167.501 4.73776 54.4671 1.12038 131.68
167.601 4.69993 54.4768 1.11159 131.67
167.701 4.66211 54.4866 1.10281 131.66
167.801 4.62428 54.4962 1.09402 131.65
167.901 4.58645 54.5058 1.08522 131.641
168.001 4.54861 54.5152 1.07642 131.631
168.101 4.51078 54.5247 1.06762 131.622
168.201 4.47294 54.534 1.05881 131.613
168.301 4.4351 54.5432 1.04999 131.603
168.401 4.39726 54.5524 1.04118 131.594
168.501 4.35942 54.5615 1.03236 131.585
168.601 4.32157 54.5705 1.02353 131.576
168.701 4.28373 54.5795 1.0147 131.567
168.801 4.24588 54.5883 1.00587 131.558
168.901 4.20803 54.5971 0.997033 131.55
169.001 4.17018 54.6058 0.988193 131.541
169.101 4.13232 54.6145 0.979348 131.532
169.201 4.09447 54.623 0.9705 131.524
169.301 4.05661 54.6315 0.961648 131.515
169.401 4.01875 54.6399 0.952792 131.507
169.501 3.98089 54.6482 0.943932 131.499
169.601 3.94303 54.6564 0.935069 131.49
169.701 3.90517 54.6646 0.926202 131.482
169.801 3.8673 54.6727 0.917332 131.474
169.901 3.82944 54.6807 0.908457 131.466
170.001 3.79157 54.6886 0.89958 131.458
170.101 3.7537 54.6965 0.890699 131.45
170.201 3.71582 54.7042 0.881814 131.442
170.301 3.67795 54.7119 0.872926 131.435
170.401 3.64008 54.7195 0.864034 131.427
170.501 3.6022 54.7271 0.855139 131.42
170.601 3.56432 54.7345 0.846241 131.412
170.701 3.52644 54.7419 0.837339 131.405
170.801 3.48856 54.7492 0.828434 131.397
170.901 3.45068 54.7564 0.819526 131.39
171.001 3.4128 54.7636 0.810614 131.383
171.101 3.37491 54.7707 0.8017 131.376
171.201 3.33702 54.7777 0.792782 131.369
171.301 3.29914 54.7846 0.783861 131.362
171.401 3.26125 54.7914 0.774937 131.355
171.501 3.22336 54.7981 0.766011 131.349
171.601 3.18546 54.8048 0.757081 131.342
171.701 3.14757 54.8114 0.748148 131.335
171.801 3.10967 54.8179 0.739212 131.329
171.901 3.07178 54.8244 0.730273 131.322
172.001 3.03388 54.8307 0.721332 131.316
172.101 2.99598 54.837 0.712387 131.31
172.201 2.95808 54.8432 0.70344 131.303
172.301 2.92018 54.8494 0.69449 131.297
172.401 2.88228 54.8554 0.685537 131.291
172.501 2.84437 54.8614 0.676582 131.285
172.601 2.80647 54.8673 0.667624 131.279
172.701 2.76856 54.8731 0.658663 131.274
172.801 2.73066 54.8788 0.6497 131.268
172.901 2.69275 54.8845 0.640734 131.262
173.001 2.65484 54.89 0.631766 131.257
173.101 2.61693 54.8955 0.622795 131.251
173.201 2.57902 54.901 0.613822 131.246
173.301 2.5411 54.9063 0.604846 131.24
173.401 2.50319 54.9116 0.595868 131.235
173.501 2.46528 54.9167 0.586888 131.23
173.601 2.42736 54.9218 0.577905 131.225
173.701 2.38944 54.9269 0.56892 131.22
173.801 2.35152 54.9318 0.559933 131.215
173.901 2.31361 54.9367 0.550944 131.21
174.001 2.27569 54.9415 0.541952 131.205
174.101 2.23776 54.9462 0.532958 131.201
174.201 2.19984 54.9508 0.523963 131.196
174.301 2.16192 54.9554 0.514965 131.191
174.401 2.124 54.9598 0.505965 131.187
174.501 2.08607 54.9642 0.496963 131.182
174.601 2.04815 54.9685 0.487959 131.178
174.701 2.01022 54.9728 0.478954 131.174
174.801 1.97229 54.9769 0.469946 131.17
174.901 1.93437 54.981 0.460937 131.166
175.001 1.89644 54.985 0.451925 131.162
175.101 1.85851 54.9889 0.442912 131.158
175.201 1.82058 54.9928 0.433898 131.154
175.301 1.78265 54.9965 0.424881 131.15
175.402 1.74471 55.0002 0.415863 131.146
175.502 1.70678 55.0038 0.406843 131.143
175.602 1.66885 55.0073 0.397822 131.139
175.702 1.63092 55.0108 0.388799 131.136
175.802 1.59298 55.0141 0.379775 131.133
175.902 1.55505 55.0174 0.370749 131.129
176.002 1.51711 55.0206 0.361721 131.126
176.102 1.47917 55.0238 0.352693 131.123
176.202 1.44124 55.0268 0.343662 131.12
176.302 1.4033 55.0298 0.334631 131.117
176.402 1.36536 55.0327 0.325598 131.114
176.502 1.32742 55.0355 0.316564 131.111
176.602 1.28948 55.0382 0.307528 131.108
176.702 1.25154 55.0409 0.298492 131.106
176.802 1.2136 55.0434 0.289454 131.103
176.902 1.17566 55.0459 0.280415 131.101
177.002 1.13772 55.0484 0.271375 131.098
177.102 1.09978 55.0507 0.262334 131.096
177.202 1.06183 55.053 0.253292 131.094
177.302 1.02389 55.0551 0.244249 131.092
177.402 0.985947 55.0572 0.235205 131.089
177.502 0.948004 55.0593 0.22616 131.087
177.602 0.910059 55.0612 0.217114 131.086
177.702 0.872115 55.0631 0.208067 131.084
177.802 0.83417 55.0648 0.19902 131.082
177.902 0.796225 55.0665 0.189971 131.08
178.002 0.758279 55.0682 0.180922 131.079
178.102 0.720333 55.0697 0.171872 131.077
178.202 0.682387 55.0712 0.162822 131.076
178.302 0.644441 55.0726 0.153771 131.074
178.402 0.606494 55.0739 0.144719 131.073
178.502 0.568547 55.0751 0.135667 131.072
178.602 0.5306 55.0762 0.126614 131.07
178.702 0.492652 55.0773 0.117561 131.069
178.802 0.454705 55.0783 0.108507 131.068
178.902 0.416757 55.0792 0.0994526 131.067
179.002 0.378809 55.08 0.090398 131.067
179.102 0.340861 55.0808 0.0813431 131.066
179.202 0.302912 55.0815 0.0722878 131.065
179.302 0.264964 55.0821 0.0632322 131.065
179.402 0.227015 55.0826 0.0541764 131.064
179.502 0.189067 55.083 0.0451204 131.064
179.602 0.151118 55.0834 0.0360642 131.063
179.702 0.113169 55.0836 0.0270079 131.063
179.802 0.0752204 55.0838 0.0179514 131.063
179.902 0.0372715 55.084 0.0088949 131.063
