0 6.97941e-15 5.14206 0 173.898
0.1 0.0994681 5.14209 0.00624958 173.898
0.2 0.198934 5.14218 0.0124992 173.898
0.3 0.298397 5.14234 0.0187487 173.898
0.4 0.397854 5.14256 0.0249982 173.897
0.5 0.497304 5.14284 0.0312476 173.897
0.6 0.596745 5.14318 0.037497 173.897
0.7 0.696175 5.14359 0.0437462 173.896
0.8 0.795592 5.14406 0.0499954 173.896
0.9 0.894995 5.14459 0.0562444 173.895
1 0.994381 5.14518 0.0624933 173.895
1.1 1.09375 5.14583 0.068742 173.894
1.2 1.1931 5.14655 0.0749906 173.893
1.3 1.29242 5.14733 0.0812389 173.893
1.4 1.39173 5.14817 0.0874871 173.892
1.5 1.491 5.14908 0.0937351 173.891
1.6 1.59026 5.15005 0.0999828 173.89
1.7 1.68948 5.15108 0.10623 173.889
1.8 1.78867 5.15217 0.112477 173.888
1.9 1.88783 5.15332 0.118724 173.887
2 1.98695 5.15454 0.124971 173.885
2.1 2.08604 5.15582 0.131217 173.884
2.2 2.18509 5.15716 0.137463 173.883
2.3 2.2841 5.15856 0.143709 173.881
2.4 2.38306 5.16003 0.149954 173.88
2.5 2.48199 5.16156 0.156199 173.878
2.6 2.58087 5.16315 0.162444 173.877
2.7 2.6797 5.1648 0.168688 173.875
2.8 2.77849 5.16652 0.174931 173.874
2.9 2.87722 5.1683 0.181175 173.872
3 2.9759 5.17014 0.187417 173.87
3.1 3.07453 5.17204 0.19366 173.868
3.2 3.1731 5.174 0.199902 173.866
3.3 3.27162 5.17603 0.206143 173.864
3.4 3.37008 5.17812 0.212384 173.862
3.5 3.46847 5.18027 0.218624 173.86
3.6 3.5668 5.18249 0.224864 173.858
3.7 3.66507 5.18476 0.231103 173.855
3.8 3.76327 5.1871 0.237342 173.853
3.9 3.86141 5.1895 0.24358 173.851
4 3.95947 5.19197 0.249817 173.848
4.1 4.05747 5.19449 0.256054 173.846
4.2 4.15539 5.19708 0.26229 173.843
4.3 4.25323 5.19973 0.268526 173.84
4.4 4.351 5.20244 0.274761 173.838
4.5 4.4487 5.20522 0.280995 173.835
4.6 4.54631 5.20805 0.287228 173.832
4.7 4.64384 5.21095 0.293461 173.829
4.8 4.74129 5.21391 0.299693 173.826
4.9 4.83865 5.21694 0.305924 173.823
5 4.93593 5.22002 0.312155 173.82
5.1 5.03311 5.22317 0.318384 173.817
5.2 5.13021 5.22638 0.324613 173.814
5.3 5.22722 5.22965 0.330841 173.81
5.4 5.32414 5.23299 0.337069 173.807
5.5 5.42096 5.23638 0.343295 173.804
5.6 5.51768 5.23984 0.349521 173.8
5.7 5.61431 5.24336 0.355746 173.797
5.8 5.71083 5.24694 0.361969 173.793
5.9 5.80726 5.25059 0.368192 173.789
6 5.90358 5.2543 0.374414 173.786
6.1 5.9998 5.25806 0.380635 173.782
6.2 6.09591 5.26189 0.386856 173.778
6.3 6.19192 5.26579 0.393075 173.774
6.4 6.28782 5.26974 0.399293 173.77
6.5 6.3836 5.27376 0.40551 173.766
6.6 6.47928 5.27784 0.411726 173.762
6.7 6.57484 5.28198 0.417941 173.758
6.8 6.67028 5.28618 0.424155 173.754
6.9 6.76561 5.29045 0.430369 173.75
7 6.86082 5.29477 0.43658 173.745
7.1 6.95591 5.29916 0.442791 173.741
7.2 7.05088 5.30361 0.449001 173.736
7.3 7.14573 5.30813 0.45521 173.732
7.4 7.24046 5.3127 0.461417 173.727
7.5 7.33505 5.31734 0.467624 173.723
7.6 7.42952 5.32204 0.473829 173.718
7.7 7.52387 5.3268 0.480033 173.713
7.79999 7.61808 5.33162 0.486236 173.708
7.89999 7.71216 5.3365 0.492437 173.704
7.99999 7.80611 5.34145 0.498638 173.699
8.09999 7.89992 5.34646 0.504837 173.694
8.2 7.9936 5.35152 0.511035 173.688
8.3 8.08714 5.35666 0.517231 173.683
8.4 8.18055 5.36185 0.523427 173.678
8.5 8.27381 5.3671 0.529621 173.673
8.6 8.36693 5.37242 0.535813 173.668
8.7 8.45991 5.3778 0.542005 173.662
8.8 8.55275 5.38324 0.548195 173.657
8.9 8.64544 5.38874 0.554383 173.651
9 8.73798 5.3943 0.560571 173.646
9.1 8.83038 5.39993 0.566757 173.64
9.2 8.92262 5.40561 0.572941 173.634
9.3 9.01472 5.41136 0.579124 173.629
9.4 9.10666 5.41717 0.585306 173.623
9.5 9.19845 5.42304 0.591486 173.617
9.6 9.29009 5.42897 0.597664 173.611
9.7 9.38157 5.43497 0.603841 173.605
9.8 9.4729 5.44102 0.610017 173.599
9.9 9.56406 5.44714 0.616191 173.593
10 9.65507 5.45332 0.622364 173.587
10.1 9.74591 5.45956 0.628535 173.58
10.2 9.8366 5.46586 0.634704 173.574
10.3 9.92712 5.47223 0.640872 173.568
10.4 10.0175 5.47865 0.647038 173.561
10.5 10.1077 5.48514 0.653203 173.555
10.6 10.1977 5.49168 0.659366 173.548
10.7 10.2875 5.49829 0.665527 173.542
10.8 10.3772 5.50496 0.671687 173.535
10.9 10.4667 5.51169 0.677845 173.528
11 10.5561 5.51848 0.684001 173.522
11.1 10.6453 5.52534 0.690156 173.515
11.2 10.7343 5.53225 0.696309 173.508
11.3 10.8231 5.53923 0.70246 173.501
11.4 10.9117 5.54627 0.708609 173.494
11.5 11.0002 5.55337 0.714757 173.487
11.6 11.0885 5.56053 0.720902 173.479
11.7 11.1766 5.56775 0.727046 173.472
11.8 11.2646 5.57503 0.733189 173.465
11.9 11.3523 5.58237 0.739329 173.458
12 11.4399 5.58978 0.745467 173.45
12.1 11.5273 5.59724 0.751604 173.443
12.2 11.6145 5.60477 0.757739 173.435
12.3 11.7015 5.61235 0.763872 173.428
12.4 11.7883 5.62 0.770003 173.42
12.5 11.875 5.62771 0.776132 173.412
12.6 11.9614 5.63548 0.782259 173.405
12.7 12.0477 5.64331 0.788384 173.397
12.8 12.1338 5.6512 0.794507 173.389
12.9 12.2197 5.65916 0.800628 173.381
13 12.3054 5.66717 0.806747 173.373
13.1 12.3909 5.67524 0.812864 173.365
13.2 12.4762 5.68338 0.81898 173.357
13.3 12.5613 5.69158 0.825093 173.348
13.4 12.6462 5.69983 0.831204 173.34
13.5 12.731 5.70815 0.837312 173.332
13.6 12.8155 5.71653 0.843419 173.323
13.7 12.8998 5.72497 0.849524 173.315
13.8 12.9839 5.73347 0.855626 173.307
13.9 13.0679 5.74203 0.861727 173.298
14 13.1516 5.75065 0.867825 173.289
14.1 13.2351 5.75933 0.873921 173.281
14.2 13.3185 5.76807 0.880015 173.272
14.3 13.4016 5.77687 0.886107 173.263
14.4 13.4845 5.78573 0.892196 173.254
14.5 13.5672 5.79466 0.898283 173.245
14.6 13.6497 5.80364 0.904368 173.236
14.7 13.732 5.81268 0.910451 173.227
14.8 13.8141 5.82179 0.916532 173.218
14.9 13.896 5.83095 0.92261 173.209
15 13.9777 5.84018 0.928686 173.2
15.1 14.0592 5.84946 0.934759 173.191
15.2 14.1404 5.85881 0.94083 173.181
15.3 14.2215 5.86821 0.946899 173.172
15.4 14.3023 5.87768 0.952965 173.162
15.5 14.383 5.88721 0.959029 173.153
15.6 14.4634 5.89679 0.965091 173.143
15.7 14.5436 5.90644 0.97115 173.134
15.8 14.6236 5.91615 0.977207 173.124
15.9 14.7034 5.92591 0.983261 173.114
16 14.7829 5.93574 0.989313 173.104
16.1 14.8623 5.94562 0.995362 173.094
16.2 14.9414 5.95557 1.00141 173.084
16.3 15.0203 5.96558 1.00745 173.074
16.4 15.099 5.97564 1.0135 173.064
16.5 15.1775 5.98577 1.01953 173.054
16.6 15.2558 5.99596 1.02557 173.044
16.7 15.3338 6.0062 1.03161 173.034
16.8 15.4117 6.01651 1.03764 173.024
16.9 15.4893 6.02687 1.04367 173.013
17 15.5667 6.0373 1.04969 173.003
17.1 15.6438 6.04778 1.05572 172.992
17.2 15.7208 6.05833 1.06174 172.982
17.3 15.7975 6.06893 1.06776 172.971
17.4 15.874 6.07959 1.07377 172.96
17.5 15.9503 6.09032 1.07978 172.95
17.6 16.0263 6.1011 1.08579 172.939
17.7 16.1022 6.11194 1.0918 172.928
17.8 16.1778 6.12284 1.09781 172.917
17.9 16.2531 6.1338 1.10381 172.906
18 16.3283 6.14482 1.10981 172.895
18.1 16.4032 6.1559 1.1158 172.884
18.2 16.4779 6.16704 1.1218 172.873
18.3 16.5524 6.17824 1.12779 172.862
18.4 16.6267 6.1895 1.13378 172.851
18.5 16.7007 6.20082 1.13976 172.839
18.6 16.7745 6.21219 1.14574 172.828
18.7 16.8481 6.22363 1.15172 172.816
18.8 16.9214 6.23512 1.1577 172.805
18.9 16.9946 6.24668 1.16367 172.793
19 17.0674 6.25829 1.16964 172.782
19.1 17.1401 6.26996 1.17561 172.77
19.2 17.2125 6.28169 1.18158 172.758
19.3 17.2847 6.29348 1.18754 172.747
19.4 17.3567 6.30533 1.1935 172.735
19.5 17.4285 6.31723 1.19945 172.723
19.6 17.5 6.3292 1.20541 172.711
19.7 17.5713 6.34123 1.21136 172.699
19.8 17.6423 6.35331 1.2173 172.687
19.9 17.7131 6.36545 1.22325 172.675
20 17.7837 6.37765 1.22919 172.662
20.1 17.8541 6.38991 1.23512 172.65
20.2 17.9242 6.40223 1.24106 172.638
20.3 17.9941 6.41461 1.24699 172.625
20.4 18.0638 6.42704 1.25292 172.613
20.5 18.1332 6.43954 1.25884 172.6
20.6 18.2024 6.45209 1.26476 172.588
20.7 18.2714 6.4647 1.27068 172.575
20.8 18.3401 6.47737 1.2766 172.563
20.9 18.4086 6.49009 1.28251 172.55
21 18.4769 6.50288 1.28842 172.537
21.1 18.5449 6.51572 1.29432 172.524
21.2 18.6127 6.52863 1.30023 172.511
21.3 18.6803 6.54159 1.30613 172.498
21.4 18.7476 6.55461 1.31202 172.485
21.5 18.8147 6.56768 1.31791 172.472
21.6 18.8816 6.58082 1.3238 172.459
21.7 18.9482 6.59401 1.32969 172.446
21.8 19.0146 6.60726 1.33557 172.433
21.9 19.0808 6.62057 1.34145 172.419
22 19.1467 6.63393 1.34733 172.406
22.1 19.2124 6.64736 1.3532 172.393
22.2 19.2779 6.66084 1.35907 172.379
22.3 19.3431 6.67438 1.36493 172.366
22.4 19.4081 6.68798 1.37079 172.352
22.5 19.4728 6.70163 1.37665 172.338
22.6 19.5374 6.71535 1.38251 172.325
22.7001 19.6017 6.72912 1.38836 172.311
22.8001 19.6657 6.74295 1.39421 172.297
22.9001 19.7295 6.75683 1.40005 172.283
23.0001 19.7931 6.77078 1.40589 172.269
23.1001 19.8565 6.78478 1.41173 172.255
23.2001 19.9196 6.79884 1.41756 172.241
23.3001 19.9825 6.81295 1.42339 172.227
23.4001 20.0451 6.82712 1.42922 172.213
23.5001 20.1075 6.84135 1.43504 172.199
23.6001 20.1697 6.85564 1.44086 172.184
23.7001 20.2317 6.86999 1.44668 172.17
23.8001 20.2934 6.88439 1.45249 172.156
23.9001 20.3549 6.89885 1.4583 172.141
24.0001 20.4161 6.91336 1.46411 172.127
24.1001 20.4771 6.92794 1.46991 172.112
24.2001 20.5379 6.94257 1.4757 172.097
24.3001 20.5984 6.95725 1.4815 172.083
24.4001 20.6587 6.972 1.48729 172.068
24.5001 20.7188 6.9868 1.49307 172.053
24.6001 20.7787 7.00165 1.49886 172.038
24.7001 20.8383 7.01657 1.50463 172.023
24.8001 20.8976 7.03154 1.51041 172.008
24.9001 20.9568 7.04657 1.51618 171.993
25.0001 21.0157 7.06165 1.52195 171.978
25.1001 21.0744 7.07679 1.52771 171.963
25.2001 21.1328 7.09199 1.53347 171.948
25.3001 21.191 7.10724 1.53922 171.933
25.4001 21.249 7.12255 1.54498 171.917
25.5001 21.3067 7.13792 1.55072 171.902
25.6001 21.3642 7.15334 1.55647 171.887
25.7001 21.4215 7.16882 1.56221 171.871
25.8001 21.4786 7.18435 1.56794 171.856
25.9001 21.5354 7.19995 1.57367 171.84
26.0001 21.5919 7.21559 1.5794 171.824
26.1001 21.6483 7.2313 1.58513 171.809
26.2001 21.7044 7.24706 1.59085 171.793
26.3001 21.7603 7.26287 1.59656 171.777
26.4001 21.816 7.27874 1.60227 171.761
26.5001 21.8714 7.29467 1.60798 171.745
26.6001 21.9266 7.31066 1.61368 171.729
26.7001 21.9815 7.32669 1.61938 171.713
26.8001 22.0363 7.34279 1.62508 171.697
26.9001 22.0908 7.35894 1.63077 171.681
27.0001 22.1451 7.37515 1.63646 171.665
27.1001 22.1991 7.39141 1.64214 171.649
27.2001 22.2529 7.40773 1.64782 171.632
27.3001 22.3065 7.4241 1.65349 171.616
27.4001 22.3599 7.44053 1.65916 171.599
27.5001 22.413 7.45701 1.66483 171.583
27.6001 22.4659 7.47355 1.67049 171.566
27.7001 22.5186 7.49015 1.67615 171.55
27.8001 22.571 7.5068 1.6818 171.533
27.9001 22.6232 7.5235 1.68745 171.517
28.0001 22.6752 7.54026 1.6931 171.5
28.1001 22.727 7.55708 1.69874 171.483
28.2001 22.7785 7.57395 1.70437 171.466
28.3001 22.8298 7.59087 1.71 171.449
28.4001 22.8809 7.60785 1.71563 171.432
28.5001 22.9318 7.62489 1.72125 171.415
28.6001 22.9824 7.64198 1.72687 171.398
28.7001 23.0328 7.65912 1.73249 171.381
28.8001 23.083 7.67632 1.7381 171.364
28.9001 23.1329 7.69358 1.7437 171.346
29.0001 23.1827 7.71088 1.7493 171.329
29.1001 23.2322 7.72825 1.7549 171.312
29.2001 23.2814 7.74567 1.76049 171.294
29.3001 23.3305 7.76314 1.76608 171.277
29.4001 23.3793 7.78067 1.77166 171.259
29.5001 23.4279 7.79825 1.77724 171.242
29.6001 23.4763 7.81588 1.78281 171.224
29.7001 23.5245 7.83357 1.78838 171.206
29.8001 23.5724 7.85132 1.79395 171.189
29.9001 23.6202 7.86911 1.79951 171.171
30.0001 23.6677 7.88697 1.80507 171.153
30.1001 23.715 7.90487 1.81062 171.135
30.2001 23.762 7.92283 1.81616 171.117
30.3001 23.8089 7.94085 1.8217 171.099
30.4001 23.8555 7.95892 1.82724 171.081
30.5001 23.9019 7.97704 1.83277 171.063
30.6001 23.948 7.99521 1.8383 171.045
30.7001 23.994 8.01344 1.84383 171.027
30.8001 24.0398 8.03173 1.84934 171.008
30.9001 24.0853 8.05006 1.85486 170.99
31.0001 24.1306 8.06845 1.86037 170.972
31.1001 24.1757 8.0869 1.86587 170.953
31.2001 24.2205 8.1054 1.87137 170.935
31.3001 24.2652 8.12395 1.87686 170.916
31.4001 24.3096 8.14255 1.88235 170.897
31.5001 24.3539 8.16121 1.88784 170.879
31.6001 24.3979 8.17992 1.89332 170.86
31.7001 24.4417 8.19868 1.8988 170.841
31.8001 24.4852 8.2175 1.90427 170.823
31.9001 24.5286 8.23637 1.90973 170.804
32.0001 24.5717 8.25529 1.91519 170.785
32.1001 24.6147 8.27427 1.92065 170.766
32.2001 24.6574 8.2933 1.9261 170.747
32.3001 24.6999 8.31238 1.93154 170.728
32.4001 24.7422 8.33151 1.93699 170.709
32.5001 24.7843 8.3507 1.94242 170.689
32.6001 24.8261 8.36994 1.94785 170.67
32.7001 24.8678 8.38923 1.95328 170.651
32.8001 24.9092 8.40857 1.9587 170.631
32.9001 24.9505 8.42797 1.96411 170.612
33.0001 24.9915 8.44742 1.96953 170.593
33.1001 25.0323 8.46692 1.97493 170.573
33.2001 25.0729 8.48647 1.98033 170.554
33.3001 25.1133 8.50608 1.98573 170.534
33.4001 25.1535 8.52574 1.99112 170.514
33.5001 25.1935 8.54545 1.9965 170.495
33.6001 25.2333 8.56521 2.00188 170.475
33.7001 25.2728 8.58502 2.00726 170.455
33.8001 25.3122 8.60489 2.01263 170.435
33.9001 25.3513 8.62481 2.01799 170.415
34.0001 25.3903 8.64478 2.02335 170.395
34.1001 25.429 8.6648 2.02871 170.375
34.2001 25.4676 8.68487 2.03406 170.355
34.3 25.5059 8.705 2.0394 170.335
34.4 25.544 8.72517 2.04474 170.315
34.5 25.5819 8.7454 2.05007 170.295
34.6 25.6197 8.76568 2.0554 170.274
34.7 25.6572 8.78601 2.06073 170.254
34.8 25.6945 8.80639 2.06604 170.234
34.9 25.7316 8.82683 2.07136 170.213
35 25.7685 8.84731 2.07666 170.193
35.1 25.8052 8.86785 2.08197 170.172
35.2 25.8417 8.88843 2.08726 170.152
35.3 25.878 8.90907 2.09255 170.131
35.4 25.9141 8.92976 2.09784 170.11
35.5 25.95 8.9505 2.10312 170.09
35.6 25.9857 8.97129 2.10839 170.069
35.7 26.0212 8.99213 2.11366 170.048
35.8 26.0565 9.01302 2.11893 170.027
35.9 26.0916 9.03396 2.12418 170.006
36 26.1266 9.05496 2.12944 169.985
36.1 26.1613 9.076 2.13469 169.964
36.2 26.1958 9.09709 2.13993 169.943
36.3 26.2301 9.11824 2.14516 169.922
36.4 26.2642 9.13943 2.15039 169.901
36.5 26.2982 9.16068 2.15562 169.879
36.6 26.3319 9.18197 2.16084 169.858
36.7 26.3654 9.20332 2.16605 169.837
36.8 26.3988 9.22471 2.17126 169.815
36.9 26.4319 9.24616 2.17647 169.794
37 26.4649 9.26765 2.18166 169.772
37.1 26.4977 9.2892 2.18685 169.751
37.2 26.5303 9.31079 2.19204 169.729
37.3 26.5626 9.33243 2.19722 169.708
37.4 26.5948 9.35413 2.2024 169.686
37.5 26.6268 9.37587 2.20756 169.664
37.6 26.6586 9.39766 2.21273 169.642
37.7 26.6903 9.41951 2.21789 169.621
37.8 26.7217 9.4414 2.22304 169.599
37.9 26.7529 9.46334 2.22818 169.577
38 26.784 9.48533 2.23332 169.555
38.1 26.8149 9.50737 2.23846 169.533
38.2 26.8455 9.52946 2.24359 169.511
38.3 26.876 9.55159 2.24871 169.488
38.4 26.9063 9.57378 2.25383 169.466
38.5 26.9365 9.59602 2.25894 169.444
38.6 26.9664 9.6183 2.26404 169.422
38.7 26.9961 9.64063 2.26914 169.399
38.8 27.0257 9.66302 2.27424 169.377
38.9 27.0551 9.68545 2.27932 169.355
39 27.0843 9.70793 2.28441 169.332
39.1 27.1133 9.73045 2.28948 169.31
39.2 27.1421 9.75303 2.29455 169.287
39.3 27.1708 9.77565 2.29962 169.264
39.4 27.1992 9.79833 2.30467 169.242
39.5 27.2275 9.82105 2.30973 169.219
39.6 27.2556 9.84382 2.31477 169.196
39.7 27.2835 9.86663 2.31981 169.173
39.8 27.3113 9.8895 2.32485 169.151
39.9 27.3388 9.91241 2.32988 169.128
40 27.3662 9.93537 2.3349 169.105
40.1 27.3934 9.95838 2.33991 169.082
40.2 27.4204 9.98144 2.34492 169.059
40.3 27.4473 10.0045 2.34993 169.035
40.4 27.4739 10.0277 2.35492 169.012
40.5 27.5004 10.0509 2.35992 168.989
40.6 27.5267 10.0741 2.3649 168.966
40.7 27.5529 10.0974 2.36988 168.943
40.7999 27.5788 10.1208 2.37485 168.919
40.8999 27.6046 10.1442 2.37982 168.896
40.9999 27.6302 10.1676 2.38478 168.872
41.0999 27.6557 10.1911 2.38974 168.849
41.1999 27.6809 10.2146 2.39468 168.825
41.2999 27.706 10.2382 2.39963 168.802
41.3999 27.7309 10.2618 2.40456 168.778
41.4999 27.7557 10.2855 2.40949 168.755
41.5999 27.7802 10.3092 2.41441 168.731
41.6999 27.8046 10.333 2.41933 168.707
41.7999 27.8289 10.3568 2.42424 168.683
41.8999 27.8529 10.3806 2.42915 168.659
41.9999 27.8768 10.4045 2.43404 168.635
42.0999 27.9005 10.4285 2.43893 168.612
42.1999 27.9241 10.4525 2.44382 168.588
42.2999 27.9475 10.4765 2.4487 168.563
42.3999 27.9707 10.5006 2.45357 168.539
42.4999 27.9937 10.5247 2.45844 168.515
42.5999 28.0166 10.5489 2.4633 168.491
42.6999 28.0393 10.5732 2.46815 168.467
42.7999 28.0618 10.5974 2.473 168.443
42.8999 28.0842 10.6217 2.47784 168.418
42.9999 28.1064 10.6461 2.48267 168.394
43.0999 28.1285 10.6705 2.4875 168.369
43.1999 28.1503 10.695 2.49232 168.345
43.2999 28.172 10.7195 2.49713 168.321
43.3999 28.1936 10.744 2.50194 168.296
43.4999 28.215 10.7686 2.50674 168.271
43.5999 28.2362 10.7933 2.51154 168.247
43.6999 28.2573 10.8179 2.51632 168.222
43.7999 28.2782 10.8427 2.5211 168.197
43.8999 28.2989 10.8674 2.52588 168.173
43.9999 28.3195 10.8922 2.53065 168.148
44.0999 28.3399 10.9171 2.53541 168.123
44.1999 28.3601 10.942 2.54016 168.098
44.2999 28.3802 10.967 2.54491 168.073
44.3999 28.4002 10.992 2.54965 168.048
44.4999 28.4199 11.017 2.55439 168.023
44.5999 28.4396 11.0421 2.55912 167.998
44.6999 28.459 11.0672 2.56384 167.973
44.7999 28.4783 11.0924 2.56855 167.948
44.8999 28.4975 11.1176 2.57326 167.922
44.9999 28.5165 11.1429 2.57796 167.897
45.0999 28.5353 11.1682 2.58266 167.872
45.1999 28.554 11.1935 2.58734 167.846
45.2999 28.5725 11.2189 2.59202 167.821
45.3999 28.5908 11.2444 2.5967 167.796
45.4999 28.609 11.2699 2.60137 167.77
45.5999 28.6271 11.2954 2.60603 167.745
45.6999 28.645 11.3209 2.61068 167.719
45.7999 28.6627 11.3466 2.61533 167.693
45.8999 28.6803 11.3722 2.61997 167.668
45.9999 28.6978 11.3979 2.6246 167.642
46.0999 28.7151 11.4237 2.62922 167.616
46.1999 28.7322 11.4494 2.63384 167.591
46.2999 28.7492 11.4753 2.63846 167.565
46.3999 28.766 11.5012 2.64306 167.539
46.4999 28.7827 11.5271 2.64766 167.513
46.5999 28.7993 11.553 2.65225 167.487
46.6999 28.8156 11.579 2.65683 167.461
46.7999 28.8319 11.6051 2.66141 167.435
46.8999 28.848 11.6312 2.66598 167.409
46.9999 28.8639 11.6573 2.67054 167.383
47.0999 28.8797 11.6835 2.6751 167.357
47.1999 28.8953 11.7097 2.67965 167.33
47.2999 28.9108 11.7359 2.68419 167.304
47.3998 28.9262 11.7622 2.68873 167.278
47.4998 28.9414 11.7886 2.69325 167.251
47.5998 28.9564 11.815 2.69777 167.225
47.6998 28.9714 11.8414 2.70229 167.199
47.7998 28.9861 11.8679 2.70679 167.172
47.8998 29.0008 11.8944 2.71129 167.146
47.9998 29.0152 11.9209 2.71579 167.119
48.0998 29.0296 11.9475 2.72027 167.092
48.1998 29.0438 11.9742 2.72475 167.066
48.2998 29.0578 12.0008 2.72922 167.039
48.3998 29.0717 12.0276 2.73368 167.012
48.4998 29.0855 12.0543 2.73814 166.986
48.5998 29.0991 12.0811 2.74259 166.959
48.6998 29.1126 12.108 2.74703 166.932
48.7998 29.1259 12.1348 2.75146 166.905
48.8998 29.1391 12.1618 2.75589 166.878
48.9998 29.1522 12.1887 2.76031 166.851
49.0998 29.1651 12.2157 2.76472 166.824
49.1998 29.1779 12.2428 2.76912 166.797
49.2998 29.1906 12.2699 2.77352 166.77
49.3998 29.2031 12.297 2.77791 166.743
49.4998 29.2154 12.3242 2.7823 166.716
49.5998 29.2277 12.3514 2.78667 166.689
49.6998 29.2398 12.3786 2.79104 166.661
49.7998 29.2517 12.4059 2.7954 166.634
49.8998 29.2635 12.4333 2.79975 166.607
49.9998 29.2752 12.4606 2.8041 166.579
50.0998 29.2868 12.488 2.80844 166.552
50.1998 29.2982 12.5155 2.81277 166.525
50.2998 29.3095 12.543 2.81709 166.497
50.3998 29.3206 12.5705 2.82141 166.469
50.4998 29.3316 12.5981 2.82571 166.442
50.5998 29.3425 12.6257 2.83002 166.414
50.6998 29.3533 12.6534 2.83431 166.387
50.7998 29.3639 12.681 2.83859 166.359
50.8998 29.3744 12.7088 2.84287 166.331
50.9998 29.3847 12.7365 2.84714 166.303
51.0998 29.3949 12.7644 2.85141 166.276
51.1998 29.405 12.7922 2.85566 166.248
51.2998 29.415 12.8201 2.85991 166.22
51.3998 29.4248 12.848 2.86415 166.192
51.4998 29.4345 12.876 2.86838 166.164
51.5998 29.444 12.904 2.87261 166.136
51.6998 29.4535 12.932 2.87682 166.108
51.7998 29.4628 12.9601 2.88103 166.08
51.8998 29.472 12.9882 2.88523 166.052
51.9998 29.481 13.0164 2.88943 166.024
52.0998 29.4899 13.0446 2.89361 165.995
52.1998 29.4987 13.0728 2.89779 165.967
52.2998 29.5074 13.1011 2.90196 165.939
52.3998 29.516 13.1294 2.90613 165.911
52.4998 29.5244 13.1578 2.91028 165.882
52.5998 29.5327 13.1861 2.91443 165.854
52.6998 29.5408 13.2146 2.91857 165.825
52.7998 29.5489 13.243 2.9227 165.797
52.8998 29.5568 13.2715 2.92683 165.768
52.9998 29.5646 13.3001 2.93094 165.74
53.0998 29.5722 13.3286 2.93505 165.711
53.1998 29.5798 13.3573 2.93915 165.683
53.2998 29.5872 13.3859 2.94324 165.654
53.3998 29.5945 13.4146 2.94733 165.625
53.4998 29.6017 13.4433 2.95141 165.597
53.5998 29.6087 13.4721 2.95547 165.568
53.6998 29.6157 13.5009 2.95954 165.539
53.7998 29.6225 13.5297 2.96359 165.51
53.8997 29.6292 13.5586 2.96763 165.481
53.9997 29.6357 13.5875 2.97167 165.453
54.0997 29.6422 13.6165 2.9757 165.424
54.1997 29.6485 13.6454 2.97972 165.395
54.2997 29.6547 13.6745 2.98373 165.366
54.3997 29.6608 13.7035 2.98774 165.336
54.4997 29.6668 13.7326 2.99174 165.307
54.5997 29.6726 13.7617 2.99573 165.278
54.6997 29.6784 13.7909 2.99971 165.249
54.7997 29.684 13.8201 3.00368 165.22
54.8997 29.6895 13.8493 3.00764 165.191
54.9997 29.6949 13.8786 3.0116 165.161
55.0997 29.7001 13.9079 3.01555 165.132
55.1997 29.7053 13.9373 3.01949 165.103
55.2997 29.7103 13.9667 3.02342 165.073
55.3997 29.7152 13.9961 3.02735 165.044
55.4997 29.72 14.0255 3.03126 165.014
55.5997 29.7247 14.055 3.03517 164.985
55.6997 29.7293 14.0845 3.03907 164.955
55.7997 29.7337 14.1141 3.04296 164.926
55.8997 29.7381 14.1437 3.04685 164.896
55.9997 29.7423 14.1733 3.05072 164.867
56.0997 29.7464 14.203 3.05459 164.837
56.1997 29.7504 14.2327 3.05845 164.807
56.2997 29.7543 14.2624 3.0623 164.778
56.3997 29.7581 14.2922 3.06614 164.748
56.4997 29.7618 14.322 3.06997 164.718
56.5997 29.7653 14.3518 3.0738 164.688
56.6997 29.7688 14.3817 3.07761 164.658
56.7997 29.7721 14.4116 3.08142 164.628
56.8997 29.7753 14.4415 3.08522 164.599
56.9997 29.7785 14.4715 3.08902 164.569
57.0997 29.7815 14.5015 3.0928 164.539
57.1997 29.7844 14.5315 3.09657 164.508
57.2997 29.7871 14.5616 3.10034 164.478
57.3997 29.7898 14.5917 3.1041 164.448
57.4997 29.7924 14.6219 3.10785 164.418
57.5997 29.7948 14.652 3.11159 164.388
57.6997 29.7972 14.6822 3.11533 164.358
57.7997 29.7994 14.7125 3.11905 164.328
57.8997 29.8016 14.7428 3.12277 164.297
57.9997 29.8036 14.7731 3.12647 164.267
58.0997 29.8055 14.8034 3.13017 164.237
58.1997 29.8074 14.8338 3.13387 164.206
58.2997 29.8091 14.8642 3.13755 164.176
58.3997 29.8107 14.8946 3.14122 164.145
58.4997 29.8122 14.9251 3.14489 164.115
58.5997 29.8136 14.9556 3.14854 164.084
58.6997 29.8149 14.9861 3.15219 164.054
58.7997 29.816 15.0167 3.15583 164.023
58.8997 29.8171 15.0473 3.15946 163.993
58.9997 29.8181 15.0779 3.16309 163.962
59.0997 29.819 15.1086 3.1667 163.931
59.1997 29.8198 15.1393 3.1703 163.901
59.2997 29.8204 15.17 3.1739 163.87
59.3997 29.821 15.2008 3.17749 163.839
59.4997 29.8215 15.2316 3.18107 163.808
59.5997 29.8218 15.2624 3.18464 163.778
59.6997 29.8221 15.2933 3.1882 163.747
59.7997 29.8222 15.3242 3.19175 163.716
59.8997 29.8223 15.3551 3.1953 163.685
59.9997 29.8223 15.386 3.19883 163.654
60.0997 29.8221 15.417 3.20236 163.623
60.1997 29.8219 15.448 3.20588 163.592
60.2997 29.8215 15.4791 3.20939 163.561
60.3997 29.8211 15.5102 3.21289 163.53
60.4996 29.8205 15.5413 3.21638 163.499
60.5996 29.8199 15.5724 3.21987 163.468
60.6996 29.8192 15.6036 3.22334 163.436
60.7996 29.8183 15.6348 3.22681 163.405
60.8996 29.8174 15.666 3.23026 163.374
60.9996 29.8164 15.6973 3.23371 163.343
61.0996 29.8152 15.7285 3.23715 163.311
61.1996 29.814 15.7599 3.24058 163.28
61.2996 29.8127 15.7912 3.244 163.249
61.3996 29.8113 15.8226 3.24741 163.217
61.4996 29.8098 15.854 3.25082 163.186
61.5996 29.8082 15.8854 3.25421 163.155
61.6996 29.8064 15.9169 3.2576 163.123
61.7996 29.8046 15.9484 3.26097 163.092
61.8996 29.8028 15.9799 3.26434 163.06
61.9996 29.8008 16.0115 3.2677 163.029
62.0996 29.7987 16.0431 3.27105 162.997
62.1996 29.7965 16.0747 3.27439 162.965
62.2996 29.7942 16.1063 3.27772 162.934
62.3996 29.7919 16.138 3.28105 162.902
62.4996 29.7894 16.1697 3.28436 162.87
62.5996 29.7868 16.2015 3.28766 162.839
62.6996 29.7842 16.2332 3.29096 162.807
62.7996 29.7815 16.265 3.29425 162.775
62.8996 29.7786 16.2968 3.29752 162.743
62.9996 29.7757 16.3287 3.30079 162.711
63.0996 29.7727 16.3605 3.30405 162.679
63.1996 29.7696 16.3924 3.3073 162.648
63.2996 29.7664 16.4244 3.31054 162.616
63.3996 29.7631 16.4563 3.31378 162.584
63.4996 29.7597 16.4883 3.317 162.552
63.5996 29.7563 16.5203 3.32021 162.52
63.6996 29.7527 16.5524 3.32342 162.488
63.7996 29.7491 16.5845 3.32661 162.456
63.8996 29.7453 16.6166 3.3298 162.423
63.9996 29.7415 16.6487 3.33298 162.391
64.0996 29.7376 16.6808 3.33614 162.359
64.1996 29.7336 16.713 3.3393 162.327
64.2996 29.7295 16.7452 3.34245 162.295
64.3996 29.7253 16.7775 3.34559 162.263
64.4996 29.721 16.8097 3.34872 162.23
64.5996 29.7167 16.842 3.35185 162.198
64.6996 29.7122 16.8743 3.35496 162.166
64.7996 29.7077 16.9067 3.35806 162.133
64.8996 29.7031 16.939 3.36115 162.101
64.9996 29.6984 16.9714 3.36424 162.069
65.0996 29.6936 17.0038 3.36731 162.036
65.1996 29.6887 17.0363 3.37038 162.004
65.2996 29.6838 17.0688 3.37344 161.971
65.3996 29.6787 17.1013 3.37648 161.939
65.4996 29.6736 17.1338 3.37952 161.906
65.5996 29.6684 17.1663 3.38255 161.874
65.6996 29.6631 17.1989 3.38557 161.841
65.7996 29.6577 17.2315 3.38858 161.809
65.8996 29.6522 17.2641 3.39158 161.776
65.9996 29.6467 17.2968 3.39457 161.743
66.0996 29.641 17.3295 3.39755 161.711
66.1996 29.6353 17.3622 3.40052 161.678
66.2996 29.6295 17.3949 3.40349 161.645
66.3996 29.6236 17.4277 3.40644 161.612
66.4996 29.6177 17.4604 3.40938 161.58
66.5996 29.6116 17.4933 3.41232 161.547
66.6996 29.6055 17.5261 3.41524 161.514
66.7996 29.5993 17.5589 3.41816 161.481
66.8996 29.593 17.5918 3.42106 161.448
66.9995 29.5866 17.6247 3.42396 161.415
67.0995 29.5801 17.6576 3.42684 161.382
67.1995 29.5736 17.6906 3.42972 161.349
67.2995 29.567 17.7236 3.43259 161.316
67.3995 29.5603 17.7566 3.43545 161.283
67.4995 29.5535 17.7896 3.43829 161.25
67.5995 29.5466 17.8226 3.44113 161.217
67.6995 29.5397 17.8557 3.44396 161.184
67.7995 29.5327 17.8888 3.44678 161.151
67.8995 29.5256 17.9219 3.44959 161.118
67.9995 29.5184 17.9551 3.45239 161.085
68.0995 29.5111 17.9882 3.45518 161.052
68.1995 29.5038 18.0214 3.45796 161.019
68.2995 29.4964 18.0546 3.46073 160.985
68.3995 29.4889 18.0879 3.46349 160.952
68.4995 29.4813 18.1211 3.46625 160.919
68.5995 29.4737 18.1544 3.46899 160.886
68.6995 29.466 18.1877 3.47172 160.852
68.7995 29.4582 18.221 3.47444 160.819
68.8995 29.4503 18.2544 3.47715 160.786
68.9995 29.4423 18.2878 3.47986 160.752
69.0995 29.4343 18.3212 3.48255 160.719
69.1995 29.4262 18.3546 3.48523 160.685
69.2995 29.418 18.388 3.48791 160.652
69.3995 29.4097 18.4215 3.49057 160.619
69.4995 29.4014 18.455 3.49323 160.585
69.5995 29.393 18.4885 3.49587 160.552
69.6995 29.3845 18.522 3.4985 160.518
69.7995 29.3759 18.5555 3.50113 160.484
69.8995 29.3673 18.5891 3.50374 160.451
69.9995 29.3586 18.6227 3.50635 160.417
70.0995 29.3498 18.6563 3.50894 160.384
70.1995 29.341 18.6899 3.51153 160.35
70.2995 29.332 18.7236 3.5141 160.316
70.3995 29.323 18.7573 3.51667 160.283
70.4995 29.314 18.791 3.51923 160.249
70.5995 29.3048 18.8247 3.52177 160.215
70.6995 29.2956 18.8584 3.52431 160.182
70.7995 29.2863 18.8922 3.52683 160.148
70.8995 29.2769 18.926 3.52935 160.114
70.9995 29.2675 18.9598 3.53185 160.08
71.0995 29.258 18.9936 3.53435 160.046
71.1995 29.2484 19.0274 3.53684 160.013
71.2995 29.2387 19.0613 3.53931 159.979
71.3995 29.229 19.0952 3.54178 159.945
71.4995 29.2192 19.1291 3.54423 159.911
71.5995 29.2093 19.163 3.54668 159.877
71.6995 29.1994 19.1969 3.54911 159.843
71.7995 29.1894 19.2309 3.55154 159.809
71.8995 29.1793 19.2649 3.55396 159.775
71.9995 29.1691 19.2989 3.55636 159.741
72.0995 29.1589 19.3329 3.55876 159.707
72.1995 29.1486 19.3669 3.56114 159.673
72.2995 29.1383 19.401 3.56352 159.639
72.3995 29.1278 19.435 3.56588 159.605
72.4995 29.1173 19.4691 3.56824 159.571
72.5995 29.1068 19.5032 3.57058 159.537
72.6995 29.0961 19.5374 3.57292 159.503
72.7995 29.0854 19.5715 3.57524 159.468
72.8995 29.0747 19.6057 3.57756 159.434
72.9995 29.0638 19.6399 3.57986 159.4
73.0995 29.0529 19.6741 3.58216 159.366
73.1995 29.0419 19.7083 3.58444 159.332
73.2995 29.0309 19.7426 3.58672 159.297
73.3995 29.0198 19.7768 3.58898 159.263
73.4995 29.0086 19.8111 3.59123 159.229
73.5994 28.9974 19.8454 3.59348 159.195
73.6994 28.9861 19.8797 3.59571 159.16
73.7994 28.9747 19.914 3.59793 159.126
73.8994 28.9632 19.9484 3.60014 159.092
73.9994 28.9517 19.9827 3.60235 159.057
74.0994 28.9402 20.0171 3.60454 159.023
74.1994 28.9285 20.0515 3.60672 158.989
74.2994 28.9168 20.0859 3.60889 158.954
74.3994 28.905 20.1204 3.61105 158.92
74.4994 28.8932 20.1548 3.6132 158.885
74.5994 28.8813 20.1893 3.61535 158.851
74.6994 28.8693 20.2238 3.61748 158.816
74.7994 28.8573 20.2583 3.6196 158.782
74.8994 28.8452 20.2928 3.6217 158.747
74.9994 28.8331 20.3273 3.6238 158.713
75.0994 28.8208 20.3619 3.62589 158.678
75.1994 28.8085 20.3964 3.62797 158.644
75.2994 28.7962 20.431 3.63004 158.609
75.3994 28.7838 20.4656 3.6321 158.574
75.4994 28.7713 20.5002 3.63414 158.54
75.5994 28.7588 20.5348 3.63618 158.505
75.6994 28.7462 20.5695 3.63821 158.471
75.7994 28.7335 20.6041 3.64022 158.436
75.8994 28.7208 20.6388 3.64223 158.401
75.9994 28.708 20.6735 3.64423 158.367
76.0994 28.6951 20.7082 3.64621 158.332
76.1994 28.6822 20.7429 3.64818 158.297
76.2994 28.6692 20.7776 3.65015 158.262
76.3994 28.6562 20.8124 3.6521 158.228
76.4994 28.6431 20.8472 3.65404 158.193
76.5994 28.63 20.8819 3.65598 158.158
76.6994 28.6167 20.9167 3.6579 158.123
76.7994 28.6034 20.9515 3.65981 158.088
76.8994 28.5901 20.9864 3.66171 158.054
76.9994 28.5767 21.0212 3.6636 158.019
77.0994 28.5632 21.056 3.66548 157.984
77.1994 28.5497 21.0909 3.66735 157.949
77.2994 28.5361 21.1258 3.66921 157.914
77.3994 28.5225 21.1607 3.67106 157.879
77.4994 28.5088 21.1956 3.67289 157.844
77.5994 28.495 21.2305 3.67472 157.81
77.6994 28.4812 21.2654 3.67654 157.775
77.7994 28.4673 21.3004 3.67834 157.74
77.8994 28.4534 21.3353 3.68014 157.705
77.9994 28.4394 21.3703 3.68192 157.67
78.0994 28.4254 21.4053 3.6837 157.635
78.1994 28.4112 21.4403 3.68546 157.6
78.2994 28.3971 21.4753 3.68721 157.565
78.3994 28.3828 21.5103 3.68895 157.53
78.4994 28.3686 21.5453 3.69068 157.495
78.5994 28.3542 21.5804 3.69241 157.46
78.6994 28.3398 21.6154 3.69411 157.425
78.7994 28.3253 21.6505 3.69581 157.39
78.8994 28.3108 21.6856 3.6975 157.354
78.9994 28.2963 21.7207 3.69918 157.319
79.0994 28.2816 21.7558 3.70085 157.284
79.1994 28.2669 21.7909 3.7025 157.249
79.2994 28.2522 21.826 3.70415 157.214
79.3994 28.2374 21.8612 3.70578 157.179
79.4994 28.2225 21.8963 3.70741 157.144
79.5994 28.2076 21.9315 3.70902 157.109
79.6994 28.1927 21.9667 3.71062 157.073
79.7994 28.1776 22.0019 3.71222 157.038
79.8994 28.1626 22.0371 3.7138 157.003
79.9994 28.1474 22.0723 3.71537 156.968
80.0993 28.1322 22.1075 3.71693 156.933
80.1993 28.117 22.1427 3.71847 156.897
80.2993 28.1017 22.178 3.72001 156.862
80.3993 28.0863 22.2132 3.72154 156.827
80.4993 28.0709 22.2485 3.72305 156.792
80.5993 28.0555 22.2837 3.72456 156.756
80.6993 28.0399 22.319 3.72605 156.721
80.7993 28.0244 22.3543 3.72754 156.686
80.8993 28.0087 22.3896 3.72901 156.65
80.9993 27.9931 22.4249 3.73047 156.615
81.0993 27.9773 22.4603 3.73192 156.58
81.1993 27.9616 22.4956 3.73336 156.544
81.2993 27.9457 22.5309 3.73479 156.509
81.3993 27.9298 22.5663 3.73621 156.474
81.4993 27.9139 22.6016 3.73762 156.438
81.5993 27.8979 22.637 3.73901 156.403
81.6993 27.8818 22.6724 3.7404 156.368
81.7993 27.8657 22.7078 3.74177 156.332
81.8993 27.8496 22.7432 3.74314 156.297
81.9993 27.8334 22.7786 3.74449 156.261
82.0993 27.8171 22.814 3.74583 156.226
82.1993 27.8008 22.8494 3.74716 156.191
82.2993 27.7844 22.8849 3.74848 156.155
82.3993 27.768 22.9203 3.74979 156.12
82.4993 27.7515 22.9557 3.75109 156.084
82.5993 27.735 22.9912 3.75237 156.049
82.6993 27.7184 23.0267 3.75365 156.013
82.7993 27.7018 23.0621 3.75492 155.978
82.8993 27.6852 23.0976 3.75617 155.942
82.9993 27.6684 23.1331 3.75741 155.907
83.0993 27.6517 23.1686 3.75864 155.871
83.1993 27.6348 23.2041 3.75986 155.836
83.2993 27.618 23.2396 3.76107 155.8
83.3993 27.601 23.2751 3.76227 155.765
83.4993 27.5841 23.3107 3.76346 155.729
83.5993 27.567 23.3462 3.76464 155.694
83.6993 27.55 23.3817 3.7658 155.658
83.7993 27.5328 23.4173 3.76695 155.623
83.8993 27.5157 23.4528 3.7681 155.587
83.9993 27.4985 23.4884 3.76923 155.552
84.0993 27.4812 23.5239 3.77035 155.516
84.1993 27.4639 23.5595 3.77146 155.481
84.2993 27.4465 23.5951 3.77256 155.445
84.3993 27.4291 23.6307 3.77365 155.409
84.4993 27.4116 23.6663 3.77472 155.374
84.5993 27.3941 23.7019 3.77579 155.338
84.6993 27.3765 23.7375 3.77684 155.303
84.7993 27.3589 23.7731 3.77788 155.267
84.8993 27.3413 23.8087 3.77892 155.231
84.9993 27.3236 23.8443 3.77994 155.196
85.0993 27.3058 23.8799 3.78095 155.16
85.1993 27.288 23.9156 3.78194 155.124
85.2993 27.2701 23.9512 3.78293 155.089
85.3993 27.2523 23.9868 3.78391 155.053
85.4993 27.2343 24.0225 3.78487 155.018
85.5993 27.2163 24.0581 3.78582 154.982
85.6993 27.1983 24.0938 3.78677 154.946
85.7993 27.1802 24.1295 3.7877 154.911
85.8993 27.1621 24.1651 3.78862 154.875
85.9993 27.1439 24.2008 3.78953 154.839
86.0993 27.1257 24.2365 3.79042 154.804
86.1993 27.1074 24.2721 3.79131 154.768
86.2993 27.0891 24.3078 3.79218 154.732
86.3993 27.0707 24.3435 3.79305 154.697
86.4993 27.0523 24.3792 3.7939 154.661
86.5993 27.0338 24.4149 3.79474 154.625
86.6992 27.0153 24.4506 3.79557 154.589
86.7992 26.9968 24.4863 3.79639 154.554
86.8992 26.9782 24.522 3.79719 154.518
86.9992 26.9596 24.5577 3.79799 154.482
87.0992 26.9409 24.5934 3.79877 154.447
87.1992 26.9222 24.6291 3.79955 154.411
87.2992 26.9034 24.6648 3.80031 154.375
87.3992 26.8846 24.7006 3.80106 154.339
87.4992 26.8657 24.7363 3.8018 154.304
87.5992 26.8468 24.772 3.80253 154.268
87.6992 26.8278 24.8077 3.80324 154.232
87.7992 26.8089 24.8435 3.80395 154.197
87.8992 26.7898 24.8792 3.80464 154.161
87.9992 26.7707 24.9149 3.80532 154.125
88.0992 26.7516 24.9507 3.80599 154.089
88.1992 26.7324 24.9864 3.80665 154.054
88.2992 26.7132 25.0221 3.8073 154.018
88.3992 26.694 25.0579 3.80794 153.982
88.4992 26.6747 25.0936 3.80856 153.946
88.5992 26.6553 25.1294 3.80918 153.911
88.6992 26.6359 25.1651 3.80978 153.875
88.7992 26.6165 25.2009 3.81037 153.839
88.8992 26.597 25.2366 3.81095 153.803
88.9992 26.5775 25.2724 3.81152 153.768
89.0992 26.558 25.3081 3.81208 153.732
89.1992 26.5384 25.3439 3.81262 153.696
89.2992 26.5187 25.3796 3.81316 153.66
89.3992 26.499 25.4154 3.81368 153.625
89.4992 26.4793 25.4512 3.81419 153.589
89.5992 26.4595 25.4869 3.81469 153.553
89.6992 26.4397 25.5227 3.81518 153.517
89.7992 26.4199 25.5584 3.81565 153.482
89.8992 26.4 25.5942 3.81612 153.446
89.9992 26.38 25.6299 3.81657 153.41
90.0992 26.3601 25.6657 3.81702 153.374
90.1992 26.34 25.7015 3.81745 153.339
90.2992 26.32 25.7372 3.81787 153.303
90.3992 26.2999 25.773 3.81827 153.267
90.4992 26.2797 25.8087 3.81867 153.231
90.5992 26.2596 25.8445 3.81905 153.196
90.6992 26.2393 25.8802 3.81943 153.16
90.7992 26.2191 25.916 3.81979 153.124
90.8992 26.1988 25.9518 3.82014 153.088
90.9992 26.1784 25.9875 3.82048 153.053
91.0992 26.158 26.0233 3.8208 153.017
91.1992 26.1376 26.059 3.82112 152.981
91.2992 26.1171 26.0948 3.82142 152.945
91.3992 26.0966 26.1305 3.82172 152.91
91.4992 26.0761 26.1663 3.822 152.874
91.5992 26.0555 26.202 3.82227 152.838
91.6992 26.0349 26.2377 3.82252 152.802
91.7992 26.0142 26.2735 3.82277 152.767
91.8992 25.9935 26.3092 3.82301 152.731
91.9992 25.9728 26.345 3.82323 152.695
92.0992 25.952 26.3807 3.82344 152.659
92.1992 25.9312 26.4164 3.82364 152.624
92.2992 25.9103 26.4522 3.82383 152.588
92.3992 25.8894 26.4879 3.824 152.552
92.4992 25.8685 26.5236 3.82417 152.516
92.5992 25.8475 26.5593 3.82432 152.481
92.6992 25.8265 26.5951 3.82446 152.445
92.7992 25.8054 26.6308 3.8246 152.409
92.8992 25.7843 26.6665 3.82471 152.374
92.9992 25.7632 26.7022 3.82482 152.338
93.0992 25.742 26.7379 3.82492 152.302
93.1992 25.7208 26.7736 3.825 152.266
93.2991 25.6996 26.8093 3.82507 152.231
93.3991 25.6783 26.845 3.82513 152.195
93.4991 25.657 26.8807 3.82518 152.159
93.5991 25.6356 26.9164 3.82522 152.124
93.6991 25.6142 26.9521 3.82524 152.088
93.7991 25.5928 26.9878 3.82526 152.052
93.8991 25.5713 27.0234 3.82526 152.017
93.9991 25.5498 27.0591 3.82525 151.981
94.0991 25.5283 27.0948 3.82523 151.945
94.1991 25.5067 27.1304 3.8252 151.91
94.2991 25.4851 27.1661 3.82515 151.874
94.3991 25.4634 27.2018 3.82509 151.838
94.4991 25.4417 27.2374 3.82503 151.803
94.5991 25.42 27.273 3.82495 151.767
94.6991 25.3982 27.3087 3.82486 151.731
94.7991 25.3764 27.3443 3.82475 151.696
94.8991 25.3546 27.38 3.82464 151.66
94.9991 25.3327 27.4156 3.82451 151.624
95.0991 25.3108 27.4512 3.82437 151.589
95.1991 25.2889 27.4868 3.82422 151.553
95.2991 25.2669 27.5224 3.82406 151.518
95.3991 25.2449 27.558 3.82389 151.482
95.4991 25.2228 27.5936 3.8237 151.446
95.5991 25.2007 27.6292 3.82351 151.411
95.6991 25.1786 27.6648 3.8233 151.375
95.7991 25.1565 27.7004 3.82308 151.34
95.8991 25.1343 27.7359 3.82284 151.304
95.9991 25.112 27.7715 3.8226 151.269
96.0991 25.0898 27.8071 3.82234 151.233
96.1991 25.0675 27.8426 3.82208 151.197
96.2991 25.0452 27.8782 3.8218 151.162
96.3991 25.0228 27.9137 3.82151 151.126
96.4991 25.0004 27.9492 3.8212 151.091
96.5991 24.9779 27.9848 3.82089 151.055
96.6991 24.9555 28.0203 3.82056 151.02
96.7991 24.933 28.0558 3.82023 150.984
96.8991 24.9104 28.0913 3.81988 150.949
96.9991 24.8879 28.1268 3.81951 150.913
97.0991 24.8653 28.1623 3.81914 150.878
97.1991 24.8426 28.1978 3.81876 150.842
97.2991 24.8199 28.2332 3.81836 150.807
97.3991 24.7972 28.2687 3.81795 150.771
97.4991 24.7745 28.3041 3.81753 150.736
97.5991 24.7517 28.3396 3.8171 150.7
97.6991 24.7289 28.375 3.81665 150.665
97.7991 24.706 28.4105 3.8162 150.63
97.8991 24.6832 28.4459 3.81573 150.594
97.9991 24.6603 28.4813 3.81525 150.559
98.0991 24.6373 28.5167 3.81476 150.523
98.1991 24.6143 28.5521 3.81426 150.488
98.2991 24.5913 28.5875 3.81374 150.453
98.3991 24.5683 28.6229 3.81322 150.417
98.4991 24.5452 28.6582 3.81268 150.382
98.5991 24.5221 28.6936 3.81213 150.346
98.6991 24.499 28.729 3.81156 150.311
98.7991 24.4758 28.7643 3.81099 150.276
98.8991 24.4526 28.7996 3.8104 150.24
98.9991 24.4294 28.835 3.80981 150.205
99.0991 24.4061 28.8703 3.8092 150.17
99.1991 24.3828 28.9056 3.80858 150.134
99.2991 24.3594 28.9409 3.80794 150.099
99.3991 24.3361 28.9761 3.8073 150.064
99.4991 24.3127 29.0114 3.80664 150.029
99.5991 24.2893 29.0467 3.80597 149.993
99.6991 24.2658 29.0819 3.80529 149.958
99.799 24.2423 29.1172 3.8046 149.923
99.899 24.2188 29.1524 3.80389 149.888
99.999 24.1952 29.1876 3.80318 149.852
100.099 24.1716 29.2228 3.80245 149.817
100.199 24.148 29.258 3.80171 149.782
100.299 24.1244 29.2932 3.80096 149.747
100.399 24.1007 29.3284 3.80019 149.712
100.499 24.077 29.3636 3.79942 149.676
100.599 24.0532 29.3987 3.79863 149.641
100.699 24.0295 29.4339 3.79783 149.606
100.799 24.0056 29.469 3.79702 149.571
100.899 23.9818 29.5041 3.7962 149.536
100.999 23.9579 29.5392 3.79536 149.501
101.099 23.934 29.5743 3.79452 149.466
101.199 23.9101 29.6094 3.79366 149.431
101.299 23.8862 29.6445 3.79279 149.396
101.399 23.8622 29.6795 3.79191 149.36
101.499 23.8382 29.7146 3.79101 149.325
101.599 23.8141 29.7496 3.79011 149.29
101.699 23.79 29.7846 3.78919 149.255
101.799 23.7659 29.8196 3.78826 149.22
101.899 23.7418 29.8546 3.78732 149.185
101.999 23.7176 29.8896 3.78636 149.15
102.099 23.6934 29.9246 3.7854 149.115
102.199 23.6692 29.9595 3.78442 149.08
102.299 23.6449 29.9945 3.78343 149.046
102.399 23.6207 30.0294 3.78243 149.011
102.499 23.5963 30.0643 3.78142 148.976
102.599 23.572 30.0992 3.78039 148.941
102.699 23.5476 30.1341 3.77935 148.906
102.799 23.5232 30.169 3.7783 148.871
102.899 23.4988 30.2039 3.77724 148.836
102.999 23.4743 30.2387 3.77617 148.801
103.099 23.4498 30.2736 3.77509 148.766
103.199 23.4253 30.3084 3.77399 148.732
103.299 23.4008 30.3432 3.77288 148.697
103.399 23.3762 30.378 3.77176 148.662
103.499 23.3516 30.4127 3.77063 148.627
103.599 23.327 30.4475 3.76949 148.593
103.699 23.3023 30.4823 3.76833 148.558
103.799 23.2776 30.517 3.76716 148.523
103.899 23.2529 30.5517 3.76598 148.488
103.999 23.2282 30.5864 3.76479 148.454
104.099 23.2034 30.6211 3.76359 148.419
104.199 23.1786 30.6558 3.76237 148.384
104.299 23.1537 30.6904 3.76114 148.35
104.399 23.1289 30.7251 3.7599 148.315
104.499 23.104 30.7597 3.75865 148.28
104.599 23.0791 30.7943 3.75739 148.246
104.699 23.0542 30.8289 3.75612 148.211
104.799 23.0292 30.8635 3.75483 148.177
104.899 23.0042 30.8981 3.75353 148.142
104.999 22.9792 30.9326 3.75222 148.107
105.099 22.9541 30.9671 3.7509 148.073
105.199 22.929 31.0017 3.74956 148.038
105.299 22.9039 31.0362 3.74822 148.004
105.399 22.8788 31.0706 3.74686 147.969
105.499 22.8536 31.1051 3.74549 147.935
105.599 22.8285 31.1395 3.7441 147.9
105.699 22.8032 31.174 3.74271 147.866
105.799 22.778 31.2084 3.7413 147.832
105.899 22.7527 31.2428 3.73989 147.797
105.999 22.7274 31.2772 3.73846 147.763
106.099 22.7021 31.3115 3.73702 147.728
106.199 22.6768 31.3459 3.73556 147.694
106.299 22.6514 31.3802 3.7341 147.66
106.399 22.626 31.4145 3.73262 147.625
106.499 22.6006 31.4488 3.73113 147.591
106.599 22.5751 31.4831 3.72963 147.557
106.699 22.5496 31.5174 3.72812 147.523
106.799 22.5241 31.5516 3.72659 147.488
106.899 22.4986 31.5858 3.72505 147.454
106.999 22.4731 31.62 3.7235 147.42
107.099 22.4475 31.6542 3.72194 147.386
107.199 22.4219 31.6884 3.72037 147.352
107.299 22.3962 31.7225 3.71879 147.317
107.399 22.3706 31.7567 3.71719 147.283
107.499 22.3449 31.7908 3.71558 147.249
107.599 22.3192 31.8249 3.71396 147.215
107.699 22.2934 31.8589 3.71233 147.181
107.799 22.2677 31.893 3.71069 147.147
107.899 22.2419 31.927 3.70903 147.113
107.999 22.2161 31.9611 3.70736 147.079
108.099 22.1902 31.9951 3.70568 147.045
108.199 22.1644 32.029 3.70399 147.011
108.299 22.1385 32.063 3.70229 146.977
108.399 22.1126 32.0969 3.70057 146.943
108.499 22.0867 32.1309 3.69884 146.909
108.599 22.0607 32.1648 3.69711 146.875
108.699 22.0347 32.1986 3.69535 146.841
108.799 22.0087 32.2325 3.69359 146.808
108.899 21.9827 32.2663 3.69182 146.774
108.999 21.9566 32.3002 3.69003 146.74
109.099 21.9305 32.334 3.68823 146.706
109.199 21.9044 32.3677 3.68642 146.672
109.299 21.8783 32.4015 3.6846 146.639
109.399 21.8521 32.4352 3.68277 146.605
109.499 21.8259 32.469 3.68092 146.571
109.599 21.7997 32.5026 3.67906 146.537
109.699 21.7735 32.5363 3.67719 146.504
109.799 21.7472 32.57 3.67531 146.47
109.899 21.721 32.6036 3.67342 146.436
109.999 21.6947 32.6372 3.67151 146.403
110.099 21.6683 32.6708 3.66959 146.369
110.199 21.642 32.7044 3.66767 146.336
110.299 21.6156 32.7379 3.66572 146.302
110.399 21.5892 32.7715 3.66377 146.269
110.499 21.5628 32.805 3.66181 146.235
110.599 21.5363 32.8384 3.65983 146.202
110.699 21.5099 32.8719 3.65784 146.168
110.799 21.4834 32.9053 3.65584 146.135
110.899 21.4569 32.9388 3.65383 146.101
110.999 21.4303 32.9722 3.65181 146.068
111.099 21.4038 33.0055 3.64977 146.034
111.199 21.3772 33.0389 3.64772 146.001
111.299 21.3506 33.0722 3.64566 145.968
111.399 21.3239 33.1055 3.64359 145.935
111.499 21.2973 33.1388 3.64151 145.901
111.599 21.2706 33.1721 3.63942 145.868
111.699 21.2439 33.2053 3.63731 145.835
111.799 21.2172 33.2385 3.63519 145.802
111.899 21.1905 33.2717 3.63306 145.768
111.999 21.1637 33.3049 3.63092 145.735
112.099 21.1369 33.338 3.62876 145.702
112.199 21.1101 33.3711 3.6266 145.669
112.299 21.0832 33.4042 3.62442 145.636
112.399 21.0564 33.4373 3.62223 145.603
112.499 21.0295 33.4703 3.62003 145.57
112.599 21.0026 33.5034 3.61782 145.537
112.699 20.9757 33.5364 3.61559 145.504
112.799 20.9487 33.5693 3.61336 145.471
112.899 20.9218 33.6023 3.61111 145.438
112.999 20.8948 33.6352 3.60885 145.405
113.099 20.8678 33.6681 3.60658 145.372
113.199 20.8407 33.701 3.60429 145.339
113.299 20.8137 33.7339 3.602 145.306
113.399 20.7866 33.7667 3.59969 145.273
113.499 20.7595 33.7995 3.59737 145.241
113.599 20.7324 33.8323 3.59504 145.208
113.699 20.7052 33.865 3.5927 145.175
113.799 20.6781 33.8978 3.59035 145.142
113.899 20.6509 33.9305 3.58798 145.11
113.999 20.6237 33.9631 3.5856 145.077
114.099 20.5964 33.9958 3.58321 145.044
114.199 20.5692 34.0284 3.58081 145.012
114.299 20.5419 34.061 3.5784 144.979
114.399 20.5146 34.0936 3.57598 144.946
114.499 20.4873 34.1262 3.57354 144.914
114.599 20.46 34.1587 3.57109 144.881
114.699 20.4326 34.1912 3.56863 144.849
114.799 20.4053 34.2237 3.56616 144.816
114.899 20.3779 34.2561 3.56368 144.784
114.999 20.3504 34.2885 3.56118 144.751
115.099 20.323 34.3209 3.55868 144.719
115.199 20.2955 34.3533 3.55616 144.687
115.299 20.2681 34.3856 3.55363 144.654
115.399 20.2406 34.4179 3.55109 144.622
115.499 20.213 34.4502 3.54853 144.59
115.599 20.1855 34.4825 3.54597 144.558
115.699 20.1579 34.5147 3.54339 144.525
115.799 20.1303 34.5469 3.5408 144.493
115.899 20.1027 34.5791 3.5382 144.461
115.999 20.0751 34.6113 3.53559 144.429
116.099 20.0475 34.6434 3.53297 144.397
116.199 20.0198 34.6755 3.53033 144.365
116.299 19.9921 34.7076 3.52769 144.332
116.399 19.9644 34.7396 3.52503 144.3
116.499 19.9367 34.7716 3.52236 144.268
116.599 19.909 34.8036 3.51968 144.236
116.699 19.8812 34.8356 3.51698 144.204
116.799 19.8534 34.8675 3.51428 144.173
116.899 19.8256 34.8994 3.51156 144.141
116.999 19.7978 34.9313 3.50884 144.109
117.099 19.7699 34.9631 3.5061 144.077
117.199 19.7421 34.9949 3.50335 144.045
117.299 19.7142 35.0267 3.50058 144.013
117.399 19.6863 35.0585 3.49781 143.982
117.499 19.6584 35.0902 3.49502 143.95
117.599 19.6304 35.1219 3.49222 143.918
117.699 19.6025 35.1536 3.48942 143.886
117.799 19.5745 35.1853 3.4866 143.855
117.899 19.5465 35.2169 3.48376 143.823
117.999 19.5185 35.2485 3.48092 143.792
118.099 19.4904 35.28 3.47806 143.76
118.199 19.4624 35.3115 3.4752 143.728
118.299 19.4343 35.343 3.47232 143.697
118.399 19.4062 35.3745 3.46943 143.666
118.499 19.3781 35.406 3.46653 143.634
118.599 19.35 35.4374 3.46361 143.603
118.699 19.3218 35.4687 3.46069 143.571
118.799 19.2936 35.5001 3.45775 143.54
118.899 19.2655 35.5314 3.45481 143.509
118.999 19.2372 35.5627 3.45185 143.477
119.099 19.209 35.594 3.44888 143.446
119.199 19.1808 35.6252 3.4459 143.415
119.299 19.1525 35.6564 3.4429 143.384
119.399 19.1242 35.6876 3.4399 143.352
119.499 19.0959 35.7187 3.43688 143.321
119.599 19.0676 35.7498 3.43385 143.29
119.699 19.0393 35.7809 3.43081 143.259
119.799 19.0109 35.8119 3.42776 143.228
119.899 18.9825 35.8429 3.4247 143.197
119.999 18.9542 35.8739 3.42163 143.166
120.099 18.9257 35.9049 3.41854 143.135
120.199 18.8973 35.9358 3.41545 143.104
120.299 18.8689 35.9667 3.41234 143.073
120.399 18.8404 35.9975 3.40922 143.042
120.499 18.8119 36.0284 3.40609 143.012
120.599 18.7834 36.0592 3.40295 142.981
120.699 18.7549 36.0899 3.39979 142.95
120.799 18.7264 36.1207 3.39663 142.919
120.899 18.6978 36.1514 3.39345 142.889
120.999 18.6693 36.182 3.39026 142.858
121.099 18.6407 36.2127 3.38706 142.827
121.199 18.6121 36.2433 3.38385 142.797
121.299 18.5834 36.2738 3.38063 142.766
121.399 18.5548 36.3044 3.3774 142.736
121.499 18.5261 36.3349 3.37415 142.705
121.599 18.4975 36.3654 3.3709 142.675
121.699 18.4688 36.3958 3.36763 142.644
121.799 18.4401 36.4262 3.36435 142.614
121.899 18.4113 36.4566 3.36106 142.583
121.999 18.3826 36.4869 3.35776 142.553
122.099 18.3538 36.5172 3.35445 142.523
122.199 18.3251 36.5475 3.35113 142.493
122.299 18.2963 36.5777 3.34779 142.462
122.399 18.2674 36.608 3.34445 142.432
122.499 18.2386 36.6381 3.34109 142.402
122.599 18.2098 36.6683 3.33772 142.372
122.699 18.1809 36.6984 3.33434 142.342
122.799 18.152 36.7285 3.33095 142.312
122.899 18.1231 36.7585 3.32755 142.282
122.999 18.0942 36.7885 3.32413 142.252
123.099 18.0653 36.8185 3.32071 142.222
123.199 18.0363 36.8484 3.31727 142.192
123.299 18.0074 36.8783 3.31383 142.162
123.399 17.9784 36.9082 3.31037 142.132
123.499 17.9494 36.938 3.3069 142.102
123.599 17.9204 36.9678 3.30342 142.072
123.699 17.8914 36.9976 3.29993 142.042
123.799 17.8623 37.0273 3.29642 142.013
123.899 17.8332 37.057 3.29291 141.983
123.999 17.8042 37.0867 3.28938 141.953
124.099 17.7751 37.1163 3.28585 141.924
124.199 17.746 37.1459 3.2823 141.894
124.299 17.7168 37.1755 3.27874 141.865
124.399 17.6877 37.205 3.27517 141.835
124.499 17.6585 37.2345 3.27159 141.806
124.599 17.6294 37.2639 3.268 141.776
124.699 17.6002 37.2933 3.2644 141.747
124.799 17.571 37.3227 3.26078 141.717
124.899 17.5417 37.3521 3.25716 141.688
124.999 17.5125 37.3814 3.25352 141.659
125.099 17.4833 37.4106 3.24987 141.629
125.199 17.454 37.4399 3.24622 141.6
125.299 17.4247 37.4691 3.24255 141.571
125.399 17.3954 37.4983 3.23887 141.542
125.499 17.3661 37.5274 3.23517 141.513
125.599 17.3367 37.5565 3.23147 141.484
125.699 17.3074 37.5855 3.22776 141.454
125.799 17.278 37.6146 3.22403 141.425
125.899 17.2487 37.6435 3.2203 141.396
125.999 17.2193 37.6725 3.21655 141.368
126.099 17.1899 37.7014 3.2128 141.339
126.199 17.1604 37.7303 3.20903 141.31
126.299 17.131 37.7591 3.20525 141.281
126.399 17.1015 37.7879 3.20146 141.252
126.499 17.0721 37.8167 3.19766 141.223
126.599 17.0426 37.8454 3.19385 141.195
126.699 17.0131 37.8741 3.19002 141.166
126.799 16.9836 37.9027 3.18619 141.137
126.899 16.954 37.9314 3.18235 141.109
126.999 16.9245 37.9599 3.17849 141.08
127.099 16.8949 37.9885 3.17462 141.052
127.199 16.8654 38.017 3.17075 141.023
127.299 16.8358 38.0454 3.16686 140.995
127.399 16.8062 38.0739 3.16296 140.966
127.499 16.7765 38.1023 3.15905 140.938
127.599 16.7469 38.1306 3.15513 140.909
127.699 16.7173 38.1589 3.1512 140.881
127.799 16.6876 38.1872 3.14726 140.853
127.899 16.6579 38.2154 3.14331 140.825
127.999 16.6282 38.2436 3.13934 140.796
128.099 16.5985 38.2718 3.13537 140.768
128.199 16.5688 38.2999 3.13138 140.74
128.299 16.5391 38.328 3.12739 140.712
128.399 16.5093 38.356 3.12338 140.684
128.499 16.4795 38.384 3.11936 140.656
128.599 16.4498 38.412 3.11533 140.628
128.699 16.42 38.4399 3.1113 140.6
128.799 16.3902 38.4678 3.10725 140.572
128.899 16.3603 38.4957 3.10319 140.544
128.999 16.3305 38.5235 3.09912 140.517
129.099 16.3007 38.5513 3.09503 140.489
129.199 16.2708 38.579 3.09094 140.461
129.299 16.2409 38.6067 3.08684 140.433
129.399 16.211 38.6343 3.08273 140.406
129.499 16.1811 38.662 3.0786 140.378
129.599 16.1512 38.6895 3.07447 140.35
129.699 16.1213 38.7171 3.07032 140.323
129.799 16.0913 38.7446 3.06617 140.295
129.899 16.0613 38.772 3.062 140.268
129.999 16.0314 38.7994 3.05782 140.241
130.099 16.0014 38.8268 3.05364 140.213
130.199 15.9714 38.8541 3.04944 140.186
130.299 15.9414 38.8814 3.04523 140.159
130.399 15.9113 38.9087 3.04101 140.131
130.499 15.8813 38.9359 3.03678 140.104
130.599 15.8512 38.9631 3.03254 140.077
130.699 15.8212 38.9902 3.02829 140.05
130.799 15.7911 39.0173 3.02403 140.023
130.899 15.761 39.0443 3.01976 139.996
130.999 15.7309 39.0714 3.01548 139.969
131.099 15.7007 39.0983 3.01118 139.942
131.199 15.6706 39.1253 3.00688 139.915
131.299 15.6405 39.1521 3.00257 139.888
131.399 15.6103 39.179 2.99825 139.861
131.499 15.5801 39.2058 2.99391 139.834
131.599 15.5499 39.2326 2.98957 139.807
131.699 15.5197 39.2593 2.98521 139.781
131.799 15.4895 39.286 2.98085 139.754
131.899 15.4593 39.3126 2.97647 139.727
131.999 15.429 39.3392 2.97209 139.701
132.099 15.3988 39.3657 2.96769 139.674
132.199 15.3685 39.3923 2.96329 139.648
132.299 15.3382 39.4187 2.95887 139.621
132.399 15.3079 39.4452 2.95444 139.595
132.499 15.2776 39.4715 2.95001 139.568
132.599 15.2473 39.4979 2.94556 139.542
132.699 15.217 39.5242 2.9411 139.516
132.799 15.1867 39.5505 2.93664 139.49
132.899 15.1563 39.5767 2.93216 139.463
132.999 15.1259 39.6028 2.92767 139.437
133.099 15.0955 39.629 2.92317 139.411
133.199 15.0652 39.6551 2.91866 139.385
133.299 15.0347 39.6811 2.91414 139.359
133.399 15.0043 39.7071 2.90962 139.333
133.499 14.9739 39.7331 2.90508 139.307
133.599 14.9435 39.759 2.90053 139.281
133.699 14.913 39.7849 2.89597 139.255
133.799 14.8825 39.8107 2.8914 139.229
133.899 14.8521 39.8365 2.88682 139.204
133.999 14.8216 39.8622 2.88223 139.178
134.099 14.7911 39.888 2.87763 139.152
134.199 14.7605 39.9136 2.87302 139.126
134.299 14.73 39.9392 2.86841 139.101
134.399 14.6995 39.9648 2.86378 139.075
134.499 14.6689 39.9903 2.85914 139.05
134.599 14.6384 40.0158 2.85449 139.024
134.699 14.6078 40.0413 2.84983 138.999
134.799 14.5772 40.0667 2.84516 138.973
134.899 14.5466 40.092 2.84048 138.948
134.999 14.516 40.1173 2.83579 138.923
135.099 14.4854 40.1426 2.83109 138.897
135.199 14.4547 40.1678 2.82638 138.872
135.299 14.4241 40.193 2.82166 138.847
135.399 14.3934 40.2181 2.81694 138.822
135.499 14.3628 40.2432 2.8122 138.797
135.599 14.3321 40.2682 2.80745 138.772
135.699 14.3014 40.2932 2.80269 138.747
135.799 14.2707 40.3182 2.79792 138.722
135.899 14.24 40.3431 2.79315 138.697
135.999 14.2092 40.368 2.78836 138.672
136.099 14.1785 40.3928 2.78356 138.647
136.199 14.1477 40.4176 2.77875 138.622
136.299 14.117 40.4423 2.77394 138.598
136.399 14.0862 40.467 2.76911 138.573
136.499 14.0554 40.4916 2.76427 138.548
136.599 14.0246 40.5162 2.75943 138.524
136.699 13.9938 40.5408 2.75457 138.499
136.799 13.963 40.5653 2.74971 138.475
136.899 13.9322 40.5897 2.74483 138.45
136.999 13.9013 40.6141 2.73995 138.426
137.099 13.8705 40.6385 2.73505 138.402
137.199 13.8396 40.6628 2.73015 138.377
137.299 13.8088 40.6871 2.72523 138.353
137.399 13.7779 40.7113 2.72031 138.329
137.499 13.747 40.7355 2.71538 138.305
137.599 13.7161 40.7596 2.71044 138.28
137.699 13.6852 40.7837 2.70548 138.256
137.799 13.6542 40.8078 2.70052 138.232
137.899 13.6233 40.8318 2.69555 138.208
137.999 13.5923 40.8557 2.69057 138.184
138.099 13.5614 40.8796 2.68558 138.16
138.199 13.5304 40.9035 2.68058 138.137
138.299 13.4994 40.9273 2.67557 138.113
138.399 13.4684 40.9511 2.67056 138.089
138.499 13.4374 40.9748 2.66553 138.065
138.599 13.4064 40.9985 2.66049 138.042
138.699 13.3754 41.0221 2.65544 138.018
138.799 13.3444 41.0457 2.65039 137.994
138.899 13.3133 41.0692 2.64532 137.971
138.999 13.2823 41.0927 2.64025 137.947
139.099 13.2512 41.1161 2.63517 137.924
139.199 13.2201 41.1395 2.63007 137.901
139.299 13.189 41.1629 2.62497 137.877
139.399 13.1579 41.1862 2.61986 137.854
139.499 13.1268 41.2094 2.61474 137.831
139.599 13.0957 41.2326 2.60961 137.807
139.699 13.0646 41.2558 2.60447 137.784
139.799 13.0335 41.2789 2.59932 137.761
139.899 13.0023 41.3019 2.59416 137.738
139.999 12.9712 41.3249 2.58899 137.715
140.099 12.94 41.3479 2.58382 137.692
140.199 12.9088 41.3708 2.57863 137.669
140.299 12.8776 41.3937 2.57344 137.646
140.399 12.8464 41.4165 2.56823 137.624
140.499 12.8152 41.4393 2.56302 137.601
140.599 12.784 41.462 2.5578 137.578
140.699 12.7528 41.4847 2.55257 137.555
140.799 12.7215 41.5073 2.54733 137.533
140.899 12.6903 41.5299 2.54208 137.51
140.999 12.659 41.5524 2.53682 137.488
141.099 12.6278 41.5749 2.53155 137.465
141.199 12.5965 41.5973 2.52628 137.443
141.299 12.5652 41.6197 2.52099 137.42
141.399 12.5339 41.642 2.5157 137.398
141.499 12.5026 41.6643 2.5104 137.376
141.599 12.4713 41.6866 2.50508 137.353
141.699 12.44 41.7087 2.49976 137.331
141.799 12.4086 41.7309 2.49443 137.309
141.899 12.3773 41.753 2.48909 137.287
141.999 12.3459 41.775 2.48375 137.265
142.099 12.3146 41.797 2.47839 137.243
142.199 12.2832 41.8189 2.47303 137.221
142.299 12.2518 41.8408 2.46765 137.199
142.399 12.2204 41.8627 2.46227 137.177
142.499 12.189 41.8845 2.45688 137.156
142.6 12.1576 41.9062 2.45148 137.134
142.7 12.1262 41.9279 2.44607 137.112
142.8 12.0948 41.9496 2.44065 137.09
142.9 12.0633 41.9712 2.43522 137.069
143 12.0319 41.9927 2.42979 137.047
143.1 12.0004 42.0142 2.42434 137.026
143.2 11.969 42.0357 2.41889 137.004
143.3 11.9375 42.0571 2.41343 136.983
143.4 11.906 42.0784 2.40796 136.962
143.5 11.8745 42.0997 2.40248 136.94
143.6 11.843 42.1209 2.397 136.919
143.7 11.8115 42.1421 2.3915 136.898
143.8 11.78 42.1633 2.386 136.877
143.9 11.7485 42.1844 2.38048 136.856
144 11.717 42.2054 2.37496 136.835
144.1 11.6854 42.2264 2.36943 136.814
144.2 11.6539 42.2474 2.36389 136.793
144.3 11.6223 42.2683 2.35835 136.772
144.4 11.5907 42.2891 2.35279 136.751
144.5 11.5592 42.3099 2.34723 136.73
144.6 11.5276 42.3306 2.34166 136.709
144.7 11.496 42.3513 2.33608 136.689
144.8 11.4644 42.372 2.33049 136.668
144.9 11.4327 42.3925 2.32489 136.647
145 11.4011 42.4131 2.31929 136.627
145.1 11.3695 42.4336 2.31367 136.606
145.2 11.3379 42.454 2.30805 136.586
145.3 11.3062 42.4744 2.30242 136.566
145.4 11.2746 42.4947 2.29678 136.545
145.5 11.2429 42.515 2.29114 136.525
145.6 11.2112 42.5352 2.28548 136.505
145.7 11.1795 42.5554 2.27982 136.485
145.8 11.1479 42.5755 2.27415 136.464
145.9 11.1162 42.5956 2.26847 136.444
146 11.0844 42.6156 2.26278 136.424
146.1 11.0527 42.6356 2.25708 136.404
146.2 11.021 42.6555 2.25138 136.384
146.3 10.9893 42.6754 2.24567 136.365
146.4 10.9575 42.6952 2.23995 136.345
146.5 10.9258 42.715 2.23422 136.325
146.6 10.894 42.7347 2.22848 136.305
146.7 10.8623 42.7543 2.22274 136.286
146.8 10.8305 42.774 2.21699 136.266
146.9 10.7987 42.7935 2.21123 136.247
147 10.7669 42.813 2.20546 136.227
147.1 10.7352 42.8325 2.19968 136.208
147.2 10.7033 42.8519 2.1939 136.188
147.3 10.6715 42.8712 2.18811 136.169
147.4 10.6397 42.8905 2.18231 136.15
147.5 10.6079 42.9097 2.1765 136.13
147.6 10.5761 42.9289 2.17068 136.111
147.7 10.5442 42.9481 2.16486 136.092
147.8 10.5124 42.9671 2.15903 136.073
147.9 10.4805 42.9862 2.15319 136.054
148 10.4487 43.0052 2.14734 136.035
148.1 10.4168 43.0241 2.14149 136.016
148.2 10.3849 43.0429 2.13563 135.997
148.3 10.353 43.0618 2.12976 135.978
148.4 10.3211 43.0805 2.12388 135.959
148.5 10.2892 43.0992 2.118 135.941
148.6 10.2573 43.1179 2.1121 135.922
148.7 10.2254 43.1365 2.1062 135.904
148.8 10.1935 43.1551 2.10029 135.885
148.9 10.1615 43.1736 2.09438 135.866
149 10.1296 43.192 2.08846 135.848
149.1 10.0976 43.2104 2.08252 135.83
149.2 10.0657 43.2287 2.07659 135.811
149.3 10.0337 43.247 2.07064 135.793
149.4 10.0018 43.2652 2.06469 135.775
149.5 9.96979 43.2834 2.05873 135.757
149.6 9.9378 43.3015 2.05276 135.738
149.7 9.90581 43.3196 2.04678 135.72
149.8 9.87382 43.3376 2.0408 135.702
149.9 9.84181 43.3556 2.03481 135.684
150 9.8098 43.3735 2.02881 135.667
150.1 9.77778 43.3914 2.0228 135.649
150.2 9.74575 43.4092 2.01679 135.631
150.3 9.71372 43.4269 2.01077 135.613
150.4 9.68168 43.4446 2.00474 135.595
150.5 9.64963 43.4622 1.99871 135.578
150.6 9.61758 43.4798 1.99267 135.56
150.7 9.58552 43.4973 1.98662 135.543
150.8 9.55345 43.5148 1.98056 135.525
150.9 9.52138 43.5322 1.9745 135.508
151 9.4893 43.5496 1.96843 135.49
151.1 9.45721 43.5669 1.96235 135.473
151.2 9.42511 43.5842 1.95627 135.456
151.3 9.39301 43.6014 1.95018 135.439
151.4 9.3609 43.6185 1.94408 135.422
151.5 9.32879 43.6356 1.93797 135.404
151.6 9.29667 43.6526 1.93186 135.387
151.7 9.26454 43.6696 1.92574 135.37
151.8 9.2324 43.6865 1.91961 135.353
151.9 9.20026 43.7034 1.91348 135.337
152 9.16811 43.7202 1.90733 135.32
152.1 9.13596 43.737 1.90119 135.303
152.2 9.1038 43.7537 1.89503 135.286
152.3 9.07163 43.7703 1.88887 135.27
152.4 9.03945 43.7869 1.8827 135.253
152.5 9.00727 43.8035 1.87652 135.237
152.6 8.97509 43.82 1.87034 135.22
152.7 8.94289 43.8364 1.86415 135.204
152.8 8.91069 43.8528 1.85796 135.187
152.9 8.87849 43.8691 1.85175 135.171
153 8.84627 43.8853 1.84554 135.155
153.1 8.81405 43.9016 1.83933 135.138
153.2 8.78183 43.9177 1.83311 135.122
153.3 8.7496 43.9338 1.82688 135.106
153.4 8.71736 43.9498 1.82064 135.09
153.5 8.68512 43.9658 1.8144 135.074
153.6 8.65287 43.9818 1.80815 135.058
153.7 8.62061 43.9976 1.80189 135.042
153.8 8.58835 44.0134 1.79563 135.027
153.9 8.55608 44.0292 1.78936 135.011
154 8.52381 44.0449 1.78308 134.995
154.1 8.49153 44.0606 1.7768 134.979
154.2 8.45924 44.0761 1.77051 134.964
154.3 8.42695 44.0917 1.76422 134.948
154.4 8.39465 44.1072 1.75791 134.933
154.5 8.36235 44.1226 1.75161 134.917
154.6 8.33004 44.138 1.74529 134.902
154.7 8.29772 44.1533 1.73897 134.887
154.8 8.2654 44.1685 1.73264 134.871
154.9 8.23307 44.1837 1.72631 134.856
155 8.20074 44.1989 1.71997 134.841
155.1 8.1684 44.2139 1.71362 134.826
155.2 8.13606 44.229 1.70727 134.811
155.3 8.10371 44.2439 1.70091 134.796
155.4 8.07135 44.2589 1.69455 134.781
155.5 8.03899 44.2737 1.68818 134.766
155.6 8.00662 44.2885 1.6818 134.752
155.7 7.97425 44.3033 1.67541 134.737
155.8 7.94187 44.318 1.66902 134.722
155.9 7.90948 44.3326 1.66263 134.707
156 7.8771 44.3472 1.65623 134.693
156.1 7.8447 44.3617 1.64982 134.678
156.2 7.8123 44.3761 1.64341 134.664
156.3 7.77989 44.3905 1.63699 134.649
156.4 7.74748 44.4049 1.63056 134.635
156.5 7.71507 44.4192 1.62413 134.621
156.6 7.68264 44.4334 1.61769 134.607
156.7 7.65022 44.4476 1.61125 134.592
156.8 7.61778 44.4617 1.6048 134.578
156.9 7.58534 44.4757 1.59834 134.564
157 7.5529 44.4897 1.59188 134.55
157.1 7.52045 44.5037 1.58541 134.536
157.2 7.488 44.5176 1.57894 134.522
157.3 7.45554 44.5314 1.57246 134.509
157.4 7.42307 44.5452 1.56597 134.495
157.5 7.39061 44.5589 1.55948 134.481
157.6 7.35813 44.5725 1.55299 134.467
157.7 7.32565 44.5861 1.54648 134.454
157.8 7.29317 44.5997 1.53998 134.44
157.9 7.26068 44.6132 1.53346 134.427
158 7.22818 44.6266 1.52694 134.413
158.1 7.19568 44.64 1.52042 134.4
158.2 7.16318 44.6533 1.51389 134.387
158.3 7.13067 44.6665 1.50735 134.373
158.4 7.09815 44.6797 1.50081 134.36
158.5 7.06563 44.6928 1.49427 134.347
158.6 7.03311 44.7059 1.48771 134.334
158.7 7.00058 44.7189 1.48116 134.321
158.8 6.96804 44.7319 1.47459 134.308
158.9 6.9355 44.7448 1.46802 134.295
159.001 6.90296 44.7577 1.46145 134.282
159.101 6.87041 44.7704 1.45487 134.27
159.201 6.83786 44.7832 1.44829 134.257
159.301 6.8053 44.7958 1.4417 134.244
159.401 6.77274 44.8084 1.4351 134.232
159.501 6.74017 44.821 1.4285 134.219
159.601 6.7076 44.8335 1.42189 134.207
159.701 6.67502 44.8459 1.41528 134.194
159.801 6.64244 44.8583 1.40867 134.182
159.901 6.60986 44.8706 1.40204 134.169
160.001 6.57726 44.8829 1.39542 134.157
160.101 6.54467 44.8951 1.38879 134.145
160.201 6.51207 44.9072 1.38215 134.133
160.301 6.47947 44.9193 1.37551 134.121
160.401 6.44686 44.9313 1.36886 134.109
160.501 6.41425 44.9433 1.36221 134.097
160.601 6.38163 44.9552 1.35555 134.085
160.701 6.34901 44.9671 1.34889 134.073
160.801 6.31638 44.9788 1.34222 134.061
160.901 6.28375 44.9906 1.33555 134.049
161.001 6.25112 45.0023 1.32887 134.038
161.101 6.21848 45.0139 1.32219 134.026
161.201 6.18584 45.0254 1.3155 134.015
161.301 6.15319 45.0369 1.30881 134.003
161.401 6.12054 45.0483 1.30211 133.992
161.501 6.08788 45.0597 1.29541 133.98
161.601 6.05522 45.071 1.2887 133.969
161.701 6.02256 45.0823 1.28199 133.958
161.801 5.98989 45.0935 1.27528 133.947
161.901 5.95722 45.1046 1.26856 133.935
162.001 5.92454 45.1157 1.26183 133.924
162.101 5.89186 45.1267 1.2551 133.913
162.201 5.85918 45.1377 1.24837 133.902
162.301 5.82649 45.1486 1.24163 133.891
162.401 5.7938 45.1594 1.23489 133.881
162.501 5.7611 45.1702 1.22814 133.87
162.601 5.7284 45.1809 1.22138 133.859
162.701 5.6957 45.1916 1.21463 133.848
162.801 5.66299 45.2022 1.20787 133.838
162.901 5.63028 45.2128 1.2011 133.827
163.001 5.59756 45.2232 1.19433 133.817
163.101 5.56484 45.2337 1.18755 133.806
163.201 5.53212 45.244 1.18077 133.796
163.301 5.4994 45.2543 1.17399 133.786
163.401 5.46666 45.2646 1.1672 133.775
163.501 5.43393 45.2748 1.16041 133.765
163.601 5.40119 45.2849 1.15361 133.755
163.701 5.36845 45.295 1.14681 133.745
163.801 5.33571 45.305 1.14001 133.735
163.901 5.30296 45.3149 1.1332 133.725
164.001 5.27021 45.3248 1.12638 133.715
164.101 5.23745 45.3346 1.11956 133.705
164.201 5.20469 45.3444 1.11274 133.696
164.301 5.17193 45.3541 1.10592 133.686
164.401 5.13916 45.3638 1.09909 133.676
164.501 5.10639 45.3733 1.09225 133.667
164.601 5.07362 45.3829 1.08541 133.657
164.701 5.04084 45.3923 1.07857 133.648
164.801 5.00806 45.4017 1.07172 133.638
164.901 4.97528 45.4111 1.06487 133.629
165.001 4.94249 45.4204 1.05802 133.62
165.101 4.9097 45.4296 1.05116 133.61
165.201 4.87691 45.4388 1.0443 133.601
165.301 4.84411 45.4479 1.03743 133.592
165.401 4.81131 45.4569 1.03056 133.583
165.501 4.77851 45.4659 1.02369 133.574
165.601 4.7457 45.4748 1.01681 133.565
165.701 4.71289 45.4837 1.00993 133.556
165.801 4.68008 45.4925 1.00304 133.548
165.901 4.64726 45.5012 0.996155 133.539
166.001 4.61444 45.5099 0.989263 133.53
166.101 4.58162 45.5185 0.982367 133.522
166.201 4.54879 45.5271 0.975467 133.513
166.301 4.51597 45.5356 0.968563 133.504
166.401 4.48313 45.544 0.961656 133.496
166.501 4.4503 45.5524 0.954746 133.488
166.601 4.41746 45.5607 0.947831 133.479
166.701 4.38462 45.569 0.940914 133.471
166.801 4.35178 45.5772 0.933993 133.463
166.901 4.31893 45.5853 0.927068 133.455
167.001 4.28608 45.5934 0.92014 133.447
167.101 4.25323 45.6014 0.913208 133.439
167.201 4.22038 45.6093 0.906273 133.431
167.301 4.18752 45.6172 0.899335 133.423
167.401 4.15466 45.6251 0.892393 133.415
167.501 4.1218 45.6328 0.885448 133.407
167.601 4.08893 45.6405 0.8785 133.399
167.701 4.05606 45.6482 0.871549 133.392
167.801 4.02319 45.6558 0.864594 133.384
167.901 3.99031 45.6633 0.857636 133.377
168.001 3.95744 45.6708 0.850675 133.369
168.101 3.92456 45.6782 0.84371 133.362
168.201 3.89168 45.6855 0.836743 133.355
168.301 3.85879 45.6928 0.829772 133.347
168.401 3.8259 45.7 0.822799 133.34
168.501 3.79301 45.7072 0.815822 133.333
168.601 3.76012 45.7143 0.808842 133.326
168.701 3.72723 45.7213 0.80186 133.319
168.801 3.69433 45.7283 0.794874 133.312
168.901 3.66143 45.7352 0.787885 133.305
169.001 3.62853 45.7421 0.780893 133.298
169.101 3.59562 45.7488 0.773899 133.291
169.201 3.56271 45.7556 0.766901 133.284
169.301 3.52981 45.7622 0.759901 133.278
169.401 3.49689 45.7689 0.752898 133.271
169.501 3.46398 45.7754 0.745892 133.265
169.601 3.43106 45.7819 0.738883 133.258
169.701 3.39814 45.7883 0.731872 133.252
169.801 3.36522 45.7947 0.724858 133.245
169.901 3.3323 45.801 0.717841 133.239
170.001 3.29937 45.8072 0.710821 133.233
170.101 3.26645 45.8134 0.703799 133.227
170.201 3.23352 45.8195 0.696774 133.221
170.301 3.20058 45.8256 0.689747 133.214
170.401 3.16765 45.8316 0.682717 133.208
170.501 3.13471 45.8375 0.675684 133.203
170.601 3.10177 45.8434 0.668649 133.197
170.701 3.06883 45.8492 0.661612 133.191
170.801 3.03589 45.8549 0.654572 133.185
170.901 3.00295 45.8606 0.647529 133.179
171.001 2.97 45.8662 0.640484 133.174
171.101 2.93705 45.8718 0.633437 133.168
171.201 2.9041 45.8773 0.626388 133.163
171.301 2.87115 45.8827 0.619336 133.157
171.401 2.8382 45.8881 0.612281 133.152
171.501 2.80524 45.8934 0.605225 133.147
171.601 2.77228 45.8987 0.598166 133.141
171.701 2.73932 45.9039 0.591105 133.136
171.801 2.70636 45.909 0.584042 133.131
171.901 2.6734 45.9141 0.576976 133.126
172.001 2.64043 45.9191 0.569909 133.121
172.101 2.60746 45.924 0.562839 133.116
172.201 2.57449 45.9289 0.555767 133.111
172.301 2.54152 45.9337 0.548693 133.106
172.401 2.50855 45.9385 0.541618 133.102
172.501 2.47558 45.9432 0.53454 133.097
172.601 2.4426 45.9478 0.52746 133.092
172.701 2.40963 45.9524 0.520378 133.088
172.801 2.37665 45.9569 0.513294 133.083
172.901 2.34367 45.9614 0.506208 133.079
173.001 2.31069 45.9657 0.499121 133.074
173.101 2.2777 45.9701 0.492031 133.07
173.201 2.24472 45.9743 0.48494 133.066
173.301 2.21173 45.9785 0.477847 133.061
173.401 2.17874 45.9827 0.470752 133.057
173.501 2.14575 45.9868 0.463655 133.053
173.601 2.11276 45.9908 0.456557 133.049
173.701 2.07977 45.9947 0.449456 133.045
173.801 2.04678 45.9986 0.442355 133.041
173.901 2.01378 46.0025 0.435251 133.038
174.001 1.98079 46.0062 0.428146 133.034
174.101 1.94779 46.0099 0.421039 133.03
174.201 1.91479 46.0136 0.413931 133.026
174.301 1.88179 46.0172 0.406821 133.023
174.401 1.84879 46.0207 0.39971 133.019
174.501 1.81579 46.0241 0.392597 133.016
174.601 1.78278 46.0275 0.385483 133.012
174.701 1.74978 46.0309 0.378367 133.009
174.801 1.71677 46.0341 0.37125 133.006
174.901 1.68377 46.0373 0.364132 133.003
175.001 1.65076 46.0405 0.357012 133
175.101 1.61775 46.0436 0.349891 132.996
175.201 1.58474 46.0466 0.342768 132.993
175.301 1.55173 46.0496 0.335644 132.99
175.402 1.51871 46.0525 0.328519 132.988
175.502 1.4857 46.0553 0.321393 132.985
175.602 1.45269 46.0581 0.314265 132.982
175.702 1.41967 46.0608 0.307137 132.979
175.802 1.38665 46.0634 0.300007 132.977
175.902 1.35364 46.066 0.292876 132.974
176.002 1.32062 46.0685 0.285744 132.971
176.102 1.2876 46.071 0.278611 132.969
176.202 1.25458 46.0734 0.271477 132.967
176.302 1.22156 46.0757 0.264342 132.964
176.402 1.18854 46.078 0.257206 132.962
176.502 1.15552 46.0802 0.250068 132.96
176.602 1.12249 46.0824 0.24293 132.958
176.702 1.08947 46.0845 0.235792 132.956
176.802 1.05644 46.0865 0.228652 132.954
176.902 1.02342 46.0885 0.221511 132.952
177.002 0.990393 46.0904 0.21437 132.95
177.102 0.957366 46.0922 0.207227 132.948
177.202 0.924339 46.094 0.200084 132.946
177.302 0.891311 46.0957 0.19294 132.944
177.402 0.858283 46.0973 0.185796 132.943
177.502 0.825254 46.0989 0.178651 132.941
177.602 0.792225 46.1005 0.171505 132.94
177.702 0.759195 46.1019 0.164358 132.938
177.802 0.726164 46.1033 0.157211 132.937
177.902 0.693133 46.1047 0.150063 132.935
178.002 0.660102 46.1059 0.142915 132.934
178.102 0.62707 46.1072 0.135766 132.933
178.202 0.594037 46.1083 0.128617 132.932
178.302 0.561005 46.1094 0.121467 132.931
178.402 0.527972 46.1104 0.114317 132.93
178.502 0.494938 46.1114 0.107166 132.929
178.602 0.461905 46.1123 0.100015 132.928
178.702 0.428871 46.1131 0.0928634 132.927
178.802 0.395836 46.1139 0.0857116 132.926
178.902 0.362802 46.1146 0.0785594 132.925
179.002 0.329767 46.1153 0.071407 132.925
179.102 0.296732 46.1159 0.0642543 132.924
179.202 0.263697 46.1164 0.0571013 132.924
179.302 0.230661 46.1169 0.0499482 132.923
179.402 0.197626 46.1173 0.0427948 132.923
179.502 0.16459 46.1176 0.0356413 132.922
179.602 0.131554 46.1179 0.0284877 132.922
179.702 0.0985183 46.1181 0.0213339 132.922
179.802 0.0654823 46.1183 0.0141801 132.922
179.902 0.0324463 46.1184 0.00702621 132.922
