0 1.09082e-14 4.90229 0 190.287
0.1 0.155459 4.90235 0.0115433 190.287
0.2 0.310913 4.90253 0.0230865 190.287
0.3 0.466358 4.90282 0.0346298 190.287
0.4 0.621787 4.90324 0.0461729 190.286
0.5 0.777196 4.90378 0.0577159 190.286
0.6 0.932581 4.90443 0.0692589 190.285
0.7 1.08794 4.90521 0.0808017 190.284
0.8 1.24325 4.9061 0.0923443 190.283
0.9 1.39853 4.90711 0.103887 190.282
1 1.55377 4.90824 0.115429 190.281
1.1 1.70895 4.90949 0.126971 190.28
1.2 1.86408 4.91086 0.138513 190.279
1.3 2.01915 4.91235 0.150054 190.277
1.4 2.17416 4.91395 0.161595 190.276
1.5 2.3291 4.91568 0.173136 190.274
1.6 2.48396 4.91752 0.184676 190.272
1.7 2.63874 4.91949 0.196216 190.27
1.8 2.79344 4.92157 0.207756 190.268
1.9 2.94805 4.92377 0.219295 190.266
2 3.10256 4.92609 0.230834 190.263
2.1 3.25698 4.92853 0.242372 190.261
2.2 3.41129 4.93109 0.25391 190.258
2.3 3.56549 4.93377 0.265447 190.256
2.4 3.71958 4.93657 0.276984 190.253
2.5 3.87355 4.93948 0.28852 190.25
2.6 4.0274 4.94252 0.300056 190.247
2.7 4.18112 4.94567 0.311591 190.244
2.8 4.33471 4.94894 0.323125 190.241
2.9 4.48816 4.95233 0.334659 190.237
3 4.64147 4.95584 0.346192 190.234
3.1 4.79463 4.95947 0.357724 190.23
3.2 4.94764 4.96322 0.369255 190.226
3.3 5.1005 4.96709 0.380786 190.222
3.4 5.25319 4.97107 0.392316 190.219
3.5 5.40572 4.97518 0.403845 190.214
3.6 5.55808 4.9794 0.415373 190.21
3.7 5.71027 4.98374 0.426901 190.206
3.8 5.86227 4.9882 0.438427 190.201
3.9 6.0141 4.99278 0.449953 190.197
4 6.16573 4.99748 0.461478 190.192
4.1 6.31718 5.0023 0.473001 190.187
4.2 6.46842 5.00723 0.484524 190.182
4.3 6.61947 5.01229 0.496046 190.177
4.4 6.77031 5.01746 0.507567 190.172
4.5 6.92094 5.02275 0.519087 190.167
4.6 7.07136 5.02816 0.530605 190.161
4.7 7.22156 5.03369 0.542123 190.156
4.8 7.37154 5.03934 0.553639 190.15
4.9 7.52129 5.0451 0.565154 190.144
5 7.6708 5.05099 0.576669 190.139
5.1 7.82009 5.05699 0.588182 190.133
5.2 7.96913 5.06312 0.599693 190.126
5.3 8.11794 5.06936 0.611204 190.12
5.4 8.26649 5.07572 0.622713 190.114
5.5 8.41479 5.08219 0.634221 190.107
5.6 8.56284 5.08879 0.645728 190.101
5.7 8.71063 5.0955 0.657233 190.094
5.8 8.85816 5.10234 0.668737 190.087
5.9 9.00541 5.10929 0.680239 190.08
6 9.1524 5.11636 0.691741 190.073
6.1 9.29911 5.12355 0.70324 190.066
6.2 9.44555 5.13085 0.714739 190.059
6.3 9.5917 5.13828 0.726235 190.051
6.4 9.73757 5.14582 0.737731 190.044
6.5 9.88314 5.15348 0.749225 190.036
6.6 10.0284 5.16126 0.760717 190.028
6.7 10.1734 5.16916 0.772207 190.02
6.8 10.3181 5.17718 0.783697 190.012
6.9 10.4625 5.18531 0.795184 190.004
7 10.6066 5.19357 0.80667 189.996
7.1 10.7503 5.20194 0.818154 189.988
7.2 10.8938 5.21043 0.829636 189.979
7.3 11.0369 5.21903 0.841117 189.971
7.4 11.1797 5.22776 0.852596 189.962
7.5 11.3222 5.2366 0.864073 189.953
7.6 11.4644 5.24556 0.875549 189.944
7.7 11.6062 5.25464 0.887023 189.935
7.79999 11.7477 5.26384 0.898494 189.926
7.89999 11.8888 5.27315 0.909964 189.916
7.99999 12.0297 5.28259 0.921432 189.907
8.09999 12.1701 5.29214 0.932899 189.897
8.2 12.3103 5.30181 0.944363 189.888
8.3 12.45 5.31159 0.955825 189.878
8.4 12.5895 5.3215 0.967286 189.868
8.5 12.7286 5.33152 0.978744 189.858
8.6 12.8673 5.34166 0.9902 189.848
8.7 13.0056 5.35192 1.00165 189.838
8.8 13.1436 5.36229 1.01311 189.827
8.9 13.2812 5.37279 1.02456 189.817
9 13.4185 5.3834 1.03601 189.806
9.1 13.5554 5.39412 1.04745 189.795
9.2 13.6919 5.40497 1.05889 189.785
9.3 13.828 5.41593 1.07034 189.774
9.4 13.9638 5.42701 1.08178 189.763
9.5 14.0992 5.43821 1.09321 189.751
9.6 14.2342 5.44953 1.10465 189.74
9.7 14.3688 5.46096 1.11608 189.729
9.8 14.503 5.47251 1.12751 189.717
9.9 14.6368 5.48418 1.13894 189.705
10 14.7702 5.49596 1.15036 189.694
10.1 14.9033 5.50786 1.16179 189.682
10.2 15.0359 5.51988 1.17321 189.67
10.3 15.1681 5.53202 1.18463 189.658
10.4 15.3 5.54427 1.19604 189.645
10.5 15.4314 5.55664 1.20746 189.633
10.6 15.5624 5.56913 1.21887 189.62
10.7 15.6931 5.58174 1.23027 189.608
10.8 15.8233 5.59446 1.24168 189.595
10.9 15.9531 5.6073 1.25308 189.582
11 16.0825 5.62025 1.26448 189.569
11.1 16.2114 5.63332 1.27588 189.556
11.2 16.34 5.64651 1.28728 189.543
11.3 16.4681 5.65982 1.29867 189.53
11.4 16.5958 5.67324 1.31006 189.516
11.5 16.7231 5.68678 1.32145 189.503
11.6 16.85 5.70044 1.33283 189.489
11.7 16.9764 5.71421 1.34421 189.475
11.8 17.1024 5.7281 1.35559 189.461
11.9 17.228 5.7421 1.36697 189.447
12 17.3532 5.75622 1.37834 189.433
12.1 17.4779 5.77046 1.38971 189.419
12.2 17.6022 5.78482 1.40108 189.405
12.3 17.726 5.79929 1.41245 189.39
12.4 17.8494 5.81388 1.42381 189.376
12.5 17.9724 5.82858 1.43517 189.361
12.6 18.095 5.8434 1.44652 189.346
12.7 18.2171 5.85834 1.45787 189.331
12.8 18.3387 5.87339 1.46922 189.316
12.9 18.4599 5.88856 1.48057 189.301
13 18.5807 5.90384 1.49191 189.286
13.1 18.7011 5.91924 1.50326 189.27
13.2 18.8209 5.93476 1.51459 189.255
13.3 18.9404 5.95039 1.52593 189.239
13.4 19.0594 5.96614 1.53726 189.223
13.5 19.1779 5.982 1.54859 189.208
13.6 19.296 5.99798 1.55991 189.192
13.7 19.4137 6.01408 1.57123 189.176
13.8 19.5309 6.03029 1.58255 189.159
13.9 19.6476 6.04661 1.59387 189.143
14 19.7639 6.06306 1.60518 189.127
14.1 19.8798 6.07961 1.61649 189.11
14.2 19.9952 6.09629 1.62779 189.093
14.3 20.1101 6.11308 1.63909 189.077
14.4 20.2246 6.12998 1.65039 189.06
14.5 20.3386 6.147 1.66168 189.043
14.6 20.4522 6.16413 1.67298 189.025
14.7 20.5653 6.18138 1.68426 189.008
14.8 20.6779 6.19875 1.69555 188.991
14.9 20.7901 6.21623 1.70683 188.973
15 20.9019 6.23382 1.71811 188.956
15.1 21.0132 6.25153 1.72938 188.938
15.2 21.124 6.26936 1.74065 188.92
15.3 21.2343 6.2873 1.75192 188.902
15.4 21.3443 6.30535 1.76318 188.884
15.5 21.4537 6.32352 1.77444 188.866
15.6 21.5627 6.3418 1.78569 188.848
15.7 21.6712 6.3602 1.79694 188.829
15.8 21.7793 6.37871 1.80819 188.811
15.9 21.8869 6.39734 1.81944 188.792
16 21.994 6.41608 1.83068 188.773
16.1 22.1007 6.43494 1.84191 188.755
16.2 22.207 6.45391 1.85315 188.736
16.3 22.3127 6.473 1.86437 188.717
16.4 22.418 6.4922 1.8756 188.697
16.5 22.5229 6.51151 1.88682 188.678
16.6 22.6272 6.53094 1.89804 188.659
16.7 22.7312 6.55048 1.90925 188.639
16.8 22.8346 6.57014 1.92046 188.619
16.9 22.9376 6.58991 1.93167 188.6
17 23.0402 6.60979 1.94287 188.58
17.1 23.1423 6.62979 1.95406 188.56
17.2 23.2439 6.6499 1.96526 188.54
17.3 23.345 6.67012 1.97645 188.519
17.4 23.4457 6.69046 1.98763 188.499
17.5 23.546 6.71091 1.99881 188.479
17.6 23.6458 6.73148 2.00999 188.458
17.7 23.7451 6.75216 2.02116 188.437
17.8 23.8439 6.77295 2.03233 188.417
17.9 23.9423 6.79386 2.04349 188.396
18 24.0403 6.81488 2.05465 188.375
18.1 24.1378 6.83601 2.0658 188.354
18.2 24.2348 6.85726 2.07696 188.332
18.3 24.3314 6.87861 2.0881 188.311
18.4 24.4275 6.90009 2.09924 188.289
18.5 24.5232 6.92167 2.11038 188.268
18.6 24.6184 6.94337 2.12152 188.246
18.7 24.7131 6.96518 2.13264 188.224
18.8 24.8074 6.9871 2.14377 188.202
18.9 24.9013 7.00914 2.15489 188.18
19 24.9947 7.03129 2.166 188.158
19.1 25.0876 7.05355 2.17711 188.136
19.2 25.1801 7.07592 2.18822 188.114
19.3 25.2721 7.09841 2.19932 188.091
19.4 25.3637 7.12101 2.21042 188.069
19.5 25.4548 7.14372 2.22151 188.046
19.6 25.5455 7.16654 2.2326 188.023
19.7 25.6357 7.18947 2.24368 188
19.8 25.7255 7.21252 2.25476 187.977
19.9 25.8149 7.23568 2.26583 187.954
20 25.9037 7.25895 2.2769 187.931
20.1 25.9922 7.28233 2.28797 187.907
20.2 26.0802 7.30583 2.29903 187.884
20.3 26.1677 7.32943 2.31008 187.86
20.4 26.2548 7.35315 2.32113 187.836
20.5 26.3415 7.37698 2.33218 187.813
20.6 26.4277 7.40092 2.34322 187.789
20.7 26.5135 7.42498 2.35425 187.765
20.8 26.5988 7.44914 2.36528 187.74
20.9 26.6837 7.47341 2.37631 187.716
21 26.7682 7.4978 2.38733 187.692
21.1 26.8522 7.5223 2.39834 187.667
21.2 26.9358 7.54691 2.40935 187.643
21.3 27.019 7.57163 2.42036 187.618
21.4 27.1017 7.59646 2.43135 187.593
21.5 27.1839 7.6214 2.44235 187.568
21.6 27.2658 7.64645 2.45334 187.543
21.7 27.3472 7.67161 2.46432 187.518
21.8 27.4282 7.69689 2.4753 187.493
21.9 27.5087 7.72227 2.48628 187.467
22 27.5888 7.74776 2.49725 187.442
22.1 27.6685 7.77337 2.50821 187.416
22.2 27.7478 7.79908 2.51917 187.39
22.3 27.8266 7.82491 2.53012 187.365
22.4 27.905 7.85084 2.54107 187.339
22.5 27.983 7.87689 2.55201 187.313
22.6 28.0605 7.90304 2.56295 187.287
22.7001 28.1377 7.92931 2.57388 187.26
22.8001 28.2144 7.95568 2.5848 187.234
22.9001 28.2907 7.98217 2.59572 187.207
23.0001 28.3665 8.00876 2.60664 187.181
23.1001 28.442 8.03547 2.61755 187.154
23.2001 28.517 8.06228 2.62845 187.127
23.3001 28.5916 8.0892 2.63935 187.1
23.4001 28.6658 8.11623 2.65024 187.073
23.5001 28.7396 8.14338 2.66113 187.046
23.6001 28.813 8.17063 2.67201 187.019
23.7001 28.886 8.19799 2.68289 186.992
23.8001 28.9585 8.22546 2.69376 186.964
23.9001 29.0306 8.25303 2.70462 186.937
24.0001 29.1024 8.28072 2.71548 186.909
24.1001 29.1737 8.30851 2.72633 186.881
24.2001 29.2446 8.33642 2.73718 186.853
24.3001 29.3151 8.36443 2.74802 186.825
24.4001 29.3852 8.39255 2.75886 186.797
24.5001 29.4549 8.42078 2.76969 186.769
24.6001 29.5242 8.44912 2.78051 186.74
24.7001 29.5931 8.47756 2.79133 186.712
24.8001 29.6616 8.50612 2.80214 186.683
24.9001 29.7297 8.53478 2.81295 186.655
25.0001 29.7974 8.56355 2.82375 186.626
25.1001 29.8647 8.59243 2.83454 186.597
25.2001 29.9316 8.62141 2.84533 186.568
25.3001 29.9981 8.65051 2.85612 186.539
25.4001 30.0643 8.67971 2.86689 186.51
25.5001 30.13 8.70902 2.87766 186.481
25.6001 30.1953 8.73843 2.88843 186.451
25.7001 30.2603 8.76796 2.89918 186.422
25.8001 30.3248 8.79759 2.90993 186.392
25.9001 30.389 8.82732 2.92068 186.362
26.0001 30.4528 8.85717 2.93142 186.332
26.1001 30.5162 8.88712 2.94215 186.302
26.2001 30.5792 8.91718 2.95288 186.272
26.3001 30.6419 8.94734 2.9636 186.242
26.4001 30.7042 8.97762 2.97431 186.212
26.5001 30.766 9.008 2.98502 186.182
26.6001 30.8275 9.03848 2.99572 186.151
26.7001 30.8887 9.06907 3.00642 186.121
26.8001 30.9494 9.09977 3.01711 186.09
26.9001 31.0098 9.13058 3.02779 186.059
27.0001 31.0698 9.16149 3.03847 186.028
27.1001 31.1294 9.1925 3.04914 185.997
27.2001 31.1887 9.22363 3.0598 185.966
27.3001 31.2476 9.25485 3.07045 185.935
27.4001 31.3061 9.28619 3.0811 185.903
27.5001 31.3643 9.31763 3.09175 185.872
27.6001 31.4221 9.34917 3.10238 185.84
27.7001 31.4795 9.38082 3.11301 185.809
27.8001 31.5366 9.41258 3.12364 185.777
27.9001 31.5933 9.44444 3.13425 185.745
28.0001 31.6496 9.47641 3.14486 185.713
28.1001 31.7056 9.50848 3.15547 185.681
28.2001 31.7612 9.54066 3.16606 185.649
28.3001 31.8165 9.57294 3.17665 185.617
28.4001 31.8714 9.60533 3.18724 185.584
28.5001 31.9259 9.63782 3.19781 185.552
28.6001 31.9801 9.67042 3.20838 185.519
28.7001 32.034 9.70312 3.21895 185.486
28.8001 32.0875 9.73592 3.2295 185.454
28.9001 32.1406 9.76883 3.24005 185.421
29.0001 32.1935 9.80184 3.25059 185.388
29.1001 32.2459 9.83496 3.26113 185.355
29.2001 32.298 9.86818 3.27165 185.321
29.3001 32.3498 9.90151 3.28217 185.288
29.4001 32.4012 9.93494 3.29269 185.255
29.5001 32.4523 9.96847 3.30319 185.221
29.6001 32.503 10.0021 3.31369 185.187
29.7001 32.5534 10.0358 3.32419 185.154
29.8001 32.6035 10.0697 3.33467 185.12
29.9001 32.6532 10.1036 3.34515 185.086
30.0001 32.7026 10.1377 3.35562 185.052
30.1001 32.7517 10.1718 3.36608 185.018
30.2001 32.8004 10.2061 3.37654 184.983
30.3001 32.8488 10.2405 3.38699 184.949
30.4001 32.8968 10.2749 3.39743 184.915
30.5001 32.9446 10.3095 3.40787 184.88
30.6001 32.992 10.3441 3.41829 184.845
30.7001 33.039 10.3789 3.42871 184.811
30.8001 33.0858 10.4138 3.43913 184.776
30.9001 33.1322 10.4488 3.44953 184.741
31.0001 33.1783 10.4838 3.45993 184.706
31.1001 33.2241 10.519 3.47032 184.671
31.2001 33.2696 10.5543 3.4807 184.635
31.3001 33.3147 10.5897 3.49108 184.6
31.4001 33.3595 10.6252 3.50145 184.564
31.5001 33.404 10.6608 3.51181 184.529
31.6001 33.4482 10.6964 3.52216 184.493
31.7001 33.4921 10.7322 3.53251 184.457
31.8001 33.5356 10.7681 3.54284 184.421
31.9001 33.5789 10.8041 3.55317 184.385
32.0001 33.6218 10.8402 3.56349 184.349
32.1001 33.6644 10.8764 3.57381 184.313
32.2001 33.7068 10.9127 3.58412 184.277
32.3001 33.7488 10.9491 3.59441 184.241
32.4001 33.7905 10.9856 3.6047 184.204
32.5001 33.8319 11.0222 3.61499 184.167
32.6001 33.8729 11.0589 3.62526 184.131
32.7001 33.9137 11.0957 3.63553 184.094
32.8001 33.9542 11.1326 3.64579 184.057
32.9001 33.9944 11.1695 3.65604 184.02
33.0001 34.0343 11.2066 3.66629 183.983
33.1001 34.0739 11.2438 3.67652 183.946
33.2001 34.1132 11.2811 3.68675 183.908
33.3001 34.1522 11.3185 3.69697 183.871
33.4001 34.1909 11.356 3.70718 183.834
33.5001 34.2293 11.3936 3.71739 183.796
33.6001 34.2674 11.4313 3.72758 183.758
33.7001 34.3052 11.4691 3.73777 183.72
33.8001 34.3428 11.507 3.74795 183.683
33.9001 34.38 11.545 3.75812 183.645
34.0001 34.417 11.5831 3.76828 183.607
34.1001 34.4536 11.6213 3.77844 183.568
34.2001 34.49 11.6595 3.78859 183.53
34.3 34.5261 11.6979 3.79873 183.492
34.4 34.562 11.7364 3.80886 183.453
34.5 34.5975 11.775 3.81898 183.415
34.6 34.6328 11.8137 3.82909 183.376
34.7 34.6677 11.8524 3.8392 183.337
34.8 34.7024 11.8913 3.84929 183.298
34.9 34.7369 11.9303 3.85938 183.259
35 34.771 11.9694 3.86946 183.22
35.1 34.8049 12.0085 3.87953 183.181
35.2 34.8385 12.0478 3.8896 183.142
35.3 34.8718 12.0872 3.89965 183.102
35.4 34.9048 12.1266 3.9097 183.063
35.5 34.9376 12.1662 3.91974 183.023
35.6 34.9701 12.2058 3.92977 182.984
35.7 35.0024 12.2456 3.93979 182.944
35.8 35.0344 12.2854 3.9498 182.904
35.9 35.0661 12.3254 3.9598 182.864
36 35.0975 12.3654 3.9698 182.824
36.1 35.1287 12.4055 3.97978 182.784
36.2 35.1596 12.4458 3.98976 182.744
36.3 35.1903 12.4861 3.99973 182.703
36.4 35.2207 12.5265 4.00969 182.663
36.5 35.2508 12.567 4.01964 182.623
36.6 35.2807 12.6077 4.02958 182.582
36.7 35.3103 12.6484 4.03952 182.541
36.8 35.3397 12.6892 4.04944 182.5
36.9 35.3688 12.7301 4.05936 182.459
37 35.3976 12.7711 4.06926 182.418
37.1 35.4262 12.8122 4.07916 182.377
37.2 35.4546 12.8534 4.08905 182.336
37.3 35.4826 12.8946 4.09893 182.295
37.4 35.5105 12.936 4.1088 182.254
37.5 35.5381 12.9775 4.11866 182.212
37.6 35.5654 13.0191 4.12852 182.171
37.7 35.5925 13.0607 4.13836 182.129
37.8 35.6194 13.1025 4.1482 182.087
37.9 35.646 13.1443 4.15802 182.045
38 35.6723 13.1863 4.16784 182.003
38.1 35.6985 13.2283 4.17765 181.961
38.2 35.7243 13.2704 4.18744 181.919
38.3 35.75 13.3127 4.19723 181.877
38.4 35.7754 13.355 4.20701 181.835
38.5 35.8005 13.3974 4.21678 181.792
38.6 35.8254 13.4399 4.22654 181.75
38.7 35.8501 13.4825 4.2363 181.707
38.8 35.8746 13.5252 4.24604 181.664
38.9 35.8988 13.568 4.25577 181.622
39 35.9228 13.6108 4.26549 181.579
39.1 35.9465 13.6538 4.27521 181.536
39.2 35.97 13.6969 4.28491 181.493
39.3 35.9933 13.74 4.29461 181.45
39.4 36.0163 13.7832 4.30429 181.406
39.5 36.0391 13.8266 4.31397 181.363
39.6 36.0617 13.87 4.32364 181.32
39.7 36.0841 13.9135 4.33329 181.276
39.8 36.1062 13.9571 4.34294 181.232
39.9 36.1281 14.0008 4.35258 181.189
40 36.1498 14.0446 4.36221 181.145
40.1 36.1713 14.0885 4.37183 181.101
40.2 36.1925 14.1325 4.38144 181.057
40.3 36.2135 14.1766 4.39103 181.013
40.4 36.2343 14.2207 4.40062 180.969
40.5 36.2549 14.265 4.4102 180.925
40.6 36.2753 14.3093 4.41977 180.88
40.7 36.2954 14.3537 4.42933 180.836
40.7999 36.3153 14.3983 4.43888 180.791
40.8999 36.335 14.4429 4.44842 180.747
40.9999 36.3545 14.4876 4.45795 180.702
41.0999 36.3738 14.5324 4.46747 180.657
41.1999 36.3928 14.5772 4.47698 180.612
41.2999 36.4117 14.6222 4.48648 180.567
41.3999 36.4303 14.6673 4.49598 180.522
41.4999 36.4487 14.7124 4.50546 180.477
41.5999 36.467 14.7576 4.51493 180.432
41.6999 36.485 14.803 4.52439 180.387
41.7999 36.5028 14.8484 4.53384 180.341
41.8999 36.5203 14.8939 4.54328 180.296
41.9999 36.5377 14.9395 4.55271 180.25
42.0999 36.5549 14.9852 4.56213 180.204
42.1999 36.5719 15.0309 4.57154 180.159
42.2999 36.5886 15.0768 4.58094 180.113
42.3999 36.6052 15.1227 4.59033 180.067
42.4999 36.6215 15.1688 4.5997 180.021
42.5999 36.6377 15.2149 4.60907 179.975
42.6999 36.6537 15.2611 4.61843 179.928
42.7999 36.6694 15.3074 4.62778 179.882
42.8999 36.685 15.3538 4.63712 179.836
42.9999 36.7003 15.4002 4.64644 179.789
43.0999 36.7155 15.4468 4.65576 179.743
43.1999 36.7305 15.4934 4.66507 179.696
43.2999 36.7452 15.5402 4.67436 179.649
43.3999 36.7598 15.587 4.68365 179.603
43.4999 36.7742 15.6339 4.69292 179.556
43.5999 36.7884 15.6809 4.70219 179.509
43.6999 36.8024 15.728 4.71144 179.462
43.7999 36.8162 15.7751 4.72068 179.414
43.8999 36.8298 15.8224 4.72992 179.367
43.9999 36.8432 15.8697 4.73914 179.32
44.0999 36.8564 15.9171 4.74835 179.272
44.1999 36.8695 15.9646 4.75755 179.225
44.2999 36.8823 16.0122 4.76674 179.177
44.3999 36.895 16.0599 4.77592 179.13
44.4999 36.9075 16.1077 4.78509 179.082
44.5999 36.9198 16.1555 4.79424 179.034
44.6999 36.9319 16.2034 4.80339 178.986
44.7999 36.9438 16.2514 4.81253 178.938
44.8999 36.9556 16.2995 4.82165 178.89
44.9999 36.9671 16.3477 4.83076 178.842
45.0999 36.9785 16.396 4.83987 178.794
45.1999 36.9897 16.4443 4.84896 178.745
45.2999 37.0007 16.4928 4.85804 178.697
45.3999 37.0116 16.5413 4.86711 178.648
45.4999 37.0222 16.5899 4.87617 178.6
45.5999 37.0327 16.6386 4.88522 178.551
45.6999 37.043 16.6874 4.89426 178.502
45.7999 37.0532 16.7362 4.90328 178.453
45.8999 37.0631 16.7851 4.9123 178.404
45.9999 37.0729 16.8342 4.9213 178.355
46.0999 37.0825 16.8833 4.93029 178.306
46.1999 37.0919 16.9325 4.93927 178.257
46.2999 37.1012 16.9817 4.94824 178.208
46.3999 37.1103 17.0311 4.9572 178.159
46.4999 37.1192 17.0805 4.96615 178.109
46.5999 37.128 17.13 4.97509 178.06
46.6999 37.1365 17.1796 4.98401 178.01
46.7999 37.1449 17.2293 4.99293 177.96
46.8999 37.1532 17.279 5.00183 177.911
46.9999 37.1612 17.3289 5.01072 177.861
47.0999 37.1691 17.3788 5.0196 177.811
47.1999 37.1769 17.4288 5.02847 177.761
47.2999 37.1845 17.4789 5.03732 177.711
47.3998 37.1919 17.529 5.04617 177.661
47.4998 37.1991 17.5793 5.055 177.61
47.5998 37.2062 17.6296 5.06382 177.56
47.6998 37.2131 17.68 5.07263 177.51
47.7998 37.2198 17.7305 5.08143 177.459
47.8998 37.2264 17.7811 5.09022 177.409
47.9998 37.2329 17.8317 5.09899 177.358
48.0998 37.2391 17.8824 5.10776 177.307
48.1998 37.2452 17.9332 5.11651 177.256
48.2998 37.2512 17.9841 5.12525 177.205
48.3998 37.257 18.0351 5.13398 177.154
48.4998 37.2626 18.0861 5.1427 177.103
48.5998 37.2681 18.1372 5.1514 177.052
48.6998 37.2734 18.1884 5.16009 177.001
48.7998 37.2786 18.2397 5.16878 176.95
48.8998 37.2836 18.2911 5.17745 176.899
48.9998 37.2885 18.3425 5.1861 176.847
49.0998 37.2932 18.394 5.19475 176.796
49.1998 37.2977 18.4456 5.20338 176.744
49.2998 37.3021 18.4973 5.212 176.692
49.3998 37.3063 18.549 5.22061 176.641
49.4998 37.3104 18.6008 5.22921 176.589
49.5998 37.3144 18.6527 5.2378 176.537
49.6998 37.3182 18.7047 5.24637 176.485
49.7998 37.3218 18.7568 5.25493 176.433
49.8998 37.3253 18.8089 5.26348 176.381
49.9998 37.3286 18.8611 5.27202 176.328
50.0998 37.3318 18.9134 5.28054 176.276
50.1998 37.3349 18.9657 5.28906 176.224
50.2998 37.3378 19.0182 5.29756 176.171
50.3998 37.3406 19.0707 5.30605 176.119
50.4998 37.3432 19.1233 5.31452 176.066
50.5998 37.3456 19.1759 5.32299 176.014
50.6998 37.348 19.2287 5.33144 175.961
50.7998 37.3501 19.2815 5.33988 175.908
50.8998 37.3522 19.3344 5.3483 175.855
50.9998 37.3541 19.3874 5.35672 175.802
51.0998 37.3558 19.4404 5.36512 175.749
51.1998 37.3574 19.4935 5.37351 175.696
51.2998 37.3589 19.5467 5.38189 175.643
51.3998 37.3602 19.6 5.39025 175.59
51.4998 37.3614 19.6533 5.3986 175.536
51.5998 37.3625 19.7067 5.40694 175.483
51.6998 37.3634 19.7602 5.41527 175.429
51.7998 37.3642 19.8138 5.42358 175.376
51.8998 37.3648 19.8674 5.43189 175.322
51.9998 37.3653 19.9211 5.44018 175.268
52.0998 37.3657 19.9749 5.44845 175.215
52.1998 37.3659 20.0287 5.45672 175.161
52.2998 37.366 20.0827 5.46497 175.107
52.3998 37.366 20.1367 5.4732 175.053
52.4998 37.3658 20.1907 5.48143 174.999
52.5998 37.3655 20.2449 5.48964 174.945
52.6998 37.365 20.2991 5.49784 174.89
52.7998 37.3645 20.3534 5.50603 174.836
52.8998 37.3638 20.4077 5.5142 174.782
52.9998 37.3629 20.4622 5.52236 174.727
53.0998 37.362 20.5167 5.53051 174.673
53.1998 37.3609 20.5713 5.53865 174.618
53.2998 37.3596 20.6259 5.54677 174.564
53.3998 37.3583 20.6806 5.55488 174.509
53.4998 37.3568 20.7354 5.56298 174.454
53.5998 37.3552 20.7903 5.57106 174.399
53.6998 37.3534 20.8452 5.57913 174.344
53.7998 37.3516 20.9002 5.58719 174.289
53.8997 37.3496 20.9553 5.59523 174.234
53.9997 37.3475 21.0104 5.60326 174.179
54.0997 37.3452 21.0656 5.61128 174.124
54.1997 37.3429 21.1209 5.61928 174.069
54.2997 37.3404 21.1763 5.62727 174.013
54.3997 37.3377 21.2317 5.63525 173.958
54.4997 37.335 21.2872 5.64322 173.902
54.5997 37.3321 21.3427 5.65117 173.847
54.6997 37.3291 21.3983 5.65911 173.791
54.7997 37.326 21.454 5.66703 173.736
54.8997 37.3228 21.5098 5.67494 173.68
54.9997 37.3194 21.5656 5.68284 173.624
55.0997 37.316 21.6215 5.69072 173.568
55.1997 37.3124 21.6775 5.6986 173.512
55.2997 37.3087 21.7336 5.70645 173.456
55.3997 37.3048 21.7897 5.7143 173.4
55.4997 37.3009 21.8458 5.72213 173.344
55.5997 37.2968 21.9021 5.72994 173.288
55.6997 37.2926 21.9584 5.73775 173.231
55.7997 37.2883 22.0148 5.74554 173.175
55.8997 37.2839 22.0712 5.75331 173.118
55.9997 37.2794 22.1277 5.76108 173.062
56.0997 37.2747 22.1843 5.76882 173.005
56.1997 37.2699 22.2409 5.77656 172.949
56.2997 37.265 22.2976 5.78428 172.892
56.3997 37.26 22.3544 5.79199 172.835
56.4997 37.2549 22.4112 5.79968 172.778
56.5997 37.2497 22.4681 5.80736 172.721
56.6997 37.2444 22.5251 5.81503 172.664
56.7997 37.2389 22.5822 5.82268 172.607
56.8997 37.2333 22.6393 5.83032 172.55
56.9997 37.2277 22.6964 5.83794 172.493
57.0997 37.2219 22.7537 5.84555 172.436
57.1997 37.216 22.8109 5.85315 172.379
57.2997 37.21 22.8683 5.86073 172.321
57.3997 37.2038 22.9257 5.8683 172.264
57.4997 37.1976 22.9832 5.87586 172.206
57.5997 37.1913 23.0408 5.8834 172.149
57.6997 37.1848 23.0984 5.89092 172.091
57.7997 37.1783 23.1561 5.89844 172.034
57.8997 37.1716 23.2138 5.90593 171.976
57.9997 37.1648 23.2716 5.91342 171.918
58.0997 37.1579 23.3295 5.92089 171.86
58.1997 37.1509 23.3874 5.92834 171.802
58.2997 37.1438 23.4454 5.93579 171.744
58.3997 37.1366 23.5035 5.94321 171.686
58.4997 37.1293 23.5616 5.95063 171.628
58.5997 37.1219 23.6198 5.95802 171.57
58.6997 37.1144 23.678 5.96541 171.512
58.7997 37.1068 23.7363 5.97278 171.453
58.8997 37.0991 23.7947 5.98013 171.395
58.9997 37.0912 23.8531 5.98747 171.336
59.0997 37.0833 23.9116 5.9948 171.278
59.1997 37.0753 23.9702 6.00211 171.219
59.2997 37.0671 24.0288 6.00941 171.161
59.3997 37.0589 24.0875 6.01669 171.102
59.4997 37.0506 24.1462 6.02396 171.043
59.5997 37.0421 24.205 6.03122 170.985
59.6997 37.0336 24.2638 6.03846 170.926
59.7997 37.0249 24.3228 6.04568 170.867
59.8997 37.0162 24.3817 6.05289 170.808
59.9997 37.0073 24.4408 6.06009 170.749
60.0997 36.9984 24.4999 6.06727 170.69
60.1997 36.9894 24.559 6.07444 170.631
60.2997 36.9802 24.6182 6.08159 170.571
60.3997 36.971 24.6775 6.08872 170.512
60.4996 36.9617 24.7368 6.09585 170.453
60.5996 36.9522 24.7962 6.10295 170.393
60.6996 36.9427 24.8557 6.11004 170.334
60.7996 36.9331 24.9152 6.11712 170.274
60.8996 36.9234 24.9747 6.12419 170.215
60.9996 36.9135 25.0344 6.13123 170.155
61.0996 36.9036 25.094 6.13827 170.096
61.1996 36.8936 25.1538 6.14528 170.036
61.2996 36.8835 25.2136 6.15229 169.976
61.3996 36.8733 25.2734 6.15927 169.916
61.4996 36.863 25.3333 6.16625 169.856
61.5996 36.8526 25.3933 6.1732 169.796
61.6996 36.8422 25.4533 6.18015 169.736
61.7996 36.8316 25.5134 6.18707 169.676
61.8996 36.8209 25.5735 6.19399 169.616
61.9996 36.8102 25.6337 6.20088 169.556
62.0996 36.7993 25.694 6.20777 169.496
62.1996 36.7884 25.7543 6.21463 169.435
62.2996 36.7774 25.8146 6.22148 169.375
62.3996 36.7662 25.875 6.22832 169.315
62.4996 36.755 25.9355 6.23514 169.254
62.5996 36.7437 25.996 6.24195 169.194
62.6996 36.7323 26.0566 6.24874 169.133
62.7996 36.7208 26.1172 6.25551 169.072
62.8996 36.7093 26.1779 6.26227 169.012
62.9996 36.6976 26.2387 6.26902 168.951
63.0996 36.6859 26.2995 6.27575 168.89
63.1996 36.674 26.3603 6.28246 168.829
63.2996 36.6621 26.4212 6.28916 168.768
63.3996 36.6501 26.4822 6.29584 168.707
63.4996 36.638 26.5432 6.30251 168.646
63.5996 36.6258 26.6042 6.30916 168.585
63.6996 36.6135 26.6653 6.31579 168.524
63.7996 36.6012 26.7265 6.32241 168.463
63.8996 36.5887 26.7877 6.32902 168.402
63.9996 36.5762 26.849 6.33561 168.341
64.0996 36.5636 26.9103 6.34218 168.279
64.1996 36.5509 26.9717 6.34874 168.218
64.2996 36.5381 27.0331 6.35528 168.156
64.3996 36.5252 27.0946 6.36181 168.095
64.4996 36.5123 27.1562 6.36832 168.033
64.5996 36.4992 27.2177 6.37481 167.972
64.6996 36.4861 27.2794 6.38129 167.91
64.7996 36.4729 27.3411 6.38775 167.849
64.8996 36.4596 27.4028 6.3942 167.787
64.9996 36.4463 27.4646 6.40063 167.725
65.0996 36.4328 27.5264 6.40704 167.663
65.1996 36.4193 27.5883 6.41344 167.601
65.2996 36.4057 27.6502 6.41983 167.539
65.3996 36.392 27.7122 6.42619 167.477
65.4996 36.3782 27.7743 6.43254 167.415
65.5996 36.3643 27.8363 6.43888 167.353
65.6996 36.3504 27.8985 6.4452 167.291
65.7996 36.3364 27.9607 6.4515 167.229
65.8996 36.3223 28.0229 6.45779 167.167
65.9996 36.3081 28.0852 6.46406 167.104
66.0996 36.2939 28.1475 6.47031 167.042
66.1996 36.2795 28.2099 6.47655 166.98
66.2996 36.2651 28.2723 6.48277 166.917
66.3996 36.2506 28.3348 6.48898 166.855
66.4996 36.2361 28.3973 6.49517 166.792
66.5996 36.2214 28.4599 6.50134 166.73
66.6996 36.2067 28.5225 6.5075 166.667
66.7996 36.1919 28.5852 6.51364 166.604
66.8996 36.177 28.6479 6.51976 166.542
66.9995 36.162 28.7106 6.52587 166.479
67.0995 36.147 28.7734 6.53196 166.416
67.1995 36.1319 28.8363 6.53803 166.353
67.2995 36.1167 28.8992 6.54409 166.29
67.3995 36.1015 28.9621 6.55013 166.227
67.4995 36.0861 29.0251 6.55616 166.164
67.5995 36.0707 29.0881 6.56217 166.101
67.6995 36.0552 29.1512 6.56816 166.038
67.7995 36.0397 29.2143 6.57414 165.975
67.8995 36.0241 29.2775 6.58009 165.912
67.9995 36.0084 29.3407 6.58604 165.849
68.0995 35.9926 29.404 6.59196 165.786
68.1995 35.9767 29.4673 6.59787 165.722
68.2995 35.9608 29.5306 6.60376 165.659
68.3995 35.9448 29.594 6.60964 165.596
68.4995 35.9287 29.6574 6.6155 165.532
68.5995 35.9126 29.7209 6.62134 165.469
68.6995 35.8964 29.7844 6.62716 165.405
68.7995 35.8801 29.848 6.63297 165.342
68.8995 35.8637 29.9116 6.63876 165.278
68.9995 35.8473 29.9753 6.64454 165.214
69.0995 35.8308 30.039 6.6503 165.151
69.1995 35.8142 30.1027 6.65604 165.087
69.2995 35.7976 30.1665 6.66176 165.023
69.3995 35.7809 30.2303 6.66747 164.959
69.4995 35.7641 30.2942 6.67316 164.895
69.5995 35.7473 30.3581 6.67883 164.832
69.6995 35.7303 30.422 6.68448 164.768
69.7995 35.7133 30.486 6.69012 164.704
69.8995 35.6963 30.55 6.69574 164.64
69.9995 35.6792 30.6141 6.70135 164.575
70.0995 35.662 30.6782 6.70693 164.511
70.1995 35.6447 30.7423 6.7125 164.447
70.2995 35.6274 30.8065 6.71806 164.383
70.3995 35.61 30.8708 6.72359 164.319
70.4995 35.5925 30.935 6.72911 164.255
70.5995 35.575 30.9993 6.73461 164.19
70.6995 35.5574 31.0637 6.7401 164.126
70.7995 35.5397 31.1281 6.74556 164.061
70.8995 35.522 31.1925 6.75101 163.997
70.9995 35.5042 31.257 6.75644 163.933
71.0995 35.4863 31.3215 6.76186 163.868
71.1995 35.4684 31.386 6.76725 163.804
71.2995 35.4504 31.4506 6.77263 163.739
71.3995 35.4323 31.5152 6.77799 163.674
71.4995 35.4142 31.5799 6.78334 163.61
71.5995 35.396 31.6446 6.78866 163.545
71.6995 35.3777 31.7093 6.79397 163.48
71.7995 35.3594 31.7741 6.79926 163.415
71.8995 35.341 31.8389 6.80454 163.351
71.9995 35.3226 31.9037 6.8098 163.286
72.0995 35.3041 31.9686 6.81503 163.221
72.1995 35.2855 32.0335 6.82026 163.156
72.2995 35.2669 32.0985 6.82546 163.091
72.3995 35.2481 32.1635 6.83064 163.026
72.4995 35.2294 32.2285 6.83581 162.961
72.5995 35.2106 32.2936 6.84096 162.896
72.6995 35.1917 32.3587 6.84609 162.831
72.7995 35.1727 32.4238 6.85121 162.766
72.8995 35.1537 32.489 6.85631 162.701
72.9995 35.1346 32.5542 6.86138 162.635
73.0995 35.1155 32.6194 6.86645 162.57
73.1995 35.0963 32.6847 6.87149 162.505
73.2995 35.077 32.75 6.87651 162.44
73.3995 35.0577 32.8153 6.88152 162.374
73.4995 35.0383 32.8807 6.88651 162.309
73.5994 35.0189 32.9461 6.89148 162.243
73.6994 34.9994 33.0116 6.89643 162.178
73.7994 34.9798 33.077 6.90137 162.113
73.8994 34.9602 33.1426 6.90629 162.047
73.9994 34.9405 33.2081 6.91119 161.981
74.0994 34.9208 33.2737 6.91607 161.916
74.1994 34.901 33.3393 6.92093 161.85
74.2994 34.8811 33.4049 6.92577 161.785
74.3994 34.8612 33.4706 6.9306 161.719
74.4994 34.8412 33.5363 6.93541 161.653
74.5994 34.8212 33.602 6.9402 161.588
74.6994 34.8011 33.6678 6.94497 161.522
74.7994 34.7809 33.7336 6.94972 161.456
74.8994 34.7607 33.7994 6.95446 161.39
74.9994 34.7404 33.8653 6.95917 161.324
75.0994 34.7201 33.9312 6.96387 161.258
75.1994 34.6997 33.9971 6.96855 161.192
75.2994 34.6793 34.0631 6.97321 161.127
75.3994 34.6588 34.1291 6.97786 161.061
75.4994 34.6383 34.1951 6.98248 160.995
75.5994 34.6176 34.2611 6.98709 160.928
75.6994 34.597 34.3272 6.99167 160.862
75.7994 34.5763 34.3933 6.99624 160.796
75.8994 34.5555 34.4594 7.00079 160.73
75.9994 34.5347 34.5256 7.00533 160.664
76.0994 34.5138 34.5918 7.00984 160.598
76.1994 34.4928 34.658 7.01433 160.532
76.2994 34.4718 34.7242 7.01881 160.465
76.3994 34.4508 34.7905 7.02327 160.399
76.4994 34.4297 34.8568 7.02771 160.333
76.5994 34.4085 34.9232 7.03213 160.266
76.6994 34.3873 34.9895 7.03653 160.2
76.7994 34.366 35.0559 7.04091 160.134
76.8994 34.3447 35.1223 7.04527 160.067
76.9994 34.3233 35.1888 7.04962 160.001
77.0994 34.3019 35.2552 7.05394 159.934
77.1994 34.2804 35.3217 7.05825 159.868
77.2994 34.2589 35.3882 7.06254 159.801
77.3994 34.2373 35.4548 7.06681 159.735
77.4994 34.2156 35.5213 7.07106 159.668
77.5994 34.1939 35.5879 7.07529 159.602
77.6994 34.1722 35.6546 7.0795 159.535
77.7994 34.1504 35.7212 7.0837 159.468
77.8994 34.1285 35.7879 7.08787 159.402
77.9994 34.1066 35.8546 7.09203 159.335
78.0994 34.0847 35.9213 7.09616 159.268
78.1994 34.0627 35.9881 7.10028 159.202
78.2994 34.0406 36.0548 7.10438 159.135
78.3994 34.0185 36.1216 7.10846 159.068
78.4994 33.9963 36.1885 7.11252 159.001
78.5994 33.9741 36.2553 7.11656 158.934
78.6994 33.9518 36.3222 7.12058 158.867
78.7994 33.9295 36.3891 7.12458 158.801
78.8994 33.9072 36.456 7.12857 158.734
78.9994 33.8848 36.5229 7.13253 158.667
79.0994 33.8623 36.5899 7.13647 158.6
79.1994 33.8398 36.6569 7.1404 158.533
79.2994 33.8172 36.7239 7.14431 158.466
79.3994 33.7946 36.7909 7.14819 158.399
79.4994 33.7719 36.8579 7.15206 158.332
79.5994 33.7492 36.925 7.15591 158.265
79.6994 33.7265 36.9921 7.15974 158.197
79.7994 33.7036 37.0592 7.16354 158.13
79.8994 33.6808 37.1263 7.16733 158.063
79.9994 33.6579 37.1935 7.1711 157.996
80.0993 33.6349 37.2607 7.17485 157.929
80.1993 33.6119 37.3279 7.17858 157.862
80.2993 33.5889 37.3951 7.1823 157.794
80.3993 33.5658 37.4623 7.18599 157.727
80.4993 33.5426 37.5296 7.18966 157.66
80.5993 33.5194 37.5969 7.19331 157.593
80.6993 33.4962 37.6641 7.19694 157.525
80.7993 33.4729 37.7315 7.20056 157.458
80.8993 33.4495 37.7988 7.20415 157.391
80.9993 33.4262 37.8662 7.20772 157.323
81.0993 33.4027 37.9335 7.21128 157.256
81.1993 33.3793 38.0009 7.21481 157.189
81.2993 33.3557 38.0683 7.21833 157.121
81.3993 33.3322 38.1357 7.22182 157.054
81.4993 33.3085 38.2032 7.2253 156.986
81.5993 33.2849 38.2707 7.22875 156.919
81.6993 33.2612 38.3381 7.23219 156.851
81.7993 33.2374 38.4056 7.2356 156.784
81.8993 33.2136 38.4731 7.239 156.716
81.9993 33.1898 38.5407 7.24237 156.649
82.0993 33.1659 38.6082 7.24573 156.581
82.1993 33.1419 38.6758 7.24906 156.514
82.2993 33.118 38.7434 7.25238 156.446
82.3993 33.0939 38.811 7.25567 156.379
82.4993 33.0699 38.8786 7.25895 156.311
82.5993 33.0457 38.9462 7.2622 156.243
82.6993 33.0216 39.0138 7.26544 156.176
82.7993 32.9974 39.0815 7.26865 156.108
82.8993 32.9731 39.1492 7.27184 156.04
82.9993 32.9488 39.2168 7.27502 155.973
83.0993 32.9245 39.2845 7.27817 155.905
83.1993 32.9001 39.3523 7.28131 155.837
83.2993 32.8757 39.42 7.28442 155.77
83.3993 32.8512 39.4877 7.28751 155.702
83.4993 32.8267 39.5555 7.29059 155.634
83.5993 32.8022 39.6233 7.29364 155.566
83.6993 32.7776 39.691 7.29667 155.499
83.7993 32.7529 39.7588 7.29969 155.431
83.8993 32.7283 39.8266 7.30268 155.363
83.9993 32.7035 39.8945 7.30565 155.295
84.0993 32.6788 39.9623 7.3086 155.227
84.1993 32.654 40.0301 7.31153 155.159
84.2993 32.6291 40.098 7.31444 155.092
84.3993 32.6042 40.1659 7.31733 155.024
84.4993 32.5793 40.2338 7.3202 154.956
84.5993 32.5543 40.3017 7.32305 154.888
84.6993 32.5293 40.3696 7.32588 154.82
84.7993 32.5042 40.4375 7.32868 154.752
84.8993 32.4791 40.5054 7.33147 154.684
84.9993 32.454 40.5733 7.33424 154.616
85.0993 32.4288 40.6413 7.33698 154.548
85.1993 32.4036 40.7092 7.33971 154.48
85.2993 32.3783 40.7772 7.34241 154.412
85.3993 32.353 40.8452 7.3451 154.344
85.4993 32.3277 40.9132 7.34776 154.276
85.5993 32.3023 40.9812 7.3504 154.208
85.6993 32.2769 41.0492 7.35302 154.14
85.7993 32.2514 41.1172 7.35562 154.072
85.8993 32.2259 41.1852 7.3582 154.004
85.9993 32.2003 41.2532 7.36076 153.936
86.0993 32.1748 41.3213 7.3633 153.868
86.1993 32.1491 41.3893 7.36582 153.8
86.2993 32.1235 41.4574 7.36831 153.732
86.3993 32.0978 41.5254 7.37079 153.664
86.4993 32.072 41.5935 7.37324 153.596
86.5993 32.0462 41.6616 7.37568 153.528
86.6992 32.0204 41.7297 7.37809 153.46
86.7992 31.9946 41.7978 7.38048 153.392
86.8992 31.9687 41.8659 7.38285 153.324
86.9992 31.9427 41.934 7.3852 153.256
87.0992 31.9168 42.0021 7.38753 153.187
87.1992 31.8907 42.0702 7.38984 153.119
87.2992 31.8647 42.1383 7.39213 153.051
87.3992 31.8386 42.2065 7.39439 152.983
87.4992 31.8125 42.2746 7.39664 152.915
87.5992 31.7863 42.3427 7.39886 152.847
87.6992 31.7601 42.4109 7.40106 152.779
87.7992 31.7339 42.479 7.40324 152.711
87.8992 31.7076 42.5472 7.4054 152.642
87.9992 31.6813 42.6153 7.40754 152.574
88.0992 31.6549 42.6835 7.40966 152.506
88.1992 31.6285 42.7517 7.41175 152.438
88.2992 31.6021 42.8198 7.41383 152.37
88.3992 31.5756 42.888 7.41588 152.302
88.4992 31.5491 42.9562 7.41791 152.233
88.5992 31.5226 43.0244 7.41992 152.165
88.6992 31.496 43.0925 7.42191 152.097
88.7992 31.4694 43.1607 7.42388 152.029
88.8992 31.4427 43.2289 7.42583 151.961
88.9992 31.4161 43.2971 7.42775 151.892
89.0992 31.3893 43.3653 7.42966 151.824
89.1992 31.3626 43.4335 7.43154 151.756
89.2992 31.3358 43.5017 7.4334 151.688
89.3992 31.309 43.5699 7.43524 151.62
89.4992 31.2821 43.6381 7.43705 151.551
89.5992 31.2552 43.7063 7.43885 151.483
89.6992 31.2283 43.7745 7.44062 151.415
89.7992 31.2013 43.8427 7.44238 151.347
89.8992 31.1743 43.9109 7.44411 151.279
89.9992 31.1473 43.9791 7.44582 151.21
90.0992 31.1202 44.0473 7.44751 151.142
90.1992 31.0931 44.1155 7.44917 151.074
90.2992 31.0659 44.1837 7.45082 151.006
90.3992 31.0387 44.2519 7.45244 150.938
90.4992 31.0115 44.3201 7.45404 150.869
90.5992 30.9843 44.3883 7.45562 150.801
90.6992 30.957 44.4565 7.45718 150.733
90.7992 30.9297 44.5247 7.45871 150.665
90.8992 30.9023 44.5929 7.46023 150.597
90.9992 30.8749 44.6611 7.46172 150.528
91.0992 30.8475 44.7293 7.46319 150.46
91.1992 30.8201 44.7975 7.46464 150.392
91.2992 30.7926 44.8656 7.46606 150.324
91.3992 30.7651 44.9338 7.46747 150.256
91.4992 30.7375 45.002 7.46885 150.188
91.5992 30.7099 45.0702 7.47021 150.119
91.6992 30.6823 45.1384 7.47155 150.051
91.7992 30.6547 45.2065 7.47287 149.983
91.8992 30.627 45.2747 7.47416 149.915
91.9992 30.5993 45.3429 7.47543 149.847
92.0992 30.5715 45.411 7.47668 149.779
92.1992 30.5437 45.4792 7.47791 149.71
92.2992 30.5159 45.5473 7.47912 149.642
92.3992 30.488 45.6155 7.4803 149.574
92.4992 30.4602 45.6836 7.48146 149.506
92.5992 30.4323 45.7517 7.4826 149.438
92.6992 30.4043 45.8199 7.48372 149.37
92.7992 30.3763 45.888 7.48482 149.302
92.8992 30.3483 45.9561 7.48589 149.233
92.9992 30.3203 46.0242 7.48694 149.165
93.0992 30.2922 46.0923 7.48797 149.097
93.1992 30.2641 46.1604 7.48898 149.029
93.2991 30.236 46.2285 7.48996 148.961
93.3991 30.2078 46.2966 7.49093 148.893
93.4991 30.1796 46.3647 7.49187 148.825
93.5991 30.1514 46.4327 7.49278 148.757
93.6991 30.1231 46.5008 7.49368 148.689
93.7991 30.0948 46.5689 7.49455 148.621
93.8991 30.0665 46.6369 7.4954 148.553
93.9991 30.0381 46.705 7.49623 148.485
94.0991 30.0097 46.773 7.49704 148.417
94.1991 29.9813 46.841 7.49782 148.349
94.2991 29.9529 46.909 7.49858 148.281
94.3991 29.9244 46.977 7.49932 148.213
94.4991 29.8959 47.045 7.50004 148.145
94.5991 29.8673 47.113 7.50073 148.077
94.6991 29.8388 47.181 7.5014 148.009
94.7991 29.8102 47.249 7.50205 147.941
94.8991 29.7815 47.3169 7.50268 147.873
94.9991 29.7529 47.3849 7.50328 147.805
95.0991 29.7242 47.4528 7.50386 147.737
95.1991 29.6954 47.5207 7.50442 147.669
95.2991 29.6667 47.5886 7.50495 147.601
95.3991 29.6379 47.6565 7.50547 147.533
95.4991 29.6091 47.7244 7.50596 147.465
95.5991 29.5803 47.7923 7.50643 147.397
95.6991 29.5514 47.8602 7.50687 147.329
95.7991 29.5225 47.9281 7.50729 147.262
95.8991 29.4936 47.9959 7.50769 147.194
95.9991 29.4646 48.0637 7.50807 147.126
96.0991 29.4356 48.1316 7.50842 147.058
96.1991 29.4066 48.1994 7.50875 146.99
96.2991 29.3776 48.2672 7.50906 146.922
96.3991 29.3485 48.3349 7.50935 146.855
96.4991 29.3194 48.4027 7.50961 146.787
96.5991 29.2903 48.4705 7.50985 146.719
96.6991 29.2611 48.5382 7.51007 146.651
96.7991 29.2319 48.6059 7.51026 146.584
96.8991 29.2027 48.6737 7.51043 146.516
96.9991 29.1735 48.7414 7.51058 146.448
97.0991 29.1442 48.809 7.51071 146.381
97.1991 29.1149 48.8767 7.51081 146.313
97.2991 29.0856 48.9444 7.51089 146.245
97.3991 29.0562 49.012 7.51095 146.178
97.4991 29.0268 49.0796 7.51098 146.11
97.5991 28.9974 49.1473 7.51099 146.042
97.6991 28.968 49.2148 7.51098 145.975
97.7991 28.9385 49.2824 7.51094 145.907
97.8991 28.909 49.35 7.51089 145.84
97.9991 28.8795 49.4175 7.5108 145.772
98.0991 28.85 49.4851 7.5107 145.705
98.1991 28.8204 49.5526 7.51057 145.637
98.2991 28.7908 49.6201 7.51042 145.57
98.3991 28.7612 49.6876 7.51025 145.502
98.4991 28.7315 49.755 7.51005 145.435
98.5991 28.7018 49.8225 7.50983 145.367
98.6991 28.6721 49.8899 7.50959 145.3
98.7991 28.6424 49.9573 7.50932 145.232
98.8991 28.6126 50.0247 7.50903 145.165
98.9991 28.5828 50.0921 7.50872 145.098
99.0991 28.553 50.1594 7.50838 145.03
99.1991 28.5232 50.2267 7.50802 144.963
99.2991 28.4933 50.2941 7.50764 144.896
99.3991 28.4634 50.3614 7.50723 144.828
99.4991 28.4335 50.4286 7.5068 144.761
99.5991 28.4035 50.4959 7.50635 144.694
99.6991 28.3735 50.5631 7.50587 144.626
99.799 28.3435 50.6303 7.50537 144.559
99.899 28.3135 50.6975 7.50485 144.492
99.999 28.2835 50.7647 7.50431 144.425
100.099 28.2534 50.8319 7.50374 144.358
100.199 28.2233 50.899 7.50314 144.291
100.299 28.1932 50.9661 7.50253 144.223
100.399 28.163 51.0332 7.50189 144.156
100.499 28.1328 51.1003 7.50122 144.089
100.599 28.1026 51.1673 7.50054 144.022
100.699 28.0724 51.2344 7.49983 143.955
100.799 28.0421 51.3014 7.49909 143.888
100.899 28.0119 51.3683 7.49834 143.821
100.999 27.9816 51.4353 7.49756 143.754
101.099 27.9512 51.5022 7.49675 143.687
101.199 27.9209 51.5692 7.49592 143.62
101.299 27.8905 51.636 7.49507 143.554
101.399 27.8601 51.7029 7.4942 143.487
101.499 27.8297 51.7698 7.4933 143.42
101.599 27.7992 51.8366 7.49238 143.353
101.699 27.7687 51.9034 7.49143 143.286
101.799 27.7382 51.9702 7.49046 143.219
101.899 27.7077 52.0369 7.48947 143.153
101.999 27.6772 52.1036 7.48845 143.086
102.099 27.6466 52.1703 7.48741 143.019
102.199 27.616 52.237 7.48635 142.953
102.299 27.5854 52.3036 7.48526 142.886
102.399 27.5547 52.3703 7.48415 142.819
102.499 27.524 52.4369 7.48301 142.753
102.599 27.4933 52.5034 7.48186 142.686
102.699 27.4626 52.57 7.48067 142.62
102.799 27.4319 52.6365 7.47947 142.553
102.899 27.4011 52.703 7.47824 142.487
102.999 27.3703 52.7695 7.47698 142.42
103.099 27.3395 52.8359 7.47571 142.354
103.199 27.3087 52.9023 7.4744 142.287
103.299 27.2778 52.9687 7.47308 142.221
103.399 27.2469 53.0351 7.47173 142.155
103.499 27.216 53.1014 7.47036 142.088
103.599 27.1851 53.1677 7.46896 142.022
103.699 27.1541 53.234 7.46754 141.956
103.799 27.1232 53.3002 7.46609 141.889
103.899 27.0922 53.3664 7.46462 141.823
103.999 27.0611 53.4326 7.46313 141.757
104.099 27.0301 53.4988 7.46162 141.691
104.199 26.999 53.5649 7.46008 141.625
104.299 26.9679 53.631 7.45851 141.559
104.399 26.9368 53.6971 7.45692 141.492
104.499 26.9057 53.7632 7.45531 141.426
104.599 26.8745 53.8292 7.45367 141.36
104.699 26.8434 53.8952 7.45201 141.294
104.799 26.8122 53.9611 7.45033 141.228
104.899 26.7809 54.027 7.44862 141.163
104.999 26.7497 54.0929 7.44689 141.097
105.099 26.7184 54.1588 7.44513 141.031
105.199 26.6871 54.2246 7.44335 140.965
105.299 26.6558 54.2904 7.44155 140.899
105.399 26.6245 54.3562 7.43972 140.833
105.499 26.5931 54.4219 7.43787 140.768
105.599 26.5617 54.4876 7.43599 140.702
105.699 26.5303 54.5533 7.43409 140.636
105.799 26.4989 54.619 7.43216 140.571
105.899 26.4675 54.6846 7.43022 140.505
105.999 26.436 54.7501 7.42824 140.439
106.099 26.4045 54.8157 7.42625 140.374
106.199 26.373 54.8812 7.42422 140.308
106.299 26.3415 54.9467 7.42218 140.243
106.399 26.3099 55.0121 7.42011 140.177
106.499 26.2784 55.0775 7.41801 140.112
106.599 26.2468 55.1429 7.4159 140.047
106.699 26.2152 55.2082 7.41375 139.981
106.799 26.1835 55.2736 7.41159 139.916
106.899 26.1519 55.3388 7.4094 139.851
106.999 26.1202 55.4041 7.40718 139.786
107.099 26.0885 55.4693 7.40494 139.72
107.199 26.0568 55.5344 7.40268 139.655
107.299 26.025 55.5996 7.40039 139.59
107.399 25.9933 55.6647 7.39808 139.525
107.499 25.9615 55.7297 7.39574 139.46
107.599 25.9297 55.7948 7.39338 139.395
107.699 25.8979 55.8598 7.39099 139.33
107.799 25.866 55.9247 7.38858 139.265
107.899 25.8342 55.9896 7.38615 139.2
107.999 25.8023 56.0545 7.38369 139.135
108.099 25.7704 56.1194 7.38121 139.07
108.199 25.7385 56.1842 7.3787 139.005
108.299 25.7065 56.2489 7.37617 138.941
108.399 25.6746 56.3137 7.37362 138.876
108.499 25.6426 56.3784 7.37104 138.811
108.599 25.6106 56.443 7.36843 138.747
108.699 25.5785 56.5076 7.3658 138.682
108.799 25.5465 56.5722 7.36315 138.617
108.899 25.5144 56.6368 7.36047 138.553
108.999 25.4824 56.7013 7.35777 138.488
109.099 25.4503 56.7657 7.35504 138.424
109.199 25.4181 56.8302 7.35229 138.359
109.299 25.386 56.8946 7.34952 138.295
109.399 25.3538 56.9589 7.34672 138.231
109.499 25.3216 57.0232 7.34389 138.166
109.599 25.2894 57.0875 7.34104 138.102
109.699 25.2572 57.1517 7.33817 138.038
109.799 25.225 57.2159 7.33527 137.974
109.899 25.1927 57.2801 7.33235 137.91
109.999 25.1605 57.3442 7.32941 137.845
110.099 25.1282 57.4082 7.32643 137.781
110.199 25.0958 57.4723 7.32344 137.717
110.299 25.0635 57.5363 7.32042 137.653
110.399 25.0312 57.6002 7.31737 137.589
110.499 24.9988 57.6641 7.3143 137.525
110.599 24.9664 57.728 7.31121 137.462
110.699 24.934 57.7918 7.30809 137.398
110.799 24.9016 57.8556 7.30495 137.334
110.899 24.8691 57.9193 7.30178 137.27
110.999 24.8366 57.983 7.29859 137.207
111.099 24.8042 58.0467 7.29537 137.143
111.199 24.7717 58.1103 7.29213 137.079
111.299 24.7391 58.1738 7.28886 137.016
111.399 24.7066 58.2373 7.28557 136.952
111.499 24.674 58.3008 7.28226 136.889
111.599 24.6415 58.3643 7.27892 136.825
111.699 24.6089 58.4277 7.27555 136.762
111.799 24.5763 58.491 7.27217 136.699
111.899 24.5436 58.5543 7.26875 136.635
111.999 24.511 58.6176 7.26531 136.572
112.099 24.4783 58.6808 7.26185 136.509
112.199 24.4456 58.7439 7.25836 136.446
112.299 24.4129 58.8071 7.25485 136.383
112.399 24.3802 58.8701 7.25131 136.319
112.499 24.3475 58.9332 7.24775 136.256
112.599 24.3147 58.9962 7.24417 136.193
112.699 24.2819 59.0591 7.24056 136.13
112.799 24.2491 59.122 7.23692 136.068
112.899 24.2163 59.1849 7.23326 136.005
112.999 24.1835 59.2477 7.22957 135.942
113.099 24.1507 59.3104 7.22587 135.879
113.199 24.1178 59.3731 7.22213 135.816
113.299 24.0849 59.4358 7.21837 135.754
113.399 24.052 59.4984 7.21459 135.691
113.499 24.0191 59.561 7.21078 135.629
113.599 23.9862 59.6235 7.20695 135.566
113.699 23.9532 59.686 7.20309 135.504
113.799 23.9203 59.7484 7.19921 135.441
113.899 23.8873 59.8108 7.1953 135.379
113.999 23.8543 59.8731 7.19137 135.316
114.099 23.8213 59.9354 7.18741 135.254
114.199 23.7882 59.9976 7.18343 135.192
114.299 23.7552 60.0598 7.17942 135.13
114.399 23.7221 60.1219 7.17539 135.068
114.499 23.6891 60.184 7.17134 135.006
114.599 23.656 60.2461 7.16726 134.944
114.699 23.6228 60.3081 7.16315 134.882
114.799 23.5897 60.37 7.15902 134.82
114.899 23.5566 60.4319 7.15487 134.758
114.999 23.5234 60.4937 7.15069 134.696
115.099 23.4902 60.5555 7.14648 134.634
115.199 23.457 60.6172 7.14225 134.572
115.299 23.4238 60.6789 7.138 134.511
115.399 23.3906 60.7406 7.13372 134.449
115.499 23.3573 60.8021 7.12942 134.387
115.599 23.324 60.8637 7.12509 134.326
115.699 23.2908 60.9252 7.12074 134.264
115.799 23.2575 60.9866 7.11636 134.203
115.899 23.2241 61.048 7.11196 134.142
115.999 23.1908 61.1093 7.10753 134.08
116.099 23.1575 61.1706 7.10308 134.019
116.199 23.1241 61.2318 7.0986 133.958
116.299 23.0907 61.293 7.0941 133.897
116.399 23.0573 61.3541 7.08957 133.836
116.499 23.0239 61.4151 7.08502 133.774
116.599 22.9905 61.4761 7.08044 133.713
116.699 22.9571 61.5371 7.07584 133.652
116.799 22.9236 61.598 7.07122 133.592
116.899 22.8901 61.6589 7.06657 133.531
116.999 22.8567 61.7197 7.06189 133.47
117.099 22.8231 61.7804 7.05719 133.409
117.199 22.7896 61.8411 7.05247 133.348
117.299 22.7561 61.9017 7.04772 133.288
117.399 22.7225 61.9623 7.04294 133.227
117.499 22.689 62.0228 7.03814 133.167
117.599 22.6554 62.0833 7.03332 133.106
117.699 22.6218 62.1437 7.02847 133.046
117.799 22.5882 62.2041 7.0236 132.986
117.899 22.5546 62.2644 7.0187 132.925
117.999 22.5209 62.3246 7.01378 132.865
118.099 22.4873 62.3848 7.00883 132.805
118.199 22.4536 62.4449 7.00386 132.745
118.299 22.4199 62.505 6.99886 132.685
118.399 22.3862 62.565 6.99384 132.625
118.499 22.3525 62.625 6.98879 132.565
118.599 22.3188 62.6849 6.98372 132.505
118.699 22.285 62.7448 6.97862 132.445
118.799 22.2513 62.8046 6.9735 132.385
118.899 22.2175 62.8643 6.96835 132.325
118.999 22.1837 62.924 6.96318 132.266
119.099 22.1499 62.9836 6.95799 132.206
119.199 22.1161 63.0432 6.95276 132.146
119.299 22.0822 63.1027 6.94752 132.087
119.399 22.0484 63.1621 6.94225 132.027
119.499 22.0145 63.2215 6.93695 131.968
119.599 21.9806 63.2808 6.93163 131.909
119.699 21.9468 63.3401 6.92629 131.849
119.799 21.9128 63.3993 6.92092 131.79
119.899 21.8789 63.4585 6.91553 131.731
119.999 21.845 63.5176 6.91011 131.672
120.099 21.811 63.5766 6.90466 131.613
120.199 21.7771 63.6356 6.89919 131.554
120.299 21.7431 63.6945 6.8937 131.495
120.399 21.7091 63.7534 6.88818 131.436
120.499 21.6751 63.8122 6.88264 131.377
120.599 21.6411 63.8709 6.87707 131.319
120.699 21.607 63.9296 6.87148 131.26
120.799 21.573 63.9882 6.86586 131.201
120.899 21.5389 64.0467 6.86022 131.143
120.999 21.5049 64.1052 6.85456 131.084
121.099 21.4708 64.1637 6.84886 131.026
121.199 21.4367 64.222 6.84315 130.968
121.299 21.4026 64.2803 6.83741 130.909
121.399 21.3684 64.3386 6.83164 130.851
121.499 21.3343 64.3968 6.82585 130.793
121.599 21.3001 64.4549 6.82004 130.735
121.699 21.2659 64.5129 6.8142 130.677
121.799 21.2318 64.5709 6.80833 130.619
121.899 21.1976 64.6289 6.80244 130.561
121.999 21.1633 64.6867 6.79653 130.503
122.099 21.1291 64.7445 6.79059 130.445
122.199 21.0949 64.8023 6.78463 130.387
122.299 21.0606 64.86 6.77864 130.33
122.399 21.0264 64.9176 6.77263 130.272
122.499 20.9921 64.9751 6.76659 130.214
122.599 20.9578 65.0326 6.76053 130.157
122.699 20.9235 65.0901 6.75444 130.1
122.799 20.8892 65.1474 6.74833 130.042
122.899 20.8548 65.2047 6.7422 129.985
122.999 20.8205 65.2619 6.73604 129.928
123.099 20.7861 65.3191 6.72985 129.87
123.199 20.7518 65.3762 6.72364 129.813
123.299 20.7174 65.4333 6.71741 129.756
123.399 20.683 65.4902 6.71115 129.699
123.499 20.6486 65.5471 6.70487 129.642
123.599 20.6142 65.604 6.69856 129.586
123.699 20.5797 65.6607 6.69222 129.529
123.799 20.5453 65.7175 6.68587 129.472
123.899 20.5108 65.7741 6.67949 129.415
123.999 20.4763 65.8307 6.67308 129.359
124.099 20.4418 65.8872 6.66665 129.302
124.199 20.4073 65.9436 6.66019 129.246
124.299 20.3728 66 6.65371 129.19
124.399 20.3383 66.0563 6.64721 129.133
124.499 20.3038 66.1126 6.64068 129.077
124.599 20.2692 66.1687 6.63412 129.021
124.699 20.2347 66.2248 6.62755 128.965
124.799 20.2001 66.2809 6.62094 128.909
124.899 20.1655 66.3368 6.61432 128.853
124.999 20.1309 66.3927 6.60766 128.797
125.099 20.0963 66.4486 6.60099 128.741
125.199 20.0617 66.5043 6.59429 128.685
125.299 20.027 66.56 6.58756 128.63
125.399 19.9924 66.6157 6.58081 128.574
125.499 19.9577 66.6712 6.57404 128.518
125.599 19.9231 66.7267 6.56724 128.463
125.699 19.8884 66.7821 6.56042 128.407
125.799 19.8537 66.8375 6.55357 128.352
125.899 19.819 66.8928 6.5467 128.297
125.999 19.7842 66.948 6.5398 128.242
126.099 19.7495 67.0031 6.53288 128.186
126.199 19.7148 67.0582 6.52593 128.131
126.299 19.68 67.1132 6.51896 128.076
126.399 19.6452 67.1681 6.51197 128.021
126.499 19.6105 67.223 6.50495 127.967
126.599 19.5757 67.2778 6.49791 127.912
126.699 19.5409 67.3325 6.49084 127.857
126.799 19.5061 67.3872 6.48375 127.802
126.899 19.4712 67.4417 6.47664 127.748
126.999 19.4364 67.4962 6.4695 127.693
127.099 19.4015 67.5507 6.46233 127.639
127.199 19.3667 67.605 6.45514 127.585
127.299 19.3318 67.6593 6.44793 127.53
127.399 19.2969 67.7135 6.44069 127.476
127.499 19.262 67.7677 6.43343 127.422
127.599 19.2271 67.8218 6.42615 127.368
127.699 19.1922 67.8758 6.41884 127.314
127.799 19.1573 67.9297 6.4115 127.26
127.899 19.1223 67.9835 6.40415 127.206
127.999 19.0874 68.0373 6.39676 127.152
128.099 19.0524 68.091 6.38936 127.099
128.199 19.0174 68.1447 6.38193 127.045
128.299 18.9825 68.1982 6.37447 126.991
128.399 18.9475 68.2517 6.36699 126.938
128.499 18.9124 68.3051 6.35949 126.884
128.599 18.8774 68.3585 6.35196 126.831
128.699 18.8424 68.4118 6.34441 126.778
128.799 18.8073 68.465 6.33683 126.725
128.899 18.7723 68.5181 6.32923 126.672
128.999 18.7372 68.5711 6.32161 126.618
129.099 18.7021 68.6241 6.31396 126.565
129.199 18.6671 68.677 6.30629 126.513
129.299 18.632 68.7298 6.29859 126.46
129.399 18.5969 68.7825 6.29087 126.407
129.499 18.5617 68.8352 6.28313 126.354
129.599 18.5266 68.8878 6.27536 126.302
129.699 18.4915 68.9403 6.26757 126.249
129.799 18.4563 68.9928 6.25975 126.197
129.899 18.4211 69.0451 6.25191 126.144
129.999 18.386 69.0974 6.24405 126.092
130.099 18.3508 69.1496 6.23616 126.04
130.199 18.3156 69.2018 6.22825 125.988
130.299 18.2804 69.2538 6.22031 125.936
130.399 18.2452 69.3058 6.21235 125.884
130.499 18.2099 69.3577 6.20437 125.832
130.599 18.1747 69.4095 6.19636 125.78
130.699 18.1395 69.4613 6.18833 125.728
130.799 18.1042 69.513 6.18028 125.677
130.899 18.0689 69.5646 6.1722 125.625
130.999 18.0337 69.6161 6.1641 125.574
131.099 17.9984 69.6675 6.15597 125.522
131.199 17.9631 69.7189 6.14782 125.471
131.299 17.9278 69.7702 6.13965 125.419
131.399 17.8924 69.8214 6.13145 125.368
131.499 17.8571 69.8725 6.12323 125.317
131.599 17.8218 69.9235 6.11498 125.266
131.699 17.7864 69.9745 6.10672 125.215
131.799 17.7511 70.0254 6.09842 125.164
131.899 17.7157 70.0762 6.09011 125.113
131.999 17.6803 70.1269 6.08177 125.063
132.099 17.6449 70.1776 6.07341 125.012
132.199 17.6095 70.2281 6.06502 124.961
132.299 17.5741 70.2786 6.05661 124.911
132.399 17.5387 70.329 6.04818 124.861
132.499 17.5033 70.3794 6.03972 124.81
132.599 17.4678 70.4296 6.03124 124.76
132.699 17.4324 70.4798 6.02274 124.71
132.799 17.3969 70.5299 6.01421 124.66
132.899 17.3615 70.5799 6.00566 124.61
132.999 17.326 70.6298 5.99709 124.56
133.099 17.2905 70.6796 5.98849 124.51
133.199 17.255 70.7294 5.97987 124.46
133.299 17.2195 70.7791 5.97123 124.41
133.399 17.184 70.8287 5.96256 124.361
133.499 17.1485 70.8782 5.95387 124.311
133.599 17.1129 70.9276 5.94515 124.262
133.699 17.0774 70.977 5.93642 124.213
133.799 17.0418 71.0263 5.92766 124.163
133.899 17.0063 71.0754 5.91887 124.114
133.999 16.9707 71.1246 5.91007 124.065
134.099 16.9351 71.1736 5.90124 124.016
134.199 16.8995 71.2225 5.89238 123.967
134.299 16.8639 71.2714 5.88351 123.918
134.399 16.8283 71.3201 5.87461 123.869
134.499 16.7927 71.3688 5.86568 123.821
134.599 16.7571 71.4174 5.85674 123.772
134.699 16.7214 71.466 5.84777 123.724
134.799 16.6858 71.5144 5.83878 123.675
134.899 16.6501 71.5628 5.82976 123.627
134.999 16.6145 71.611 5.82073 123.579
135.099 16.5788 71.6592 5.81166 123.53
135.199 16.5431 71.7073 5.80258 123.482
135.299 16.5074 71.7554 5.79347 123.434
135.399 16.4717 71.8033 5.78434 123.386
135.499 16.436 71.8511 5.77519 123.338
135.599 16.4003 71.8989 5.76602 123.291
135.699 16.3646 71.9466 5.75682 123.243
135.799 16.3288 71.9942 5.7476 123.195
135.899 16.2931 72.0417 5.73835 123.148
135.999 16.2573 72.0891 5.72909 123.1
136.099 16.2216 72.1365 5.7198 123.053
136.199 16.1858 72.1837 5.71049 123.006
136.299 16.15 72.2309 5.70115 122.959
136.399 16.1142 72.278 5.69179 122.912
136.499 16.0784 72.3249 5.68241 122.865
136.599 16.0426 72.3719 5.67301 122.818
136.699 16.0068 72.4187 5.66359 122.771
136.799 15.971 72.4654 5.65414 122.724
136.899 15.9351 72.5121 5.64467 122.678
136.999 15.8993 72.5586 5.63517 122.631
137.099 15.8634 72.6051 5.62566 122.584
137.199 15.8276 72.6515 5.61612 122.538
137.299 15.7917 72.6978 5.60656 122.492
137.399 15.7558 72.744 5.59698 122.446
137.499 15.72 72.7901 5.58737 122.399
137.599 15.6841 72.8362 5.57775 122.353
137.699 15.6482 72.8821 5.5681 122.307
137.799 15.6123 72.928 5.55842 122.262
137.899 15.5763 72.9737 5.54873 122.216
137.999 15.5404 73.0194 5.53901 122.17
138.099 15.5045 73.065 5.52927 122.125
138.199 15.4686 73.1105 5.51951 122.079
138.299 15.4326 73.1559 5.50973 122.034
138.399 15.3966 73.2013 5.49992 121.988
138.499 15.3607 73.2465 5.49009 121.943
138.599 15.3247 73.2917 5.48024 121.898
138.699 15.2887 73.3367 5.47037 121.853
138.799 15.2527 73.3817 5.46048 121.808
138.899 15.2167 73.4266 5.45056 121.763
138.999 15.1807 73.4714 5.44062 121.718
139.099 15.1447 73.5161 5.43066 121.673
139.199 15.1087 73.5607 5.42068 121.629
139.299 15.0727 73.6052 5.41068 121.584
139.399 15.0366 73.6496 5.40065 121.54
139.499 15.0006 73.694 5.3906 121.496
139.599 14.9645 73.7382 5.38053 121.451
139.699 14.9285 73.7824 5.37044 121.407
139.799 14.8924 73.8265 5.36033 121.363
139.899 14.8563 73.8705 5.3502 121.319
139.999 14.8202 73.9143 5.34004 121.275
140.099 14.7841 73.9581 5.32986 121.231
140.199 14.748 74.0018 5.31966 121.188
140.299 14.7119 74.0455 5.30944 121.144
140.399 14.6758 74.089 5.2992 121.101
140.499 14.6397 74.1324 5.28893 121.057
140.599 14.6036 74.1758 5.27864 121.014
140.699 14.5674 74.219 5.26834 120.971
140.799 14.5313 74.2622 5.25801 120.927
140.899 14.4951 74.3052 5.24766 120.884
140.999 14.459 74.3482 5.23728 120.841
141.099 14.4228 74.3911 5.22689 120.799
141.199 14.3866 74.4339 5.21648 120.756
141.299 14.3504 74.4766 5.20604 120.713
141.399 14.3143 74.5192 5.19558 120.67
141.499 14.2781 74.5617 5.1851 120.628
141.599 14.2419 74.6041 5.1746 120.586
141.699 14.2056 74.6464 5.16408 120.543
141.799 14.1694 74.6886 5.15354 120.501
141.899 14.1332 74.7308 5.14298 120.459
141.999 14.097 74.7728 5.13239 120.417
142.099 14.0607 74.8147 5.12179 120.375
142.199 14.0245 74.8566 5.11116 120.333
142.299 13.9882 74.8984 5.10051 120.291
142.399 13.952 74.94 5.08984 120.25
142.499 13.9157 74.9816 5.07915 120.208
142.6 13.8794 75.0231 5.06844 120.167
142.7 13.8431 75.0644 5.05771 120.125
142.8 13.8068 75.1057 5.04696 120.084
142.9 13.7705 75.1469 5.03619 120.043
143 13.7342 75.188 5.02539 120.002
143.1 13.6979 75.229 5.01458 119.961
143.2 13.6616 75.2699 5.00374 119.92
143.3 13.6253 75.3107 4.99289 119.879
143.4 13.5889 75.3514 4.98201 119.838
143.5 13.5526 75.3921 4.97111 119.798
143.6 13.5163 75.4326 4.96019 119.757
143.7 13.4799 75.473 4.94926 119.717
143.8 13.4435 75.5133 4.9383 119.676
143.9 13.4072 75.5536 4.92732 119.636
144 13.3708 75.5937 4.91632 119.596
144.1 13.3344 75.6338 4.9053 119.556
144.2 13.298 75.6737 4.89426 119.516
144.3 13.2616 75.7136 4.8832 119.476
144.4 13.2252 75.7533 4.87212 119.436
144.5 13.1888 75.793 4.86101 119.397
144.6 13.1524 75.8325 4.84989 119.357
144.7 13.116 75.872 4.83875 119.318
144.8 13.0796 75.9114 4.82759 119.278
144.9 13.0431 75.9506 4.81641 119.239
145 13.0067 75.9898 4.80521 119.2
145.1 12.9703 76.0289 4.79398 119.161
145.2 12.9338 76.0678 4.78274 119.122
145.3 12.8973 76.1067 4.77148 119.083
145.4 12.8609 76.1455 4.7602 119.044
145.5 12.8244 76.1842 4.74889 119.005
145.6 12.7879 76.2228 4.73757 118.967
145.7 12.7514 76.2613 4.72623 118.928
145.8 12.715 76.2996 4.71487 118.89
145.9 12.6785 76.3379 4.70349 118.852
146 12.642 76.3761 4.69209 118.813
146.1 12.6054 76.4142 4.68067 118.775
146.2 12.5689 76.4522 4.66923 118.737
146.3 12.5324 76.4901 4.65777 118.699
146.4 12.4959 76.5279 4.64629 118.662
146.5 12.4593 76.5656 4.63479 118.624
146.6 12.4228 76.6032 4.62327 118.586
146.7 12.3863 76.6407 4.61173 118.549
146.8 12.3497 76.6781 4.60018 118.511
146.9 12.3131 76.7154 4.5886 118.474
147 12.2766 76.7526 4.577 118.437
147.1 12.24 76.7897 4.56539 118.4
147.2 12.2034 76.8267 4.55376 118.363
147.3 12.1668 76.8636 4.5421 118.326
147.4 12.1303 76.9004 4.53043 118.289
147.5 12.0937 76.9371 4.51874 118.252
147.6 12.0571 76.9737 4.50703 118.216
147.7 12.0205 77.0102 4.4953 118.179
147.8 11.9838 77.0466 4.48355 118.143
147.9 11.9472 77.0829 4.47178 118.107
148 11.9106 77.1191 4.45999 118.071
148.1 11.874 77.1552 4.44819 118.034
148.2 11.8373 77.1911 4.43637 117.998
148.3 11.8007 77.227 4.42452 117.963
148.4 11.764 77.2628 4.41266 117.927
148.5 11.7274 77.2985 4.40078 117.891
148.6 11.6907 77.3341 4.38888 117.855
148.7 11.6541 77.3696 4.37696 117.82
148.8 11.6174 77.405 4.36503 117.785
148.9 11.5807 77.4403 4.35307 117.749
149 11.544 77.4754 4.3411 117.714
149.1 11.5073 77.5105 4.32911 117.679
149.2 11.4707 77.5455 4.3171 117.644
149.3 11.434 77.5804 4.30507 117.609
149.4 11.3973 77.6151 4.29302 117.574
149.5 11.3605 77.6498 4.28095 117.54
149.6 11.3238 77.6844 4.26887 117.505
149.7 11.2871 77.7188 4.25677 117.471
149.8 11.2504 77.7532 4.24465 117.436
149.9 11.2137 77.7875 4.23251 117.402
150 11.1769 77.8216 4.22036 117.368
150.1 11.1402 77.8557 4.20818 117.334
150.2 11.1034 77.8896 4.19599 117.3
150.3 11.0667 77.9235 4.18378 117.266
150.4 11.0299 77.9572 4.17155 117.232
150.5 10.9931 77.9908 4.15931 117.199
150.6 10.9564 78.0244 4.14704 117.165
150.7 10.9196 78.0578 4.13476 117.132
150.8 10.8828 78.0911 4.12246 117.098
150.9 10.846 78.1244 4.11015 117.065
151 10.8093 78.1575 4.09781 117.032
151.1 10.7725 78.1905 4.08546 116.999
151.2 10.7357 78.2234 4.07309 116.966
151.3 10.6989 78.2562 4.0607 116.933
151.4 10.662 78.2889 4.0483 116.901
151.5 10.6252 78.3215 4.03588 116.868
151.6 10.5884 78.354 4.02344 116.836
151.7 10.5516 78.3864 4.01098 116.803
151.8 10.5148 78.4187 3.99851 116.771
151.9 10.4779 78.4508 3.98602 116.739
152 10.4411 78.4829 3.97351 116.707
152.1 10.4042 78.5149 3.96099 116.675
152.2 10.3674 78.5468 3.94845 116.643
152.3 10.3305 78.5785 3.93589 116.611
152.4 10.2937 78.6102 3.92331 116.579
152.5 10.2568 78.6417 3.91072 116.548
152.6 10.2199 78.6732 3.89811 116.516
152.7 10.1831 78.7045 3.88548 116.485
152.8 10.1462 78.7357 3.87284 116.454
152.9 10.1093 78.7668 3.86018 116.423
153 10.0724 78.7979 3.8475 116.392
153.1 10.0355 78.8288 3.83481 116.361
153.2 9.99861 78.8596 3.8221 116.33
153.3 9.9617 78.8903 3.80937 116.299
153.4 9.9248 78.9209 3.79663 116.269
153.5 9.88788 78.9514 3.78387 116.238
153.6 9.85097 78.9817 3.77109 116.208
153.7 9.81404 79.012 3.7583 116.178
153.8 9.77712 79.0422 3.74549 116.147
153.9 9.74019 79.0722 3.73267 116.117
154 9.70325 79.1022 3.71983 116.087
154.1 9.66631 79.132 3.70697 116.058
154.2 9.62936 79.1618 3.6941 116.028
154.3 9.59241 79.1914 3.68121 115.998
154.4 9.55546 79.2209 3.6683 115.969
154.5 9.5185 79.2504 3.65538 115.939
154.6 9.48154 79.2797 3.64244 115.91
154.7 9.44457 79.3089 3.62949 115.881
154.8 9.4076 79.338 3.61652 115.852
154.9 9.37062 79.3669 3.60354 115.823
155 9.33364 79.3958 3.59054 115.794
155.1 9.29666 79.4246 3.57752 115.765
155.2 9.25967 79.4533 3.56449 115.736
155.3 9.22268 79.4818 3.55144 115.708
155.4 9.18568 79.5103 3.53838 115.679
155.5 9.14867 79.5386 3.5253 115.651
155.6 9.11167 79.5668 3.51221 115.623
155.7 9.07466 79.595 3.4991 115.595
155.8 9.03764 79.623 3.48598 115.567
155.9 9.00062 79.6509 3.47284 115.539
156 8.9636 79.6787 3.45968 115.511
156.1 8.92657 79.7064 3.44651 115.483
156.2 8.88954 79.7339 3.43333 115.456
156.3 8.85251 79.7614 3.42013 115.428
156.4 8.81547 79.7888 3.40691 115.401
156.5 8.77842 79.816 3.39368 115.374
156.6 8.74137 79.8432 3.38044 115.346
156.7 8.70432 79.8702 3.36718 115.319
156.8 8.66726 79.8971 3.35391 115.292
156.9 8.6302 79.9239 3.34062 115.266
157 8.59314 79.9506 3.32731 115.239
157.1 8.55607 79.9772 3.314 115.212
157.2 8.519 80.0037 3.30066 115.186
157.3 8.48192 80.0301 3.28732 115.159
157.4 8.44484 80.0564 3.27396 115.133
157.5 8.40776 80.0825 3.26058 115.107
157.6 8.37067 80.1086 3.24719 115.081
157.7 8.33358 80.1345 3.23378 115.055
157.8 8.29649 80.1603 3.22037 115.029
157.9 8.25939 80.186 3.20693 115.004
158 8.22228 80.2116 3.19349 114.978
158.1 8.18518 80.2371 3.18003 114.952
158.2 8.14807 80.2625 3.16655 114.927
158.3 8.11095 80.2878 3.15306 114.902
158.4 8.07383 80.313 3.13956 114.877
158.5 8.03671 80.338 3.12604 114.852
158.6 7.99959 80.363 3.11251 114.827
158.7 7.96246 80.3878 3.09897 114.802
158.8 7.92532 80.4125 3.08541 114.777
158.9 7.88819 80.4371 3.07184 114.752
159.001 7.85105 80.4616 3.05825 114.728
159.101 7.8139 80.486 3.04465 114.704
159.201 7.77676 80.5103 3.03104 114.679
159.301 7.73961 80.5344 3.01741 114.655
159.401 7.70245 80.5585 3.00378 114.631
159.501 7.66529 80.5824 2.99012 114.607
159.601 7.62813 80.6063 2.97646 114.583
159.701 7.59097 80.63 2.96278 114.56
159.801 7.5538 80.6536 2.94909 114.536
159.901 7.51663 80.6771 2.93538 114.512
160.001 7.47945 80.7005 2.92167 114.489
160.101 7.44227 80.7237 2.90793 114.466
160.201 7.40509 80.7469 2.89419 114.443
160.301 7.36791 80.77 2.88043 114.42
160.401 7.33072 80.7929 2.86666 114.397
160.501 7.29353 80.8157 2.85288 114.374
160.601 7.25633 80.8384 2.83909 114.351
160.701 7.21913 80.861 2.82528 114.329
160.801 7.18193 80.8835 2.81146 114.306
160.901 7.14472 80.9059 2.79763 114.284
161.001 7.10752 80.9281 2.78378 114.261
161.101 7.0703 80.9503 2.76993 114.239
161.201 7.03309 80.9723 2.75606 114.217
161.301 6.99587 80.9943 2.74217 114.195
161.401 6.95865 81.0161 2.72828 114.174
161.501 6.92143 81.0378 2.71437 114.152
161.601 6.8842 81.0593 2.70046 114.13
161.701 6.84697 81.0808 2.68653 114.109
161.801 6.80973 81.1022 2.67258 114.087
161.901 6.7725 81.1234 2.65863 114.066
162.001 6.73526 81.1446 2.64466 114.045
162.101 6.69801 81.1656 2.63069 114.024
162.201 6.66077 81.1865 2.6167 114.003
162.301 6.62352 81.2073 2.6027 113.982
162.401 6.58627 81.228 2.58868 113.962
162.501 6.54901 81.2485 2.57466 113.941
162.601 6.51175 81.269 2.56062 113.921
162.701 6.47449 81.2893 2.54657 113.9
162.801 6.43723 81.3095 2.53252 113.88
162.901 6.39996 81.3297 2.51845 113.86
163.001 6.36269 81.3497 2.50436 113.84
163.101 6.32542 81.3695 2.49027 113.82
163.201 6.28815 81.3893 2.47617 113.8
163.301 6.25087 81.409 2.46205 113.781
163.401 6.21359 81.4285 2.44793 113.761
163.501 6.1763 81.4479 2.43379 113.742
163.601 6.13902 81.4672 2.41964 113.722
163.701 6.10173 81.4864 2.40549 113.703
163.801 6.06443 81.5055 2.39132 113.684
163.901 6.02714 81.5245 2.37714 113.665
164.001 5.98984 81.5434 2.36295 113.646
164.101 5.95254 81.5621 2.34874 113.627
164.201 5.91524 81.5807 2.33453 113.609
164.301 5.87793 81.5992 2.32031 113.59
164.401 5.84063 81.6176 2.30608 113.572
164.501 5.80332 81.6359 2.29183 113.554
164.601 5.766 81.6541 2.27758 113.535
164.701 5.72869 81.6721 2.26332 113.517
164.801 5.69137 81.6901 2.24904 113.499
164.901 5.65405 81.7079 2.23476 113.482
165.001 5.61672 81.7256 2.22047 113.464
165.101 5.5794 81.7432 2.20616 113.446
165.201 5.54207 81.7607 2.19185 113.429
165.301 5.50474 81.7781 2.17753 113.412
165.401 5.4674 81.7953 2.16319 113.394
165.501 5.43007 81.8124 2.14885 113.377
165.601 5.39273 81.8295 2.1345 113.36
165.701 5.35539 81.8464 2.12013 113.343
165.801 5.31805 81.8632 2.10576 113.326
165.901 5.2807 81.8798 2.09138 113.31
166.001 5.24335 81.8964 2.07699 113.293
166.101 5.206 81.9128 2.06259 113.277
166.201 5.16865 81.9292 2.04818 113.26
166.301 5.13129 81.9454 2.03376 113.244
166.401 5.09394 81.9615 2.01933 113.228
166.501 5.05658 81.9774 2.0049 113.212
166.601 5.01922 81.9933 1.99045 113.196
166.701 4.98185 82.0091 1.976 113.181
166.801 4.94449 82.0247 1.96153 113.165
166.901 4.90712 82.0402 1.94706 113.149
167.001 4.86975 82.0556 1.93258 113.134
167.101 4.83238 82.0709 1.91809 113.119
167.201 4.795 82.0861 1.90359 113.104
167.301 4.75762 82.1011 1.88908 113.088
167.401 4.72024 82.116 1.87456 113.074
167.501 4.68286 82.1309 1.86004 113.059
167.601 4.64548 82.1456 1.84551 113.044
167.701 4.60809 82.1601 1.83097 113.029
167.801 4.57071 82.1746 1.81642 113.015
167.901 4.53332 82.189 1.80186 113.001
168.001 4.49593 82.2032 1.78729 112.986
168.101 4.45853 82.2173 1.77272 112.972
168.201 4.42114 82.2313 1.75814 112.958
168.301 4.38374 82.2452 1.74355 112.944
168.401 4.34634 82.259 1.72895 112.931
168.501 4.30894 82.2727 1.71434 112.917
168.601 4.27154 82.2862 1.69973 112.903
168.701 4.23413 82.2996 1.68511 112.89
168.801 4.19673 82.3129 1.67048 112.877
168.901 4.15932 82.3261 1.65584 112.863
169.001 4.12191 82.3392 1.6412 112.85
169.101 4.08449 82.3521 1.62655 112.837
169.201 4.04708 82.365 1.61189 112.825
169.301 4.00966 82.3777 1.59722 112.812
169.401 3.97225 82.3903 1.58255 112.799
169.501 3.93483 82.4028 1.56787 112.787
169.601 3.89741 82.4152 1.55318 112.774
169.701 3.85998 82.4274 1.53849 112.762
169.801 3.82256 82.4395 1.52379 112.75
169.901 3.78513 82.4516 1.50908 112.738
170.001 3.7477 82.4635 1.49436 112.726
170.101 3.71027 82.4752 1.47964 112.714
170.201 3.67284 82.4869 1.46491 112.703
170.301 3.63541 82.4985 1.45017 112.691
170.401 3.59798 82.5099 1.43543 112.68
170.501 3.56054 82.5212 1.42068 112.668
170.601 3.5231 82.5324 1.40593 112.657
170.701 3.48566 82.5435 1.39117 112.646
170.801 3.44822 82.5545 1.3764 112.635
170.901 3.41078 82.5653 1.36163 112.624
171.001 3.37334 82.576 1.34685 112.614
171.101 3.33589 82.5866 1.33206 112.603
171.201 3.29844 82.5971 1.31727 112.592
171.301 3.261 82.6075 1.30247 112.582
171.401 3.22355 82.6178 1.28766 112.572
171.501 3.18609 82.6279 1.27285 112.562
171.601 3.14864 82.6379 1.25804 112.552
171.701 3.11119 82.6478 1.24322 112.542
171.801 3.07373 82.6576 1.22839 112.532
171.901 3.03628 82.6673 1.21356 112.522
172.001 2.99882 82.6768 1.19872 112.513
172.101 2.96136 82.6863 1.18387 112.503
172.201 2.9239 82.6956 1.16902 112.494
172.301 2.88644 82.7048 1.15417 112.485
172.401 2.84897 82.7138 1.13931 112.476
172.501 2.81151 82.7228 1.12444 112.467
172.601 2.77404 82.7316 1.10957 112.458
172.701 2.73658 82.7404 1.0947 112.449
172.801 2.69911 82.749 1.07982 112.441
172.901 2.66164 82.7575 1.06493 112.432
173.001 2.62417 82.7658 1.05004 112.424
173.101 2.5867 82.7741 1.03515 112.415
173.201 2.54923 82.7822 1.02025 112.407
173.301 2.51175 82.7902 1.00535 112.399
173.401 2.47428 82.7981 0.990436 112.391
173.501 2.4368 82.8059 0.975523 112.384
173.601 2.39932 82.8136 0.960605 112.376
173.701 2.36185 82.8211 0.945683 112.368
173.801 2.32437 82.8285 0.930757 112.361
173.901 2.28689 82.8358 0.915826 112.354
174.001 2.24941 82.843 0.900891 112.347
174.101 2.21192 82.8501 0.885952 112.339
174.201 2.17444 82.857 0.871009 112.333
174.301 2.13696 82.8639 0.856062 112.326
174.401 2.09947 82.8706 0.841111 112.319
174.501 2.06199 82.8772 0.826157 112.312
174.601 2.0245 82.8837 0.811198 112.306
174.701 1.98701 82.89 0.796236 112.3
174.801 1.94952 82.8963 0.78127 112.293
174.901 1.91203 82.9024 0.766301 112.287
175.001 1.87454 82.9084 0.751328 112.281
175.101 1.83705 82.9143 0.736351 112.275
175.201 1.79956 82.92 0.721372 112.27
175.301 1.76207 82.9257 0.706389 112.264
175.402 1.72458 82.9312 0.691402 112.258
175.502 1.68708 82.9366 0.676413 112.253
175.602 1.64959 82.9419 0.66142 112.248
175.702 1.61209 82.9471 0.646425 112.242
175.802 1.57459 82.9521 0.631426 112.237
175.902 1.5371 82.9571 0.616425 112.233
176.002 1.4996 82.9619 0.601421 112.228
176.102 1.4621 82.9666 0.586414 112.223
176.202 1.4246 82.9712 0.571404 112.218
176.302 1.3871 82.9756 0.556392 112.214
176.402 1.3496 82.98 0.541377 112.21
176.502 1.3121 82.9842 0.52636 112.205
176.602 1.2746 82.9883 0.51134 112.201
176.702 1.2371 82.9923 0.496319 112.197
176.802 1.1996 82.9961 0.481294 112.193
176.902 1.16209 82.9999 0.466268 112.19
177.002 1.12459 83.0035 0.451239 112.186
177.102 1.08709 83.007 0.436209 112.183
177.202 1.04958 83.0104 0.421176 112.179
177.302 1.01208 83.0137 0.406141 112.176
177.402 0.974571 83.0168 0.391105 112.173
177.502 0.937065 83.0199 0.376067 112.17
177.602 0.899559 83.0228 0.361027 112.167
177.702 0.862052 83.0256 0.345985 112.164
177.802 0.824546 83.0282 0.330942 112.161
177.902 0.787038 83.0308 0.315897 112.159
178.002 0.749531 83.0332 0.300851 112.156
178.102 0.712023 83.0356 0.285804 112.154
178.202 0.674514 83.0378 0.270755 112.152
178.302 0.637006 83.0398 0.255705 112.15
178.402 0.599497 83.0418 0.240654 112.148
178.502 0.561988 83.0436 0.225601 112.146
178.602 0.524478 83.0454 0.210548 112.144
178.702 0.486969 83.047 0.195494 112.143
178.802 0.449459 83.0485 0.180438 112.141
178.902 0.411949 83.0498 0.165382 112.14
179.002 0.374439 83.0511 0.150326 112.139
179.102 0.336928 83.0522 0.135268 112.137
179.202 0.299418 83.0532 0.12021 112.136
179.302 0.261907 83.0541 0.105151 112.135
179.402 0.224396 83.0549 0.0900922 112.135
179.502 0.186886 83.0555 0.0750327 112.134
179.602 0.149375 83.0561 0.0599728 112.134
179.702 0.111864 83.0565 0.0449126 112.133
179.802 0.0743526 83.0568 0.0298523 112.133
179.902 0.0368415 83.0569 0.0147917 112.133
