0 1.09826e-14 4.74053 0 185.645
0.1 0.156519 4.74059 0.0115715 185.645
0.2 0.313034 4.74076 0.023143 185.644
0.3 0.469538 4.74105 0.0347145 185.644
0.4 0.626027 4.74146 0.0462859 185.644
0.5 0.782495 4.74198 0.0578572 185.643
0.6 0.938939 4.74262 0.0694284 185.643
0.7 1.09535 4.74338 0.0809994 185.642
0.8 1.25173 4.74425 0.0925703 185.641
0.9 1.40807 4.74524 0.104141 185.64
1 1.56436 4.74635 0.115711 185.639
1.1 1.7206 4.74757 0.127282 185.638
1.2 1.87678 4.74891 0.138852 185.636
1.3 2.03291 4.75036 0.150421 185.635
1.4 2.18897 4.75193 0.161991 185.633
1.5 2.34495 4.75362 0.17356 185.632
1.6 2.50087 4.75542 0.185128 185.63
1.7 2.6567 4.75734 0.196697 185.628
1.8 2.81244 4.75938 0.208265 185.626
1.9 2.9681 4.76153 0.219832 185.624
2 3.12366 4.7638 0.231399 185.621
2.1 3.27912 4.76619 0.242965 185.619
2.2 3.43447 4.76869 0.254532 185.616
2.3 3.58971 4.7713 0.266097 185.614
2.4 3.74484 4.77404 0.277662 185.611
2.5 3.89985 4.77689 0.289226 185.608
2.6 4.05473 4.77985 0.30079 185.605
2.7 4.20948 4.78294 0.312353 185.602
2.8 4.3641 4.78614 0.323916 185.599
2.9 4.51858 4.78945 0.335478 185.596
3 4.67291 4.79288 0.347039 185.592
3.1 4.8271 4.79643 0.358599 185.589
3.2 4.98113 4.80009 0.370159 185.585
3.3 5.13501 4.80387 0.381718 185.581
3.4 5.28872 4.80777 0.393276 185.577
3.5 5.44226 4.81178 0.404833 185.573
3.6 5.59563 4.81591 0.41639 185.569
3.7 5.74882 4.82015 0.427946 185.565
3.8 5.90184 4.82451 0.4395 185.561
3.9 6.05466 4.82899 0.451054 185.556
4 6.2073 4.83358 0.462607 185.552
4.1 6.35974 4.83829 0.474159 185.547
4.2 6.51198 4.84312 0.48571 185.542
4.3 6.66402 4.84806 0.49726 185.537
4.4 6.81584 4.85311 0.508809 185.532
4.5 6.96746 4.85829 0.520357 185.527
4.6 7.11886 4.86358 0.531904 185.522
4.7 7.27003 4.86898 0.54345 185.516
4.8 7.42098 4.8745 0.554994 185.511
4.9 7.5717 4.88014 0.566538 185.505
5 7.72219 4.88589 0.57808 185.499
5.1 7.87244 4.89176 0.589621 185.493
5.2 8.02244 4.89774 0.601161 185.487
5.3 8.1722 4.90384 0.6127 185.481
5.4 8.3217 4.91006 0.624237 185.475
5.5 8.47096 4.91639 0.635773 185.469
5.6 8.61995 4.92284 0.647308 185.462
5.7 8.76868 4.92941 0.658842 185.456
5.8 8.91714 4.93609 0.670374 185.449
5.9 9.06533 4.94288 0.681905 185.442
6 9.21324 4.94979 0.693434 185.435
6.1 9.36088 4.95682 0.704962 185.428
6.2 9.50823 4.96396 0.716488 185.421
6.3 9.6553 4.97122 0.728013 185.414
6.4 9.80208 4.97859 0.739537 185.407
6.5 9.94856 4.98608 0.751059 185.399
6.6 10.0947 4.99369 0.762579 185.391
6.7 10.2406 5.00141 0.774098 185.384
6.8 10.3862 5.00924 0.785615 185.376
6.9 10.5315 5.0172 0.797131 185.368
7 10.6764 5.02526 0.808645 185.36
7.1 10.8211 5.03345 0.820157 185.352
7.2 10.9654 5.04175 0.831668 185.343
7.3 11.1094 5.05016 0.843177 185.335
7.4 11.2531 5.05869 0.854684 185.326
7.5 11.3964 5.06733 0.866189 185.318
7.6 11.5395 5.07609 0.877693 185.309
7.7 11.6821 5.08497 0.889195 185.3
7.79999 11.8245 5.09396 0.900695 185.291
7.89999 11.9665 5.10306 0.912193 185.282
7.99999 12.1081 5.11229 0.923689 185.273
8.09999 12.2494 5.12162 0.935183 185.264
8.2 12.3904 5.13107 0.946676 185.254
8.3 12.531 5.14064 0.958166 185.245
8.4 12.6712 5.15032 0.969655 185.235
8.5 12.8111 5.16012 0.981141 185.225
8.6 12.9506 5.17003 0.992626 185.215
8.7 13.0898 5.18006 1.00411 185.205
8.8 13.2286 5.1902 1.01559 185.195
8.9 13.367 5.20046 1.02707 185.185
9 13.505 5.21083 1.03854 185.174
9.1 13.6427 5.22132 1.05002 185.164
9.2 13.78 5.23192 1.06149 185.153
9.3 13.9169 5.24264 1.07296 185.143
9.4 14.0534 5.25347 1.08443 185.132
9.5 14.1896 5.26442 1.09589 185.121
9.6 14.3253 5.27548 1.10735 185.11
9.7 14.4607 5.28665 1.11881 185.099
9.8 14.5956 5.29794 1.13027 185.087
9.9 14.7302 5.30935 1.14173 185.076
10 14.8643 5.32087 1.15318 185.064
10.1 14.9981 5.3325 1.16463 185.053
10.2 15.1315 5.34425 1.17608 185.041
10.3 15.2644 5.35612 1.18753 185.029
10.4 15.397 5.3681 1.19897 185.017
10.5 15.5291 5.38019 1.21041 185.005
10.6 15.6608 5.39239 1.22185 184.993
10.7 15.7922 5.40472 1.23329 184.98
10.8 15.923 5.41715 1.24472 184.968
10.9 16.0535 5.4297 1.25615 184.955
11 16.1836 5.44237 1.26758 184.943
11.1 16.3132 5.45515 1.27901 184.93
11.2 16.4424 5.46804 1.29043 184.917
11.3 16.5712 5.48104 1.30185 184.904
11.4 16.6996 5.49417 1.31327 184.891
11.5 16.8275 5.5074 1.32469 184.878
11.6 16.9551 5.52075 1.3361 184.864
11.7 17.0821 5.53421 1.34751 184.851
11.8 17.2088 5.54779 1.35892 184.837
11.9 17.335 5.56148 1.37032 184.824
12 17.4608 5.57529 1.38172 184.81
12.1 17.5861 5.5892 1.39312 184.796
12.2 17.711 5.60324 1.40452 184.782
12.3 17.8355 5.61738 1.41591 184.768
12.4 17.9595 5.63164 1.4273 184.754
12.5 18.083 5.64602 1.43868 184.739
12.6 18.2062 5.6605 1.45007 184.725
12.7 18.3289 5.6751 1.46145 184.71
12.8 18.4511 5.68982 1.47283 184.695
12.9 18.5729 5.70465 1.4842 184.681
13 18.6942 5.71959 1.49557 184.666
13.1 18.8151 5.73464 1.50694 184.651
13.2 18.9356 5.74981 1.51831 184.635
13.3 19.0556 5.76509 1.52967 184.62
13.4 19.1751 5.78049 1.54103 184.605
13.5 19.2942 5.79599 1.55238 184.589
13.6 19.4128 5.81161 1.56374 184.574
13.7 19.531 5.82735 1.57509 184.558
13.8 19.6487 5.84319 1.58643 184.542
13.9 19.766 5.85915 1.59778 184.526
14 19.8828 5.87523 1.60912 184.51
14.1 19.9992 5.89141 1.62045 184.494
14.2 20.1151 5.90771 1.63178 184.477
14.3 20.2305 5.92412 1.64311 184.461
14.4 20.3455 5.94065 1.65444 184.445
14.5 20.46 5.95728 1.66576 184.428
14.6 20.574 5.97403 1.67708 184.411
14.7 20.6876 5.99089 1.6884 184.394
14.8 20.8007 6.00787 1.69971 184.377
14.9 20.9134 6.02496 1.71102 184.36
15 21.0256 6.04216 1.72232 184.343
15.1 21.1373 6.05947 1.73362 184.326
15.2 21.2486 6.07689 1.74492 184.308
15.3 21.3594 6.09443 1.75622 184.291
15.4 21.4698 6.11208 1.76751 184.273
15.5 21.5797 6.12984 1.77879 184.255
15.6 21.6891 6.14771 1.79008 184.237
15.7 21.798 6.1657 1.80136 184.219
15.8 21.9065 6.1838 1.81263 184.201
15.9 22.0145 6.202 1.8239 184.183
16 22.1221 6.22033 1.83517 184.165
16.1 22.2292 6.23876 1.84644 184.146
16.2 22.3358 6.2573 1.8577 184.128
16.3 22.442 6.27596 1.86895 184.109
16.4 22.5477 6.29473 1.88021 184.09
16.5 22.6529 6.31361 1.89145 184.072
16.6 22.7576 6.3326 1.9027 184.053
16.7 22.8619 6.3517 1.91394 184.033
16.8 22.9658 6.37092 1.92518 184.014
16.9 23.0691 6.39024 1.93641 183.995
17 23.172 6.40968 1.94764 183.975
17.1 23.2745 6.42923 1.95886 183.956
17.2 23.3764 6.44889 1.97008 183.936
17.3 23.4779 6.46866 1.9813 183.917
17.4 23.579 6.48854 1.99251 183.897
17.5 23.6796 6.50853 2.00372 183.877
17.6 23.7797 6.52864 2.01492 183.857
17.7 23.8793 6.54885 2.02612 183.836
17.8 23.9785 6.56918 2.03732 183.816
17.9 24.0772 6.58962 2.04851 183.796
18 24.1755 6.61016 2.0597 183.775
18.1 24.2733 6.63082 2.07088 183.754
18.2 24.3706 6.65159 2.08206 183.734
18.3 24.4675 6.67247 2.09323 183.713
18.4 24.5639 6.69346 2.1044 183.692
18.5 24.6599 6.71456 2.11557 183.671
18.6 24.7554 6.73577 2.12673 183.649
18.7 24.8504 6.75709 2.13789 183.628
18.8 24.945 6.77852 2.14904 183.607
18.9 25.0391 6.80006 2.16019 183.585
19 25.1327 6.82171 2.17133 183.563
19.1 25.226 6.84347 2.18247 183.542
19.2 25.3187 6.86534 2.1936 183.52
19.3 25.411 6.88732 2.20473 183.498
19.4 25.5028 6.90942 2.21585 183.476
19.5 25.5942 6.93162 2.22697 183.454
19.6 25.6851 6.95393 2.23809 183.431
19.7 25.7756 6.97635 2.2492 183.409
19.8 25.8656 6.99888 2.26031 183.386
19.9 25.9552 7.02151 2.27141 183.364
20 26.0443 7.04426 2.2825 183.341
20.1 26.133 7.06712 2.2936 183.318
20.2 26.2212 7.09009 2.30468 183.295
20.3 26.3089 7.11316 2.31576 183.272
20.4 26.3963 7.13635 2.32684 183.249
20.5 26.4831 7.15964 2.33791 183.226
20.6 26.5696 7.18305 2.34898 183.202
20.7 26.6555 7.20656 2.36004 183.179
20.8 26.7411 7.23018 2.3711 183.155
20.9 26.8262 7.25391 2.38215 183.131
21 26.9108 7.27775 2.3932 183.107
21.1 26.995 7.30169 2.40424 183.083
21.2 27.0788 7.32575 2.41528 183.059
21.3 27.1621 7.34991 2.42631 183.035
21.4 27.245 7.37419 2.43734 183.011
21.5 27.3274 7.39857 2.44836 182.987
21.6 27.4095 7.42306 2.45938 182.962
21.7 27.491 7.44766 2.47039 182.938
21.8 27.5722 7.47236 2.4814 182.913
21.9 27.6529 7.49717 2.4924 182.888
22 27.7331 7.5221 2.50339 182.863
22.1 27.813 7.54713 2.51439 182.838
22.2 27.8924 7.57226 2.52537 182.813
22.3 27.9713 7.59751 2.53635 182.788
22.4 28.0499 7.62286 2.54733 182.762
22.5 28.128 7.64832 2.5583 182.737
22.6 28.2057 7.67389 2.56926 182.711
22.7001 28.283 7.69956 2.58022 182.686
22.8001 28.3598 7.72535 2.59117 182.66
22.9001 28.4362 7.75124 2.60212 182.634
23.0001 28.5122 7.77723 2.61306 182.608
23.1001 28.5878 7.80334 2.624 182.582
23.2001 28.6629 7.82955 2.63493 182.556
23.3001 28.7376 7.85587 2.64585 182.529
23.4001 28.8119 7.88229 2.65677 182.503
23.5001 28.8858 7.90882 2.66769 182.476
23.6001 28.9593 7.93546 2.6786 182.45
23.7001 29.0324 7.96221 2.6895 182.423
23.8001 29.105 7.98906 2.7004 182.396
23.9001 29.1772 8.01602 2.71129 182.369
24.0001 29.249 8.04308 2.72218 182.342
24.1001 29.3205 8.07025 2.73306 182.315
24.2001 29.3914 8.09753 2.74393 182.288
24.3001 29.462 8.12491 2.7548 182.26
24.4001 29.5322 8.1524 2.76566 182.233
24.5001 29.602 8.18 2.77652 182.205
24.6001 29.6714 8.2077 2.78737 182.177
24.7001 29.7403 8.23551 2.79822 182.15
24.8001 29.8089 8.26342 2.80906 182.122
24.9001 29.8771 8.29144 2.81989 182.094
25.0001 29.9448 8.31956 2.83072 182.066
25.1001 30.0122 8.34779 2.84154 182.037
25.2001 30.0792 8.37612 2.85235 182.009
25.3001 30.1457 8.40456 2.86316 181.981
25.4001 30.2119 8.43311 2.87397 181.952
25.5001 30.2777 8.46176 2.88476 181.923
25.6001 30.3431 8.49051 2.89555 181.895
25.7001 30.4081 8.51937 2.90634 181.866
25.8001 30.4727 8.54834 2.91712 181.837
25.9001 30.5369 8.57741 2.92789 181.808
26.0001 30.6007 8.60658 2.93866 181.779
26.1001 30.6642 8.63586 2.94942 181.749
26.2001 30.7272 8.66525 2.96017 181.72
26.3001 30.7899 8.69474 2.97092 181.69
26.4001 30.8522 8.72433 2.98166 181.661
26.5001 30.9141 8.75402 2.99239 181.631
26.6001 30.9756 8.78382 3.00312 181.601
26.7001 31.0367 8.81373 3.01384 181.571
26.8001 31.0975 8.84374 3.02456 181.541
26.9001 31.1579 8.87385 3.03527 181.511
27.0001 31.2179 8.90407 3.04597 181.481
27.1001 31.2776 8.93439 3.05667 181.451
27.2001 31.3368 8.96481 3.06736 181.42
27.3001 31.3957 8.99534 3.07804 181.39
27.4001 31.4543 9.02597 3.08872 181.359
27.5001 31.5124 9.0567 3.09939 181.328
27.6001 31.5702 9.08754 3.11005 181.298
27.7001 31.6277 9.11848 3.12071 181.267
27.8001 31.6847 9.14952 3.13136 181.236
27.9001 31.7414 9.18067 3.142 181.204
28.0001 31.7977 9.21192 3.15264 181.173
28.1001 31.8537 9.24327 3.16327 181.142
28.2001 31.9093 9.27472 3.17389 181.11
28.3001 31.9646 9.30628 3.18451 181.079
28.4001 32.0195 9.33794 3.19512 181.047
28.5001 32.074 9.3697 3.20572 181.015
28.6001 32.1282 9.40157 3.21632 180.984
28.7001 32.182 9.43353 3.22691 180.952
28.8001 32.2355 9.4656 3.23749 180.92
28.9001 32.2886 9.49777 3.24806 180.887
29.0001 32.3414 9.53004 3.25863 180.855
29.1001 32.3938 9.56242 3.26919 180.823
29.2001 32.4459 9.59489 3.27975 180.79
29.3001 32.4977 9.62747 3.2903 180.758
29.4001 32.549 9.66015 3.30084 180.725
29.5001 32.6001 9.69293 3.31137 180.692
29.6001 32.6508 9.72581 3.3219 180.659
29.7001 32.7012 9.75879 3.33241 180.626
29.8001 32.7512 9.79187 3.34293 180.593
29.9001 32.8009 9.82506 3.35343 180.56
30.0001 32.8502 9.85834 3.36393 180.527
30.1001 32.8992 9.89173 3.37442 180.493
30.2001 32.9479 9.92522 3.3849 180.46
30.3001 32.9962 9.9588 3.39538 180.426
30.4001 33.0443 9.99249 3.40585 180.393
30.5001 33.0919 10.0263 3.41631 180.359
30.6001 33.1393 10.0602 3.42676 180.325
30.7001 33.1863 10.0942 3.43721 180.291
30.8001 33.233 10.1282 3.44765 180.257
30.9001 33.2794 10.1624 3.45808 180.223
31.0001 33.3254 10.1967 3.4685 180.188
31.1001 33.3711 10.2311 3.47892 180.154
31.2001 33.4165 10.2656 3.48933 180.12
31.3001 33.4616 10.3002 3.49973 180.085
31.4001 33.5064 10.3349 3.51013 180.05
31.5001 33.5508 10.3697 3.52051 180.016
31.6001 33.5949 10.4045 3.53089 179.981
31.7001 33.6387 10.4395 3.54126 179.946
31.8001 33.6822 10.4746 3.55163 179.911
31.9001 33.7254 10.5098 3.56198 179.875
32.0001 33.7682 10.5451 3.57233 179.84
32.1001 33.8108 10.5805 3.58267 179.805
32.2001 33.853 10.6159 3.593 179.769
32.3001 33.895 10.6515 3.60333 179.734
32.4001 33.9366 10.6872 3.61365 179.698
32.5001 33.9779 10.723 3.62396 179.662
32.6001 34.0189 10.7588 3.63426 179.626
32.7001 34.0596 10.7948 3.64455 179.59
32.8001 34.1 10.8309 3.65484 179.554
32.9001 34.1401 10.867 3.66512 179.518
33.0001 34.1799 10.9033 3.67539 179.482
33.1001 34.2194 10.9396 3.68565 179.446
33.2001 34.2586 10.9761 3.6959 179.409
33.3001 34.2976 11.0127 3.70615 179.373
33.4001 34.3362 11.0493 3.71639 179.336
33.5001 34.3745 11.0861 3.72662 179.299
33.6001 34.4125 11.1229 3.73684 179.262
33.7001 34.4503 11.1599 3.74705 179.225
33.8001 34.4877 11.1969 3.75726 179.188
33.9001 34.5248 11.234 3.76746 179.151
34.0001 34.5617 11.2713 3.77764 179.114
34.1001 34.5983 11.3086 3.78783 179.077
34.2001 34.6346 11.346 3.798 179.039
34.3 34.6706 11.3835 3.80816 179.002
34.4 34.7063 11.4212 3.81832 178.964
34.5 34.7417 11.4589 3.82847 178.926
34.6 34.7769 11.4967 3.83861 178.888
34.7 34.8118 11.5346 3.84874 178.851
34.8 34.8464 11.5726 3.85886 178.813
34.9 34.8807 11.6107 3.86898 178.774
35 34.9147 11.6489 3.87908 178.736
35.1 34.9485 11.6872 3.88918 178.698
35.2 34.982 11.7256 3.89927 178.66
35.3 35.0152 11.764 3.90935 178.621
35.4 35.0482 11.8026 3.91942 178.583
35.5 35.0808 11.8413 3.92949 178.544
35.6 35.1132 11.88 3.93954 178.505
35.7 35.1454 11.9189 3.94959 178.466
35.8 35.1772 11.9578 3.95963 178.427
35.9 35.2088 11.9969 3.96966 178.388
36 35.2402 12.036 3.97968 178.349
36.1 35.2712 12.0753 3.98969 178.31
36.2 35.302 12.1146 3.99969 178.271
36.3 35.3326 12.154 4.00969 178.231
36.4 35.3629 12.1935 4.01967 178.192
36.5 35.3929 12.2331 4.02965 178.152
36.6 35.4226 12.2728 4.03962 178.112
36.7 35.4521 12.3126 4.04958 178.073
36.8 35.4814 12.3525 4.05953 178.033
36.9 35.5104 12.3925 4.06947 177.993
37 35.5391 12.4326 4.0794 177.953
37.1 35.5676 12.4728 4.08932 177.912
37.2 35.5958 12.513 4.09924 177.872
37.3 35.6238 12.5534 4.10914 177.832
37.4 35.6515 12.5938 4.11904 177.791
37.5 35.679 12.6344 4.12893 177.751
37.6 35.7062 12.675 4.13881 177.71
37.7 35.7332 12.7157 4.14868 177.669
37.8 35.7599 12.7565 4.15854 177.629
37.9 35.7864 12.7975 4.16839 177.588
38 35.8126 12.8385 4.17823 177.547
38.1 35.8386 12.8795 4.18806 177.506
38.2 35.8644 12.9207 4.19789 177.464
38.3 35.8899 12.962 4.2077 177.423
38.4 35.9151 13.0034 4.21751 177.382
38.5 35.9402 13.0448 4.2273 177.34
38.6 35.965 13.0864 4.23709 177.299
38.7 35.9895 13.128 4.24686 177.257
38.8 36.0138 13.1697 4.25663 177.215
38.9 36.0379 13.2116 4.26639 177.174
39 36.0617 13.2535 4.27614 177.132
39.1 36.0854 13.2955 4.28588 177.09
39.2 36.1087 13.3376 4.29561 177.048
39.3 36.1319 13.3798 4.30533 177.005
39.4 36.1548 13.422 4.31504 176.963
39.5 36.1775 13.4644 4.32474 176.921
39.6 36.1999 13.5068 4.33443 176.878
39.7 36.2222 13.5494 4.34412 176.836
39.8 36.2442 13.592 4.35379 176.793
39.9 36.2659 13.6347 4.36345 176.75
40 36.2875 13.6775 4.37311 176.708
40.1 36.3088 13.7204 4.38275 176.665
40.2 36.3299 13.7634 4.39238 176.622
40.3 36.3508 13.8065 4.40201 176.579
40.4 36.3714 13.8497 4.41162 176.535
40.5 36.3919 13.8929 4.42123 176.492
40.6 36.4121 13.9363 4.43082 176.449
40.7 36.4321 13.9797 4.44041 176.405
40.7999 36.4519 14.0232 4.44998 176.362
40.8999 36.4714 14.0668 4.45955 176.318
40.9999 36.4908 14.1105 4.4691 176.275
41.0999 36.5099 14.1543 4.47865 176.231
41.1999 36.5288 14.1982 4.48818 176.187
41.2999 36.5476 14.2421 4.49771 176.143
41.3999 36.566 14.2862 4.50722 176.099
41.4999 36.5843 14.3303 4.51673 176.055
41.5999 36.6024 14.3745 4.52622 176.011
41.6999 36.6203 14.4188 4.53571 175.966
41.7999 36.6379 14.4632 4.54518 175.922
41.8999 36.6554 14.5077 4.55465 175.877
41.9999 36.6726 14.5523 4.5641 175.833
42.0999 36.6896 14.5969 4.57355 175.788
42.1999 36.7065 14.6417 4.58298 175.743
42.2999 36.7231 14.6865 4.59241 175.699
42.3999 36.7395 14.7314 4.60182 175.654
42.4999 36.7557 14.7764 4.61123 175.609
42.5999 36.7717 14.8215 4.62062 175.564
42.6999 36.7875 14.8667 4.63 175.518
42.7999 36.8032 14.9119 4.63937 175.473
42.8999 36.8186 14.9573 4.64874 175.428
42.9999 36.8338 15.0027 4.65809 175.382
43.0999 36.8488 15.0482 4.66743 175.337
43.1999 36.8636 15.0938 4.67676 175.291
43.2999 36.8782 15.1395 4.68608 175.246
43.3999 36.8927 15.1853 4.69539 175.2
43.4999 36.9069 15.2311 4.70469 175.154
43.5999 36.9209 15.277 4.71398 175.108
43.6999 36.9348 15.3231 4.72326 175.062
43.7999 36.9485 15.3692 4.73252 175.016
43.8999 36.9619 15.4153 4.74178 174.97
43.9999 36.9752 15.4616 4.75103 174.924
44.0999 36.9883 15.508 4.76026 174.877
44.1999 37.0012 15.5544 4.76949 174.831
44.2999 37.0139 15.6009 4.7787 174.784
44.3999 37.0264 15.6475 4.78791 174.738
44.4999 37.0387 15.6942 4.7971 174.691
44.5999 37.0509 15.741 4.80628 174.644
44.6999 37.0629 15.7878 4.81545 174.597
44.7999 37.0746 15.8348 4.82461 174.55
44.8999 37.0862 15.8818 4.83376 174.503
44.9999 37.0976 15.9289 4.8429 174.456
45.0999 37.1089 15.9761 4.85203 174.409
45.1999 37.1199 16.0234 4.86114 174.362
45.2999 37.1308 16.0707 4.87025 174.314
45.3999 37.1415 16.1181 4.87934 174.267
45.4999 37.152 16.1656 4.88843 174.22
45.5999 37.1623 16.2132 4.8975 174.172
45.6999 37.1725 16.2609 4.90656 174.124
45.7999 37.1825 16.3087 4.91561 174.076
45.8999 37.1923 16.3565 4.92465 174.029
45.9999 37.2019 16.4044 4.93368 173.981
46.0999 37.2114 16.4524 4.94269 173.933
46.1999 37.2207 16.5005 4.9517 173.885
46.2999 37.2298 16.5487 4.96069 173.837
46.3999 37.2387 16.5969 4.96967 173.788
46.4999 37.2475 16.6452 4.97865 173.74
46.5999 37.2561 16.6936 4.98761 173.692
46.6999 37.2645 16.7421 4.99656 173.643
46.7999 37.2727 16.7907 5.00549 173.595
46.8999 37.2808 16.8393 5.01442 173.546
46.9999 37.2888 16.888 5.02333 173.497
47.0999 37.2965 16.9368 5.03224 173.448
47.1999 37.3041 16.9857 5.04113 173.399
47.2999 37.3115 17.0347 5.05001 173.351
47.3998 37.3188 17.0837 5.05888 173.301
47.4998 37.3259 17.1328 5.06774 173.252
47.5998 37.3328 17.182 5.07658 173.203
47.6998 37.3395 17.2313 5.08541 173.154
47.7998 37.3461 17.2806 5.09424 173.105
47.8998 37.3526 17.3301 5.10305 173.055
47.9998 37.3589 17.3796 5.11185 173.006
48.0998 37.365 17.4291 5.12063 172.956
48.1998 37.3709 17.4788 5.12941 172.906
48.2998 37.3767 17.5285 5.13817 172.857
48.3998 37.3824 17.5784 5.14693 172.807
48.4998 37.3879 17.6283 5.15567 172.757
48.5998 37.3932 17.6782 5.1644 172.707
48.6998 37.3984 17.7283 5.17311 172.657
48.7998 37.4034 17.7784 5.18182 172.607
48.8998 37.4082 17.8286 5.19051 172.557
48.9998 37.4129 17.8789 5.19919 172.506
49.0998 37.4175 17.9292 5.20786 172.456
49.1998 37.4219 17.9797 5.21652 172.406
49.2998 37.4261 18.0302 5.22516 172.355
49.3998 37.4302 18.0808 5.2338 172.304
49.4998 37.4342 18.1314 5.24242 172.254
49.5998 37.4379 18.1821 5.25103 172.203
49.6998 37.4416 18.233 5.25962 172.152
49.7998 37.4451 18.2838 5.26821 172.101
49.8998 37.4484 18.3348 5.27678 172.05
49.9998 37.4516 18.3858 5.28534 171.999
50.0998 37.4547 18.4369 5.29389 171.948
50.1998 37.4576 18.4881 5.30243 171.897
50.2998 37.4603 18.5394 5.31095 171.846
50.3998 37.4629 18.5907 5.31946 171.794
50.4998 37.4654 18.6421 5.32796 171.743
50.5998 37.4677 18.6936 5.33645 171.692
50.6998 37.4699 18.7452 5.34492 171.64
50.7998 37.4719 18.7968 5.35339 171.588
50.8998 37.4738 18.8485 5.36184 171.537
50.9998 37.4755 18.9003 5.37027 171.485
51.0998 37.4771 18.9521 5.3787 171.433
51.1998 37.4786 19.004 5.38711 171.381
51.2998 37.4799 19.056 5.39551 171.329
51.3998 37.4811 19.1081 5.4039 171.277
51.4998 37.4821 19.1602 5.41227 171.225
51.5998 37.483 19.2125 5.42064 171.173
51.6998 37.4838 19.2647 5.42898 171.12
51.7998 37.4844 19.3171 5.43732 171.068
51.8998 37.4849 19.3695 5.44565 171.016
51.9998 37.4852 19.422 5.45396 170.963
52.0998 37.4855 19.4746 5.46226 170.911
52.1998 37.4855 19.5272 5.47054 170.858
52.2998 37.4855 19.58 5.47882 170.805
52.3998 37.4853 19.6327 5.48708 170.752
52.4998 37.485 19.6856 5.49533 170.7
52.5998 37.4845 19.7385 5.50356 170.647
52.6998 37.4839 19.7915 5.51178 170.594
52.7998 37.4832 19.8446 5.51999 170.541
52.8998 37.4823 19.8977 5.52819 170.487
52.9998 37.4814 19.9509 5.53637 170.434
53.0998 37.4802 20.0042 5.54455 170.381
53.1998 37.479 20.0576 5.5527 170.328
53.2998 37.4776 20.111 5.56085 170.274
53.3998 37.4761 20.1645 5.56898 170.221
53.4998 37.4745 20.218 5.5771 170.167
53.5998 37.4727 20.2717 5.5852 170.113
53.6998 37.4708 20.3254 5.5933 170.06
53.7998 37.4688 20.3791 5.60138 170.006
53.8997 37.4667 20.433 5.60944 169.952
53.9997 37.4644 20.4869 5.6175 169.898
54.0997 37.462 20.5408 5.62554 169.844
54.1997 37.4595 20.5949 5.63356 169.79
54.2997 37.4568 20.649 5.64158 169.736
54.3997 37.4541 20.7032 5.64958 169.682
54.4997 37.4512 20.7574 5.65756 169.628
54.5997 37.4482 20.8117 5.66554 169.573
54.6997 37.445 20.8661 5.6735 169.519
54.7997 37.4418 20.9205 5.68144 169.465
54.8997 37.4384 20.9751 5.68938 169.41
54.9997 37.4349 21.0296 5.6973 169.356
55.0997 37.4313 21.0843 5.7052 169.301
55.1997 37.4275 21.139 5.7131 169.246
55.2997 37.4237 21.1938 5.72098 169.191
55.3997 37.4197 21.2486 5.72884 169.137
55.4997 37.4156 21.3035 5.73669 169.082
55.5997 37.4114 21.3585 5.74453 169.027
55.6997 37.407 21.4135 5.75236 168.972
55.7997 37.4026 21.4687 5.76017 168.917
55.8997 37.398 21.5238 5.76797 168.861
55.9997 37.3933 21.5791 5.77575 168.806
56.0997 37.3885 21.6344 5.78352 168.751
56.1997 37.3836 21.6897 5.79128 168.695
56.2997 37.3785 21.7452 5.79902 168.64
56.3997 37.3734 21.8007 5.80675 168.584
56.4997 37.3681 21.8562 5.81447 168.529
56.5997 37.3628 21.9119 5.82217 168.473
56.6997 37.3573 21.9676 5.82986 168.418
56.7997 37.3517 22.0233 5.83753 168.362
56.8997 37.346 22.0791 5.84519 168.306
56.9997 37.3401 22.135 5.85284 168.25
57.0997 37.3342 22.191 5.86047 168.194
57.1997 37.3281 22.247 5.86809 168.138
57.2997 37.322 22.303 5.87569 168.082
57.3997 37.3157 22.3592 5.88328 168.026
57.4997 37.3093 22.4154 5.89086 167.97
57.5997 37.3029 22.4716 5.89842 167.914
57.6997 37.2963 22.528 5.90597 167.857
57.7997 37.2896 22.5843 5.9135 167.801
57.8997 37.2827 22.6408 5.92102 167.744
57.9997 37.2758 22.6973 5.92853 167.688
58.0997 37.2688 22.7539 5.93602 167.631
58.1997 37.2617 22.8105 5.94349 167.575
58.2997 37.2544 22.8672 5.95096 167.518
58.3997 37.2471 22.9239 5.9584 167.461
58.4997 37.2396 22.9808 5.96584 167.404
58.5997 37.2321 23.0376 5.97326 167.348
58.6997 37.2244 23.0946 5.98066 167.291
58.7997 37.2166 23.1516 5.98805 167.234
58.8997 37.2088 23.2086 5.99543 167.177
58.9997 37.2008 23.2657 6.00279 167.119
59.0997 37.1927 23.3229 6.01014 167.062
59.1997 37.1845 23.3802 6.01747 167.005
59.2997 37.1763 23.4374 6.02479 166.948
59.3997 37.1679 23.4948 6.0321 166.89
59.4997 37.1594 23.5522 6.03939 166.833
59.5997 37.1508 23.6097 6.04666 166.775
59.6997 37.1421 23.6672 6.05392 166.718
59.7997 37.1333 23.7248 6.06117 166.66
59.8997 37.1245 23.7825 6.0684 166.603
59.9997 37.1155 23.8402 6.07562 166.545
60.0997 37.1064 23.8979 6.08282 166.487
60.1997 37.0972 23.9558 6.09 166.429
60.2997 37.0879 24.0137 6.09718 166.372
60.3997 37.0785 24.0716 6.10433 166.314
60.4996 37.0691 24.1296 6.11148 166.256
60.5996 37.0595 24.1876 6.1186 166.198
60.6996 37.0498 24.2458 6.12572 166.139
60.7996 37.04 24.3039 6.13281 166.081
60.8996 37.0302 24.3622 6.1399 166.023
60.9996 37.0202 24.4204 6.14697 165.965
61.0996 37.0102 24.4788 6.15402 165.906
61.1996 37 24.5372 6.16106 165.848
61.2996 36.9898 24.5956 6.16808 165.79
61.3996 36.9794 24.6541 6.17509 165.731
61.4996 36.969 24.7127 6.18208 165.672
61.5996 36.9585 24.7713 6.18906 165.614
61.6996 36.9479 24.83 6.19602 165.555
61.7996 36.9371 24.8887 6.20297 165.496
61.8996 36.9263 24.9475 6.2099 165.438
61.9996 36.9154 25.0063 6.21682 165.379
62.0996 36.9045 25.0652 6.22372 165.32
62.1996 36.8934 25.1242 6.23061 165.261
62.2996 36.8822 25.1832 6.23748 165.202
62.3996 36.8709 25.2422 6.24434 165.143
62.4996 36.8596 25.3013 6.25118 165.084
62.5996 36.8481 25.3605 6.258 165.025
62.6996 36.8366 25.4197 6.26481 164.965
62.7996 36.825 25.479 6.27161 164.906
62.8996 36.8133 25.5383 6.27839 164.847
62.9996 36.8015 25.5977 6.28515 164.787
63.0996 36.7896 25.6571 6.2919 164.728
63.1996 36.7776 25.7166 6.29864 164.669
63.2996 36.7656 25.7761 6.30535 164.609
63.3996 36.7534 25.8357 6.31206 164.549
63.4996 36.7412 25.8954 6.31874 164.49
63.5996 36.7288 25.9551 6.32541 164.43
63.6996 36.7164 26.0148 6.33207 164.37
63.7996 36.7039 26.0746 6.33871 164.311
63.8996 36.6914 26.1344 6.34533 164.251
63.9996 36.6787 26.1943 6.35194 164.191
64.0996 36.6659 26.2543 6.35853 164.131
64.1996 36.6531 26.3143 6.36511 164.071
64.2996 36.6402 26.3743 6.37167 164.011
64.3996 36.6272 26.4344 6.37822 163.951
64.4996 36.6141 26.4946 6.38475 163.891
64.5996 36.6009 26.5548 6.39126 163.83
64.6996 36.5876 26.615 6.39776 163.77
64.7996 36.5743 26.6753 6.40424 163.71
64.8996 36.5609 26.7357 6.41071 163.649
64.9996 36.5474 26.7961 6.41716 163.589
65.0996 36.5338 26.8565 6.42359 163.529
65.1996 36.5201 26.917 6.43001 163.468
65.2996 36.5064 26.9776 6.43641 163.408
65.3996 36.4925 27.0382 6.4428 163.347
65.4996 36.4786 27.0988 6.44917 163.286
65.5996 36.4646 27.1595 6.45552 163.226
65.6996 36.4506 27.2202 6.46186 163.165
65.7996 36.4364 27.281 6.46818 163.104
65.8996 36.4222 27.3419 6.47449 163.043
65.9996 36.4079 27.4027 6.48078 162.982
66.0996 36.3935 27.4637 6.48705 162.921
66.1996 36.379 27.5246 6.49331 162.861
66.2996 36.3645 27.5857 6.49955 162.799
66.3996 36.3498 27.6467 6.50577 162.738
66.4996 36.3351 27.7079 6.51198 162.677
66.5996 36.3204 27.769 6.51817 162.616
66.6996 36.3055 27.8302 6.52435 162.555
66.7996 36.2906 27.8915 6.5305 162.494
66.8996 36.2756 27.9528 6.53665 162.432
66.9995 36.2605 28.0141 6.54277 162.371
67.0995 36.2453 28.0755 6.54888 162.31
67.1995 36.2301 28.137 6.55498 162.248
67.2995 36.2147 28.1984 6.56105 162.187
67.3995 36.1994 28.26 6.56711 162.125
67.4995 36.1839 28.3215 6.57316 162.064
67.5995 36.1683 28.3832 6.57918 162.002
67.6995 36.1527 28.4448 6.58519 161.94
67.7995 36.137 28.5065 6.59119 161.879
67.8995 36.1213 28.5683 6.59717 161.817
67.9995 36.1054 28.6301 6.60313 161.755
68.0995 36.0895 28.6919 6.60907 161.693
68.1995 36.0735 28.7538 6.615 161.631
68.2995 36.0575 28.8157 6.62091 161.569
68.3995 36.0414 28.8777 6.6268 161.507
68.4995 36.0252 28.9397 6.63268 161.445
68.5995 36.0089 29.0017 6.63854 161.383
68.6995 35.9925 29.0638 6.64438 161.321
68.7995 35.9761 29.126 6.65021 161.259
68.8995 35.9596 29.1882 6.65602 161.197
68.9995 35.9431 29.2504 6.66181 161.135
69.0995 35.9264 29.3126 6.66758 161.073
69.1995 35.9097 29.3749 6.67334 161.01
69.2995 35.893 29.4373 6.67908 160.948
69.3995 35.8761 29.4997 6.68481 160.885
69.4995 35.8592 29.5621 6.69052 160.823
69.5995 35.8422 29.6246 6.69621 160.761
69.6995 35.8252 29.6871 6.70188 160.698
69.7995 35.8081 29.7496 6.70753 160.636
69.8995 35.7909 29.8122 6.71317 160.573
69.9995 35.7736 29.8748 6.7188 160.51
70.0995 35.7563 29.9375 6.7244 160.448
70.1995 35.7389 30.0002 6.72999 160.385
70.2995 35.7215 30.063 6.73556 160.322
70.3995 35.7039 30.1258 6.74111 160.259
70.4995 35.6863 30.1886 6.74665 160.197
70.5995 35.6687 30.2515 6.75216 160.134
70.6995 35.6509 30.3144 6.75766 160.071
70.7995 35.6331 30.3773 6.76315 160.008
70.8995 35.6153 30.4403 6.76861 159.945
70.9995 35.5974 30.5033 6.77406 159.882
71.0995 35.5794 30.5664 6.77949 159.819
71.1995 35.5613 30.6294 6.78491 159.756
71.2995 35.5432 30.6926 6.7903 159.693
71.3995 35.525 30.7557 6.79568 159.629
71.4995 35.5067 30.819 6.80104 159.566
71.5995 35.4884 30.8822 6.80639 159.503
71.6995 35.47 30.9455 6.81171 159.44
71.7995 35.4516 31.0088 6.81702 159.376
71.8995 35.4331 31.0721 6.82231 159.313
71.9995 35.4145 31.1355 6.82759 159.25
72.0995 35.3959 31.199 6.83284 159.186
72.1995 35.3772 31.2624 6.83808 159.123
72.2995 35.3584 31.3259 6.8433 159.059
72.3995 35.3396 31.3894 6.8485 158.996
72.4995 35.3207 31.453 6.85369 158.932
72.5995 35.3017 31.5166 6.85885 158.869
72.6995 35.2827 31.5803 6.864 158.805
72.7995 35.2636 31.6439 6.86913 158.741
72.8995 35.2445 31.7076 6.87425 158.678
72.9995 35.2253 31.7714 6.87934 158.614
73.0995 35.206 31.8351 6.88442 158.55
73.1995 35.1867 31.8989 6.88948 158.486
73.2995 35.1673 31.9628 6.89452 158.422
73.3995 35.1479 32.0267 6.89954 158.359
73.4995 35.1283 32.0906 6.90455 158.295
73.5994 35.1088 32.1545 6.90954 158.231
73.6994 35.0892 32.2185 6.91451 158.167
73.7994 35.0695 32.2825 6.91946 158.103
73.8994 35.0497 32.3465 6.92439 158.039
73.9994 35.0299 32.4106 6.9293 157.975
74.0994 35.0101 32.4747 6.9342 157.91
74.1994 34.9901 32.5388 6.93908 157.846
74.2994 34.9701 32.603 6.94394 157.782
74.3994 34.9501 32.6672 6.94878 157.718
74.4994 34.93 32.7314 6.95361 157.654
74.5994 34.9098 32.7957 6.95841 157.589
74.6994 34.8896 32.86 6.9632 157.525
74.7994 34.8694 32.9243 6.96797 157.461
74.8994 34.849 32.9887 6.97272 157.397
74.9994 34.8286 33.053 6.97745 157.332
75.0994 34.8082 33.1175 6.98217 157.268
75.1994 34.7877 33.1819 6.98686 157.203
75.2994 34.7671 33.2464 6.99154 157.139
75.3994 34.7465 33.3109 6.9962 157.074
75.4994 34.7258 33.3754 7.00084 157.01
75.5994 34.7051 33.44 7.00546 156.945
75.6994 34.6843 33.5046 7.01006 156.881
75.7994 34.6635 33.5692 7.01465 156.816
75.8994 34.6426 33.6338 7.01921 156.751
75.9994 34.6216 33.6985 7.02376 156.687
76.0994 34.6006 33.7632 7.02829 156.622
76.1994 34.5796 33.8279 7.0328 156.557
76.2994 34.5584 33.8927 7.03729 156.492
76.3994 34.5373 33.9575 7.04176 156.428
76.4994 34.516 34.0223 7.04621 156.363
76.5994 34.4948 34.0871 7.05065 156.298
76.6994 34.4734 34.152 7.05507 156.233
76.7994 34.452 34.2169 7.05946 156.168
76.8994 34.4306 34.2818 7.06384 156.103
76.9994 34.4091 34.3468 7.0682 156.038
77.0994 34.3875 34.4117 7.07254 155.973
77.1994 34.3659 34.4767 7.07686 155.908
77.2994 34.3443 34.5418 7.08117 155.843
77.3994 34.3226 34.6068 7.08545 155.778
77.4994 34.3008 34.6719 7.08972 155.713
77.5994 34.279 34.737 7.09396 155.648
77.6994 34.2571 34.8021 7.09819 155.583
77.7994 34.2352 34.8673 7.1024 155.518
77.8994 34.2132 34.9325 7.10659 155.453
77.9994 34.1912 34.9977 7.11076 155.388
78.0994 34.1691 35.0629 7.11491 155.322
78.1994 34.147 35.1281 7.11904 155.257
78.2994 34.1248 35.1934 7.12315 155.192
78.3994 34.1026 35.2587 7.12724 155.126
78.4994 34.0803 35.324 7.13132 155.061
78.5994 34.058 35.3894 7.13537 154.996
78.6994 34.0356 35.4547 7.13941 154.93
78.7994 34.0132 35.5201 7.14343 154.865
78.8994 33.9907 35.5855 7.14742 154.8
78.9994 33.9682 35.651 7.1514 154.734
79.0994 33.9456 35.7164 7.15536 154.669
79.1994 33.9229 35.7819 7.1593 154.603
79.2994 33.9003 35.8474 7.16322 154.538
79.3994 33.8775 35.9129 7.16712 154.472
79.4994 33.8548 35.9785 7.171 154.407
79.5994 33.8319 36.044 7.17486 154.341
79.6994 33.809 36.1096 7.1787 154.276
79.7994 33.7861 36.1752 7.18253 154.21
79.8994 33.7631 36.2408 7.18633 154.144
79.9994 33.7401 36.3065 7.19011 154.079
80.0993 33.7171 36.3722 7.19388 154.013
80.1993 33.6939 36.4378 7.19762 153.947
80.2993 33.6708 36.5035 7.20134 153.882
80.3993 33.6475 36.5693 7.20505 153.816
80.4993 33.6243 36.635 7.20874 153.75
80.5993 33.601 36.7008 7.2124 153.684
80.6993 33.5776 36.7666 7.21605 153.619
80.7993 33.5542 36.8324 7.21967 153.553
80.8993 33.5308 36.8982 7.22328 153.487
80.9993 33.5073 36.964 7.22687 153.421
81.0993 33.4837 37.0299 7.23043 153.355
81.1993 33.4601 37.0958 7.23398 153.289
81.2993 33.4365 37.1617 7.23751 153.224
81.3993 33.4128 37.2276 7.24101 153.158
81.4993 33.3891 37.2935 7.2445 153.092
81.5993 33.3653 37.3595 7.24797 153.026
81.6993 33.3415 37.4254 7.25142 152.96
81.7993 33.3176 37.4914 7.25485 152.894
81.8993 33.2937 37.5574 7.25825 152.828
81.9993 33.2697 37.6234 7.26164 152.762
82.0993 33.2457 37.6894 7.26501 152.696
82.1993 33.2217 37.7555 7.26836 152.63
82.2993 33.1976 37.8215 7.27168 152.564
82.3993 33.1734 37.8876 7.27499 152.498
82.4993 33.1493 37.9537 7.27828 152.431
82.5993 33.125 38.0198 7.28155 152.365
82.6993 33.1008 38.0859 7.28479 152.299
82.7993 33.0764 38.1521 7.28802 152.233
82.8993 33.0521 38.2182 7.29123 152.167
82.9993 33.0277 38.2844 7.29441 152.101
83.0993 33.0032 38.3506 7.29758 152.035
83.1993 32.9787 38.4168 7.30073 151.968
83.2993 32.9542 38.483 7.30385 151.902
83.3993 32.9296 38.5492 7.30696 151.836
83.4993 32.905 38.6154 7.31004 151.77
83.5993 32.8803 38.6817 7.31311 151.703
83.6993 32.8556 38.7479 7.31615 151.637
83.7993 32.8309 38.8142 7.31918 151.571
83.8993 32.8061 38.8805 7.32218 151.505
83.9993 32.7813 38.9468 7.32516 151.438
84.0993 32.7564 39.0131 7.32813 151.372
84.1993 32.7315 39.0794 7.33107 151.306
84.2993 32.7065 39.1458 7.33399 151.239
84.3993 32.6815 39.2121 7.33689 151.173
84.4993 32.6565 39.2785 7.33977 151.107
84.5993 32.6314 39.3448 7.34263 151.04
84.6993 32.6063 39.4112 7.34547 150.974
84.7993 32.5811 39.4776 7.34829 150.908
84.8993 32.5559 39.544 7.35109 150.841
84.9993 32.5306 39.6104 7.35387 150.775
85.0993 32.5053 39.6768 7.35662 150.708
85.1993 32.48 39.7433 7.35936 150.642
85.2993 32.4546 39.8097 7.36207 150.575
85.3993 32.4292 39.8762 7.36477 150.509
85.4993 32.4038 39.9426 7.36744 150.443
85.5993 32.3783 40.0091 7.3701 150.376
85.6993 32.3527 40.0756 7.37273 150.31
85.7993 32.3272 40.1421 7.37534 150.243
85.8993 32.3015 40.2085 7.37793 150.177
85.9993 32.2759 40.2751 7.3805 150.11
86.0993 32.2502 40.3416 7.38305 150.044
86.1993 32.2245 40.4081 7.38558 149.977
86.2993 32.1987 40.4746 7.38808 149.911
86.3993 32.1729 40.5411 7.39057 149.844
86.4993 32.147 40.6077 7.39304 149.777
86.5993 32.1211 40.6742 7.39548 149.711
86.6992 32.0952 40.7408 7.3979 149.644
86.7992 32.0692 40.8074 7.40031 149.578
86.8992 32.0432 40.8739 7.40269 149.511
86.9992 32.0172 40.9405 7.40505 149.445
87.0992 31.9911 41.0071 7.40739 149.378
87.1992 31.965 41.0737 7.4097 149.311
87.2992 31.9388 41.1403 7.412 149.245
87.3992 31.9126 41.2069 7.41428 149.178
87.4992 31.8864 41.2735 7.41653 149.112
87.5992 31.8601 41.3401 7.41876 149.045
87.6992 31.8338 41.4067 7.42098 148.978
87.7992 31.8075 41.4733 7.42317 148.912
87.8992 31.7811 41.5399 7.42534 148.845
87.9992 31.7547 41.6066 7.42748 148.779
88.0992 31.7282 41.6732 7.42961 148.712
88.1992 31.7017 41.7398 7.43172 148.645
88.2992 31.6752 41.8065 7.4338 148.579
88.3992 31.6486 41.8731 7.43586 148.512
88.4992 31.622 41.9398 7.4379 148.445
88.5992 31.5953 42.0064 7.43992 148.379
88.6992 31.5687 42.0731 7.44192 148.312
88.7992 31.5419 42.1397 7.4439 148.245
88.8992 31.5152 42.2064 7.44586 148.179
88.9992 31.4884 42.273 7.44779 148.112
89.0992 31.4616 42.3397 7.4497 148.045
89.1992 31.4347 42.4063 7.45159 147.979
89.2992 31.4078 42.473 7.45346 147.912
89.3992 31.3809 42.5397 7.45531 147.845
89.4992 31.3539 42.6063 7.45714 147.779
89.5992 31.3269 42.673 7.45894 147.712
89.6992 31.2999 42.7397 7.46072 147.645
89.7992 31.2728 42.8063 7.46249 147.579
89.8992 31.2457 42.873 7.46423 147.512
89.9992 31.2185 42.9397 7.46594 147.445
90.0992 31.1914 43.0064 7.46764 147.379
90.1992 31.1642 43.073 7.46932 147.312
90.2992 31.1369 43.1397 7.47097 147.245
90.3992 31.1096 43.2064 7.4726 147.179
90.4992 31.0823 43.273 7.47421 147.112
90.5992 31.055 43.3397 7.4758 147.045
90.6992 31.0276 43.4064 7.47736 146.979
90.7992 31.0002 43.473 7.47891 146.912
90.8992 30.9727 43.5397 7.48043 146.845
90.9992 30.9452 43.6064 7.48193 146.779
91.0992 30.9177 43.673 7.48341 146.712
91.1992 30.8901 43.7397 7.48486 146.645
91.2992 30.8625 43.8063 7.4863 146.579
91.3992 30.8349 43.873 7.48771 146.512
91.4992 30.8073 43.9396 7.4891 146.446
91.5992 30.7796 44.0063 7.49047 146.379
91.6992 30.7519 44.0729 7.49181 146.312
91.7992 30.7241 44.1395 7.49314 146.246
91.8992 30.6963 44.2062 7.49444 146.179
91.9992 30.6685 44.2728 7.49572 146.112
92.0992 30.6406 44.3394 7.49698 146.046
92.1992 30.6128 44.4061 7.49822 145.979
92.2992 30.5848 44.4727 7.49943 145.912
92.3992 30.5569 44.5393 7.50062 145.846
92.4992 30.5289 44.6059 7.50179 145.779
92.5992 30.5009 44.6725 7.50294 145.713
92.6992 30.4728 44.7391 7.50406 145.646
92.7992 30.4448 44.8057 7.50517 145.579
92.8992 30.4166 44.8723 7.50625 145.513
92.9992 30.3885 44.9389 7.50731 145.446
93.0992 30.3603 45.0054 7.50834 145.38
93.1992 30.3321 45.072 7.50936 145.313
93.2991 30.3039 45.1386 7.51035 145.247
93.3991 30.2756 45.2051 7.51132 145.18
93.4991 30.2473 45.2717 7.51226 145.113
93.5991 30.219 45.3382 7.51319 145.047
93.6991 30.1906 45.4048 7.51409 144.98
93.7991 30.1622 45.4713 7.51497 144.914
93.8991 30.1338 45.5378 7.51583 144.847
93.9991 30.1053 45.6043 7.51666 144.781
94.0991 30.0768 45.6708 7.51747 144.714
94.1991 30.0483 45.7373 7.51826 144.648
94.2991 30.0198 45.8038 7.51903 144.581
94.3991 29.9912 45.8703 7.51978 144.515
94.4991 29.9626 45.9368 7.5205 144.448
94.5991 29.9339 46.0032 7.5212 144.382
94.6991 29.9053 46.0697 7.52187 144.316
94.7991 29.8766 46.1361 7.52253 144.249
94.8991 29.8478 46.2025 7.52316 144.183
94.9991 29.8191 46.269 7.52377 144.116
95.0991 29.7903 46.3354 7.52436 144.05
95.1991 29.7615 46.4018 7.52492 143.983
95.2991 29.7326 46.4682 7.52546 143.917
95.3991 29.7038 46.5345 7.52598 143.851
95.4991 29.6748 46.6009 7.52648 143.784
95.5991 29.6459 46.6673 7.52695 143.718
95.6991 29.6169 46.7336 7.5274 143.652
95.7991 29.5879 46.7999 7.52783 143.585
95.8991 29.5589 46.8663 7.52823 143.519
95.9991 29.5299 46.9326 7.52862 143.453
96.0991 29.5008 46.9989 7.52897 143.386
96.1991 29.4717 47.0652 7.52931 143.32
96.2991 29.4425 47.1314 7.52963 143.254
96.3991 29.4134 47.1977 7.52992 143.187
96.4991 29.3842 47.264 7.53018 143.121
96.5991 29.3549 47.3302 7.53043 143.055
96.6991 29.3257 47.3964 7.53065 142.989
96.7991 29.2964 47.4626 7.53085 142.923
96.8991 29.2671 47.5288 7.53103 142.856
96.9991 29.2377 47.595 7.53118 142.79
97.0991 29.2084 47.6612 7.53131 142.724
97.1991 29.179 47.7273 7.53142 142.658
97.2991 29.1496 47.7934 7.5315 142.592
97.3991 29.1201 47.8596 7.53156 142.526
97.4991 29.0906 47.9257 7.5316 142.459
97.5991 29.0611 47.9918 7.53162 142.393
97.6991 29.0316 48.0578 7.53161 142.327
97.7991 29.002 48.1239 7.53158 142.261
97.8991 28.9724 48.19 7.53152 142.195
97.9991 28.9428 48.256 7.53144 142.129
98.0991 28.9132 48.322 7.53134 142.063
98.1991 28.8835 48.388 7.53122 141.997
98.2991 28.8538 48.454 7.53107 141.931
98.3991 28.8241 48.5199 7.5309 141.865
98.4991 28.7943 48.5859 7.53071 141.799
98.5991 28.7645 48.6518 7.53049 141.733
98.6991 28.7347 48.7177 7.53025 141.667
98.7991 28.7049 48.7836 7.52999 141.602
98.8991 28.675 48.8495 7.5297 141.536
98.9991 28.6452 48.9154 7.5294 141.47
99.0991 28.6152 48.9812 7.52906 141.404
99.1991 28.5853 49.047 7.52871 141.338
99.2991 28.5553 49.1128 7.52833 141.272
99.3991 28.5254 49.1786 7.52792 141.207
99.4991 28.4953 49.2444 7.5275 141.141
99.5991 28.4653 49.3101 7.52705 141.075
99.6991 28.4352 49.3758 7.52658 141.009
99.799 28.4051 49.4415 7.52608 140.944
99.899 28.375 49.5072 7.52556 140.878
99.999 28.3449 49.5729 7.52502 140.812
100.099 28.3147 49.6385 7.52445 140.747
100.199 28.2845 49.7042 7.52386 140.681
100.299 28.2543 49.7698 7.52325 140.615
100.399 28.224 49.8354 7.52261 140.55
100.499 28.1938 49.9009 7.52195 140.484
100.599 28.1635 49.9665 7.52126 140.419
100.699 28.1331 50.032 7.52056 140.353
100.799 28.1028 50.0975 7.51982 140.288
100.899 28.0724 50.163 7.51907 140.222
100.999 28.042 50.2284 7.51829 140.157
101.099 28.0116 50.2939 7.51749 140.091
101.199 27.9811 50.3593 7.51666 140.026
101.299 27.9507 50.4247 7.51581 139.961
101.399 27.9202 50.49 7.51494 139.895
101.499 27.8897 50.5554 7.51404 139.83
101.599 27.8591 50.6207 7.51312 139.764
101.699 27.8285 50.686 7.51218 139.699
101.799 27.7979 50.7513 7.51121 139.634
101.899 27.7673 50.8165 7.51022 139.569
101.999 27.7367 50.8817 7.50921 139.503
102.099 27.706 50.9469 7.50817 139.438
102.199 27.6753 51.0121 7.50711 139.373
102.299 27.6446 51.0773 7.50602 139.308
102.399 27.6139 51.1424 7.50491 139.243
102.499 27.5831 51.2075 7.50378 139.178
102.599 27.5523 51.2726 7.50262 139.113
102.699 27.5215 51.3376 7.50144 139.048
102.799 27.4907 51.4027 7.50023 138.983
102.899 27.4598 51.4677 7.499 138.918
102.999 27.4289 51.5326 7.49775 138.853
103.099 27.398 51.5976 7.49647 138.788
103.199 27.3671 51.6625 7.49517 138.723
103.299 27.3361 51.7274 7.49385 138.658
103.399 27.3052 51.7923 7.4925 138.593
103.499 27.2742 51.8571 7.49113 138.528
103.599 27.2431 51.9219 7.48973 138.463
103.699 27.2121 51.9867 7.48831 138.398
103.799 27.181 52.0515 7.48686 138.334
103.899 27.1499 52.1162 7.4854 138.269
103.999 27.1188 52.1809 7.4839 138.204
104.099 27.0877 52.2456 7.48239 138.14
104.199 27.0565 52.3102 7.48085 138.075
104.299 27.0254 52.3748 7.47928 138.01
104.399 26.9942 52.4394 7.4777 137.946
104.499 26.9629 52.504 7.47608 137.881
104.599 26.9317 52.5685 7.47445 137.817
104.699 26.9004 52.633 7.47279 137.752
104.799 26.8691 52.6975 7.4711 137.688
104.899 26.8378 52.762 7.46939 137.623
104.999 26.8065 52.8264 7.46766 137.559
105.099 26.7751 52.8907 7.4659 137.494
105.199 26.7437 52.9551 7.46412 137.43
105.299 26.7123 53.0194 7.46232 137.366
105.399 26.6809 53.0837 7.46049 137.301
105.499 26.6494 53.148 7.45863 137.237
105.599 26.618 53.2122 7.45676 137.173
105.699 26.5865 53.2764 7.45486 137.109
105.799 26.555 53.3406 7.45293 137.045
105.899 26.5234 53.4047 7.45098 136.98
105.999 26.4919 53.4688 7.44901 136.916
106.099 26.4603 53.5329 7.44701 136.852
106.199 26.4287 53.5969 7.44498 136.788
106.299 26.3971 53.6609 7.44294 136.724
106.399 26.3655 53.7249 7.44087 136.66
106.499 26.3338 53.7888 7.43877 136.596
106.599 26.3021 53.8528 7.43665 136.532
106.699 26.2704 53.9166 7.43451 136.469
106.799 26.2387 53.9805 7.43234 136.405
106.899 26.2069 54.0443 7.43015 136.341
106.999 26.1752 54.1081 7.42793 136.277
107.099 26.1434 54.1718 7.42569 136.213
107.199 26.1116 54.2355 7.42342 136.15
107.299 26.0797 54.2992 7.42113 136.086
107.399 26.0479 54.3628 7.41882 136.022
107.499 26.016 54.4264 7.41648 135.959
107.599 25.9841 54.49 7.41412 135.895
107.699 25.9522 54.5535 7.41173 135.832
107.799 25.9203 54.617 7.40932 135.768
107.899 25.8883 54.6805 7.40688 135.705
107.999 25.8564 54.7439 7.40442 135.641
108.099 25.8244 54.8073 7.40193 135.578
108.199 25.7924 54.8706 7.39943 135.515
108.299 25.7603 54.934 7.39689 135.451
108.399 25.7283 54.9972 7.39433 135.388
108.499 25.6962 55.0605 7.39175 135.325
108.599 25.6641 55.1237 7.38914 135.261
108.699 25.632 55.1869 7.38651 135.198
108.799 25.5999 55.25 7.38385 135.135
108.899 25.5677 55.3131 7.38117 135.072
108.999 25.5356 55.3761 7.37847 135.009
109.099 25.5034 55.4392 7.37574 134.946
109.199 25.4712 55.5021 7.37299 134.883
109.299 25.4389 55.5651 7.37021 134.82
109.399 25.4067 55.628 7.3674 134.757
109.499 25.3744 55.6908 7.36458 134.694
109.599 25.3421 55.7537 7.36172 134.631
109.699 25.3098 55.8165 7.35885 134.569
109.799 25.2775 55.8792 7.35594 134.506
109.899 25.2452 55.9419 7.35302 134.443
109.999 25.2128 56.0046 7.35007 134.381
110.099 25.1804 56.0672 7.34709 134.318
110.199 25.148 56.1298 7.34409 134.255
110.299 25.1156 56.1924 7.34107 134.193
110.399 25.0831 56.2549 7.33802 134.13
110.499 25.0507 56.3173 7.33495 134.068
110.599 25.0182 56.3798 7.33185 134.005
110.699 24.9857 56.4422 7.32872 133.943
110.799 24.9532 56.5045 7.32558 133.881
110.899 24.9207 56.5668 7.32241 133.818
110.999 24.8881 56.6291 7.31921 133.756
111.099 24.8555 56.6913 7.31599 133.694
111.199 24.8229 56.7535 7.31274 133.632
111.299 24.7903 56.8156 7.30947 133.57
111.399 24.7577 56.8777 7.30617 133.507
111.499 24.7251 56.9398 7.30285 133.445
111.599 24.6924 57.0018 7.29951 133.383
111.699 24.6597 57.0637 7.29614 133.321
111.799 24.627 57.1257 7.29275 133.26
111.899 24.5943 57.1875 7.28933 133.198
111.999 24.5616 57.2494 7.28588 133.136
112.099 24.5288 57.3112 7.28242 133.074
112.199 24.4961 57.3729 7.27892 133.012
112.299 24.4633 57.4346 7.2754 132.951
112.399 24.4305 57.4963 7.27186 132.889
112.499 24.3976 57.5579 7.26829 132.827
112.599 24.3648 57.6195 7.2647 132.766
112.699 24.3319 57.681 7.26109 132.704
112.799 24.2991 57.7425 7.25744 132.643
112.899 24.2662 57.8039 7.25378 132.581
112.999 24.2333 57.8653 7.25009 132.52
113.099 24.2003 57.9267 7.24637 132.458
113.199 24.1674 57.988 7.24263 132.397
113.299 24.1344 58.0492 7.23887 132.336
113.399 24.1014 58.1104 7.23508 132.275
113.499 24.0684 58.1716 7.23126 132.214
113.599 24.0354 58.2327 7.22742 132.152
113.699 24.0024 58.2938 7.22356 132.091
113.799 23.9693 58.3548 7.21967 132.03
113.899 23.9363 58.4158 7.21575 131.969
113.999 23.9032 58.4767 7.21181 131.908
114.099 23.8701 58.5376 7.20785 131.848
114.199 23.837 58.5984 7.20386 131.787
114.299 23.8038 58.6592 7.19985 131.726
114.399 23.7707 58.72 7.19581 131.665
114.499 23.7375 58.7807 7.19175 131.605
114.599 23.7043 58.8413 7.18766 131.544
114.699 23.6711 58.9019 7.18355 131.483
114.799 23.6379 58.9624 7.17941 131.423
114.899 23.6047 59.0229 7.17525 131.362
114.999 23.5714 59.0834 7.17106 131.302
115.099 23.5382 59.1438 7.16685 131.241
115.199 23.5049 59.2041 7.16261 131.181
115.299 23.4716 59.2644 7.15835 131.121
115.399 23.4383 59.3247 7.15406 131.06
115.499 23.4049 59.3849 7.14975 131
115.599 23.3716 59.445 7.14542 130.94
115.699 23.3382 59.5051 7.14106 130.88
115.799 23.3048 59.5652 7.13667 130.82
115.899 23.2714 59.6252 7.13226 130.76
115.999 23.238 59.6851 7.12782 130.7
116.099 23.2046 59.745 7.12336 130.64
116.199 23.1712 59.8049 7.11888 130.58
116.299 23.1377 59.8647 7.11437 130.52
116.399 23.1042 59.9244 7.10983 130.461
116.499 23.0707 59.9841 7.10527 130.401
116.599 23.0372 60.0438 7.10069 130.341
116.699 23.0037 60.1033 7.09608 130.282
116.799 22.9702 60.1629 7.09144 130.222
116.899 22.9366 60.2224 7.08678 130.163
116.999 22.903 60.2818 7.0821 130.103
117.099 22.8694 60.3412 7.07739 130.044
117.199 22.8358 60.4005 7.07266 129.985
117.299 22.8022 60.4598 7.0679 129.925
117.399 22.7686 60.519 7.06311 129.866
117.499 22.7349 60.5782 7.05831 129.807
117.599 22.7013 60.6373 7.05347 129.748
117.699 22.6676 60.6963 7.04861 129.689
117.799 22.6339 60.7553 7.04373 129.63
117.899 22.6002 60.8143 7.03882 129.571
117.999 22.5665 60.8732 7.03389 129.512
118.099 22.5327 60.932 7.02893 129.453
118.199 22.499 60.9908 7.02395 129.394
118.299 22.4652 61.0495 7.01894 129.336
118.399 22.4314 61.1082 7.01391 129.277
118.499 22.3976 61.1668 7.00885 129.218
118.599 22.3638 61.2254 7.00377 129.16
118.699 22.33 61.2839 6.99866 129.101
118.799 22.2961 61.3423 6.99353 129.043
118.899 22.2623 61.4007 6.98837 128.984
118.999 22.2284 61.4591 6.98319 128.926
119.099 22.1945 61.5174 6.97798 128.868
119.199 22.1606 61.5756 6.97275 128.81
119.299 22.1267 61.6338 6.9675 128.751
119.399 22.0928 61.6919 6.96221 128.693
119.499 22.0588 61.7499 6.95691 128.635
119.599 22.0249 61.8079 6.95158 128.577
119.699 21.9909 61.8659 6.94622 128.519
119.799 21.9569 61.9237 6.94084 128.461
119.899 21.9229 61.9816 6.93544 128.404
119.999 21.8889 62.0393 6.93001 128.346
120.099 21.8549 62.097 6.92455 128.288
120.199 21.8208 62.1547 6.91907 128.23
120.299 21.7868 62.2123 6.91357 128.173
120.399 21.7527 62.2698 6.90804 128.115
120.499 21.7186 62.3273 6.90248 128.058
120.599 21.6845 62.3847 6.8969 128
120.699 21.6504 62.4421 6.8913 127.943
120.799 21.6163 62.4994 6.88567 127.886
120.899 21.5821 62.5566 6.88001 127.829
120.999 21.548 62.6138 6.87434 127.771
121.099 21.5138 62.6709 6.86863 127.714
121.199 21.4796 62.728 6.8629 127.657
121.299 21.4454 62.785 6.85715 127.6
121.399 21.4112 62.8419 6.85137 127.543
121.499 21.377 62.8988 6.84557 127.486
121.599 21.3427 62.9556 6.83974 127.43
121.699 21.3085 63.0123 6.83389 127.373
121.799 21.2742 63.069 6.82801 127.316
121.899 21.2399 63.1257 6.82211 127.259
121.999 21.2056 63.1822 6.81618 127.203
122.099 21.1713 63.2388 6.81023 127.146
122.199 21.137 63.2952 6.80426 127.09
122.299 21.1027 63.3516 6.79825 127.034
122.399 21.0683 63.4079 6.79223 126.977
122.499 21.034 63.4642 6.78618 126.921
122.599 20.9996 63.5204 6.7801 126.865
122.699 20.9652 63.5765 6.774 126.809
122.799 20.9308 63.6326 6.76788 126.753
122.899 20.8964 63.6886 6.76173 126.697
122.999 20.862 63.7445 6.75555 126.641
123.099 20.8275 63.8004 6.74936 126.585
123.199 20.7931 63.8562 6.74313 126.529
123.299 20.7586 63.912 6.73688 126.473
123.399 20.7241 63.9677 6.73061 126.417
123.499 20.6897 64.0233 6.72431 126.362
123.599 20.6551 64.0789 6.71799 126.306
123.699 20.6206 64.1344 6.71164 126.251
123.799 20.5861 64.1898 6.70527 126.195
123.899 20.5516 64.2452 6.69888 126.14
123.999 20.517 64.3005 6.69245 126.085
124.099 20.4824 64.3557 6.68601 126.029
124.199 20.4479 64.4109 6.67954 125.974
124.299 20.4133 64.466 6.67304 125.919
124.399 20.3787 64.5211 6.66652 125.864
124.499 20.3441 64.576 6.65998 125.809
124.599 20.3094 64.6309 6.65341 125.754
124.699 20.2748 64.6858 6.64682 125.699
124.799 20.2401 64.7406 6.6402 125.645
124.899 20.2055 64.7953 6.63356 125.59
124.999 20.1708 64.8499 6.62689 125.535
125.099 20.1361 64.9045 6.6202 125.481
125.199 20.1014 64.959 6.61348 125.426
125.299 20.0667 65.0135 6.60674 125.372
125.399 20.032 65.0679 6.59997 125.317
125.499 19.9972 65.1222 6.59318 125.263
125.599 19.9625 65.1764 6.58637 125.209
125.699 19.9277 65.2306 6.57953 125.155
125.799 19.8929 65.2847 6.57267 125.1
125.899 19.8581 65.3387 6.56578 125.046
125.999 19.8233 65.3927 6.55887 124.992
126.099 19.7885 65.4466 6.55193 124.939
126.199 19.7537 65.5004 6.54497 124.885
126.299 19.7189 65.5542 6.53798 124.831
126.399 19.684 65.6079 6.53097 124.777
126.499 19.6492 65.6615 6.52394 124.724
126.599 19.6143 65.7151 6.51688 124.67
126.699 19.5794 65.7686 6.50979 124.617
126.799 19.5445 65.822 6.50269 124.563
126.899 19.5096 65.8754 6.49555 124.51
126.999 19.4747 65.9286 6.4884 124.457
127.099 19.4398 65.9819 6.48121 124.403
127.199 19.4048 66.035 6.47401 124.35
127.299 19.3699 66.0881 6.46678 124.297
127.399 19.3349 66.1411 6.45952 124.244
127.499 19.2999 66.194 6.45225 124.191
127.599 19.265 66.2469 6.44494 124.138
127.699 19.23 66.2996 6.43762 124.086
127.799 19.195 66.3524 6.43026 124.033
127.899 19.1599 66.405 6.42289 123.98
127.999 19.1249 66.4576 6.41549 123.928
128.099 19.0899 66.5101 6.40806 123.875
128.199 19.0548 66.5625 6.40061 123.823
128.299 19.0197 66.6149 6.39314 123.77
128.399 18.9847 66.6672 6.38564 123.718
128.499 18.9496 66.7194 6.37812 123.666
128.599 18.9145 66.7715 6.37058 123.614
128.699 18.8794 66.8236 6.363 123.562
128.799 18.8442 66.8756 6.35541 123.51
128.899 18.8091 66.9275 6.34779 123.458
128.999 18.774 66.9794 6.34015 123.406
129.099 18.7388 67.0312 6.33248 123.354
129.199 18.7036 67.0829 6.32479 123.302
129.299 18.6685 67.1345 6.31708 123.251
129.399 18.6333 67.1861 6.30934 123.199
129.499 18.5981 67.2375 6.30157 123.148
129.599 18.5629 67.289 6.29379 123.096
129.699 18.5277 67.3403 6.28597 123.045
129.799 18.4924 67.3916 6.27814 122.994
129.899 18.4572 67.4427 6.27028 122.942
129.999 18.4219 67.4939 6.2624 122.891
130.099 18.3867 67.5449 6.25449 122.84
130.199 18.3514 67.5959 6.24656 122.789
130.299 18.3161 67.6468 6.2386 122.738
130.399 18.2808 67.6976 6.23062 122.688
130.499 18.2455 67.7483 6.22262 122.637
130.599 18.2102 67.799 6.21459 122.586
130.699 18.1749 67.8496 6.20654 122.536
130.799 18.1396 67.9001 6.19847 122.485
130.899 18.1042 67.9505 6.19037 122.435
130.999 18.0689 68.0009 6.18225 122.384
131.099 18.0335 68.0511 6.1741 122.334
131.199 17.9981 68.1014 6.16593 122.284
131.299 17.9627 68.1515 6.15774 122.234
131.399 17.9273 68.2015 6.14952 122.184
131.499 17.8919 68.2515 6.14128 122.134
131.599 17.8565 68.3014 6.13301 122.084
131.699 17.8211 68.3512 6.12472 122.034
131.799 17.7857 68.401 6.11641 121.984
131.899 17.7502 68.4506 6.10807 121.935
131.999 17.7148 68.5002 6.09971 121.885
132.099 17.6793 68.5497 6.09133 121.835
132.199 17.6438 68.5992 6.08292 121.786
132.299 17.6083 68.6485 6.07449 121.737
132.399 17.5728 68.6978 6.06604 121.687
132.499 17.5373 68.747 6.05756 121.638
132.599 17.5018 68.7961 6.04906 121.589
132.699 17.4663 68.8452 6.04053 121.54
132.799 17.4308 68.8941 6.03198 121.491
132.899 17.3952 68.943 6.02341 121.442
132.999 17.3597 68.9918 6.01481 121.393
133.099 17.3241 69.0405 6.00619 121.345
133.199 17.2885 69.0892 5.99755 121.296
133.299 17.2529 69.1378 5.98888 121.247
133.399 17.2173 69.1862 5.9802 121.199
133.499 17.1817 69.2346 5.97148 121.151
133.599 17.1461 69.283 5.96275 121.102
133.699 17.1105 69.3312 5.95399 121.054
133.799 17.0749 69.3794 5.9452 121.006
133.899 17.0392 69.4275 5.9364 120.958
133.999 17.0036 69.4755 5.92757 120.91
134.099 16.9679 69.5234 5.91871 120.862
134.199 16.9323 69.5712 5.90984 120.814
134.299 16.8966 69.619 5.90094 120.766
134.399 16.8609 69.6667 5.89202 120.718
134.499 16.8252 69.7143 5.88307 120.671
134.599 16.7895 69.7618 5.8741 120.623
134.699 16.7538 69.8092 5.86511 120.576
134.799 16.7181 69.8566 5.85609 120.529
134.899 16.6823 69.9038 5.84706 120.481
134.999 16.6466 69.951 5.83799 120.434
135.099 16.6108 69.9981 5.82891 120.387
135.199 16.5751 70.0452 5.8198 120.34
135.299 16.5393 70.0921 5.81067 120.293
135.399 16.5035 70.139 5.80152 120.246
135.499 16.4678 70.1857 5.79234 120.199
135.599 16.432 70.2324 5.78314 120.153
135.699 16.3962 70.279 5.77392 120.106
135.799 16.3604 70.3256 5.76467 120.06
135.899 16.3245 70.372 5.75541 120.013
135.999 16.2887 70.4184 5.74612 119.967
136.099 16.2529 70.4646 5.7368 119.921
136.199 16.217 70.5108 5.72747 119.874
136.299 16.1812 70.5569 5.71811 119.828
136.399 16.1453 70.603 5.70872 119.782
136.499 16.1094 70.6489 5.69932 119.736
136.599 16.0735 70.6948 5.68989 119.69
136.699 16.0377 70.7405 5.68044 119.645
136.799 16.0018 70.7862 5.67097 119.599
136.899 15.9658 70.8318 5.66147 119.553
136.999 15.9299 70.8773 5.65195 119.508
137.099 15.894 70.9228 5.64241 119.462
137.199 15.8581 70.9681 5.63285 119.417
137.299 15.8221 71.0134 5.62326 119.372
137.399 15.7862 71.0585 5.61366 119.327
137.499 15.7502 71.1036 5.60403 119.282
137.599 15.7143 71.1486 5.59437 119.237
137.699 15.6783 71.1935 5.5847 119.192
137.799 15.6423 71.2384 5.575 119.147
137.899 15.6063 71.2831 5.56528 119.102
137.999 15.5703 71.3278 5.55553 119.057
138.099 15.5343 71.3723 5.54577 119.013
138.199 15.4983 71.4168 5.53598 118.968
138.299 15.4623 71.4612 5.52617 118.924
138.399 15.4262 71.5055 5.51634 118.88
138.499 15.3902 71.5498 5.50649 118.835
138.599 15.3541 71.5939 5.49661 118.791
138.699 15.3181 71.638 5.48671 118.747
138.799 15.282 71.6819 5.47679 118.703
138.899 15.2459 71.7258 5.46685 118.659
138.999 15.2099 71.7696 5.45688 118.616
139.099 15.1738 71.8133 5.44689 118.572
139.199 15.1377 71.8569 5.43689 118.528
139.299 15.1016 71.9004 5.42685 118.485
139.399 15.0655 71.9438 5.4168 118.441
139.499 15.0293 71.9872 5.40673 118.398
139.599 14.9932 72.0305 5.39663 118.355
139.699 14.9571 72.0736 5.38651 118.312
139.799 14.9209 72.1167 5.37637 118.268
139.899 14.8848 72.1597 5.36621 118.225
139.999 14.8486 72.2026 5.35602 118.183
140.099 14.8125 72.2454 5.34582 118.14
140.199 14.7763 72.2881 5.33559 118.097
140.299 14.7401 72.3308 5.32534 118.054
140.399 14.7039 72.3733 5.31507 118.012
140.499 14.6677 72.4158 5.30478 117.969
140.599 14.6315 72.4581 5.29446 117.927
140.699 14.5953 72.5004 5.28413 117.885
140.799 14.5591 72.5426 5.27377 117.843
140.899 14.5229 72.5847 5.26339 117.8
140.999 14.4866 72.6267 5.25299 117.758
141.099 14.4504 72.6686 5.24257 117.717
141.199 14.4141 72.7104 5.23212 117.675
141.299 14.3779 72.7522 5.22166 117.633
141.399 14.3416 72.7938 5.21117 117.591
141.499 14.3053 72.8354 5.20066 117.55
141.599 14.2691 72.8768 5.19014 117.508
141.699 14.2328 72.9182 5.17959 117.467
141.799 14.1965 72.9595 5.16901 117.426
141.899 14.1602 73.0007 5.15842 117.384
141.999 14.1239 73.0418 5.14781 117.343
142.099 14.0876 73.0828 5.13717 117.302
142.199 14.0512 73.1237 5.12652 117.261
142.299 14.0149 73.1645 5.11584 117.221
142.399 13.9786 73.2052 5.10514 117.18
142.499 13.9422 73.2459 5.09442 117.139
142.6 13.9059 73.2864 5.08368 117.099
142.7 13.8695 73.3269 5.07292 117.058
142.8 13.8332 73.3672 5.06214 117.018
142.9 13.7968 73.4075 5.05134 116.978
143 13.7604 73.4477 5.04051 116.938
143.1 13.724 73.4877 5.02967 116.897
143.2 13.6876 73.5277 5.0188 116.857
143.3 13.6512 73.5676 5.00792 116.818
143.4 13.6148 73.6074 4.99701 116.778
143.5 13.5784 73.6471 4.98608 116.738
143.6 13.542 73.6867 4.97513 116.698
143.7 13.5056 73.7263 4.96416 116.659
143.8 13.4691 73.7657 4.95317 116.619
143.9 13.4327 73.805 4.94216 116.58
144 13.3962 73.8443 4.93113 116.541
144.1 13.3598 73.8834 4.92008 116.502
144.2 13.3233 73.9225 4.90901 116.463
144.3 13.2869 73.9614 4.89792 116.424
144.4 13.2504 74.0003 4.88681 116.385
144.5 13.2139 74.039 4.87567 116.346
144.6 13.1774 74.0777 4.86452 116.307
144.7 13.1409 74.1163 4.85335 116.269
144.8 13.1044 74.1548 4.84216 116.23
144.9 13.0679 74.1931 4.83094 116.192
145 13.0314 74.2314 4.81971 116.154
145.1 12.9949 74.2696 4.80845 116.116
145.2 12.9584 74.3077 4.79718 116.077
145.3 12.9218 74.3457 4.78589 116.039
145.4 12.8853 74.3837 4.77457 116.002
145.5 12.8488 74.4215 4.76324 115.964
145.6 12.8122 74.4592 4.75189 115.926
145.7 12.7756 74.4968 4.74051 115.888
145.8 12.7391 74.5343 4.72912 115.851
145.9 12.7025 74.5718 4.7177 115.813
146 12.6659 74.6091 4.70627 115.776
146.1 12.6294 74.6463 4.69482 115.739
146.2 12.5928 74.6835 4.68335 115.702
146.3 12.5562 74.7205 4.67185 115.665
146.4 12.5196 74.7575 4.66034 115.628
146.5 12.483 74.7943 4.64881 115.591
146.6 12.4463 74.8311 4.63726 115.554
146.7 12.4097 74.8677 4.62569 115.517
146.8 12.3731 74.9043 4.6141 115.481
146.9 12.3365 74.9407 4.60249 115.444
147 12.2998 74.9771 4.59086 115.408
147.1 12.2632 75.0134 4.57921 115.372
147.2 12.2265 75.0495 4.56755 115.336
147.3 12.1899 75.0856 4.55586 115.3
147.4 12.1532 75.1216 4.54415 115.264
147.5 12.1166 75.1574 4.53243 115.228
147.6 12.0799 75.1932 4.52068 115.192
147.7 12.0432 75.2289 4.50892 115.156
147.8 12.0065 75.2645 4.49714 115.121
147.9 11.9698 75.3 4.48534 115.085
148 11.9331 75.3353 4.47352 115.05
148.1 11.8964 75.3706 4.46168 115.015
148.2 11.8597 75.4058 4.44982 114.979
148.3 11.823 75.4409 4.43794 114.944
148.4 11.7863 75.4759 4.42605 114.909
148.5 11.7496 75.5108 4.41413 114.874
148.6 11.7128 75.5456 4.4022 114.84
148.7 11.6761 75.5802 4.39025 114.805
148.8 11.6393 75.6148 4.37828 114.77
148.9 11.6026 75.6493 4.36629 114.736
149 11.5658 75.6837 4.35428 114.701
149.1 11.5291 75.718 4.34225 114.667
149.2 11.4923 75.7522 4.33021 114.633
149.3 11.4555 75.7863 4.31814 114.599
149.4 11.4188 75.8203 4.30606 114.565
149.5 11.382 75.8542 4.29396 114.531
149.6 11.3452 75.888 4.28184 114.497
149.7 11.3084 75.9216 4.26971 114.464
149.8 11.2716 75.9552 4.25755 114.43
149.9 11.2348 75.9887 4.24538 114.396
150 11.198 76.0221 4.23319 114.363
150.1 11.1612 76.0554 4.22098 114.33
150.2 11.1244 76.0886 4.20875 114.297
150.3 11.0875 76.1217 4.19651 114.264
150.4 11.0507 76.1547 4.18424 114.231
150.5 11.0139 76.1875 4.17196 114.198
150.6 10.977 76.2203 4.15966 114.165
150.7 10.9402 76.253 4.14735 114.132
150.8 10.9033 76.2856 4.13501 114.1
150.9 10.8665 76.3181 4.12266 114.067
151 10.8296 76.3504 4.11029 114.035
151.1 10.7928 76.3827 4.0979 114.002
151.2 10.7559 76.4149 4.0855 113.97
151.3 10.719 76.4469 4.07307 113.938
151.4 10.6821 76.4789 4.06063 113.906
151.5 10.6452 76.5108 4.04818 113.874
151.6 10.6083 76.5425 4.0357 113.843
151.7 10.5714 76.5742 4.02321 113.811
151.8 10.5345 76.6058 4.0107 113.779
151.9 10.4976 76.6372 3.99817 113.748
152 10.4607 76.6686 3.98563 113.717
152.1 10.4238 76.6998 3.97307 113.685
152.2 10.3869 76.731 3.96049 113.654
152.3 10.35 76.762 3.94789 113.623
152.4 10.313 76.793 3.93528 113.592
152.5 10.2761 76.8238 3.92265 113.561
152.6 10.2391 76.8545 3.91 113.531
152.7 10.2022 76.8852 3.89734 113.5
152.8 10.1652 76.9157 3.88466 113.469
152.9 10.1283 76.9461 3.87196 113.439
153 10.0913 76.9764 3.85925 113.409
153.1 10.0544 77.0067 3.84652 113.379
153.2 10.0174 77.0368 3.83377 113.348
153.3 9.98042 77.0668 3.82101 113.318
153.4 9.94344 77.0967 3.80822 113.288
153.5 9.90646 77.1265 3.79543 113.259
153.6 9.86947 77.1562 3.78261 113.229
153.7 9.83248 77.1858 3.76978 113.199
153.8 9.79548 77.2153 3.75694 113.17
153.9 9.75847 77.2447 3.74408 113.141
154 9.72147 77.2739 3.7312 113.111
154.1 9.68446 77.3031 3.7183 113.082
154.2 9.64744 77.3322 3.70539 113.053
154.3 9.61042 77.3611 3.69246 113.024
154.4 9.57339 77.39 3.67952 112.995
154.5 9.53636 77.4188 3.66656 112.966
154.6 9.49933 77.4474 3.65359 112.938
154.7 9.46229 77.476 3.64059 112.909
154.8 9.42525 77.5044 3.62759 112.881
154.9 9.3882 77.5327 3.61456 112.852
155 9.35115 77.561 3.60153 112.824
155.1 9.31409 77.5891 3.58847 112.796
155.2 9.27703 77.6171 3.5754 112.768
155.3 9.23997 77.645 3.56232 112.74
155.4 9.2029 77.6728 3.54921 112.712
155.5 9.16582 77.7005 3.5361 112.685
155.6 9.12875 77.7281 3.52297 112.657
155.7 9.09166 77.7556 3.50982 112.63
155.8 9.05458 77.783 3.49665 112.602
155.9 9.01749 77.8103 3.48348 112.575
156 8.98039 77.8375 3.47028 112.548
156.1 8.94329 77.8645 3.45707 112.521
156.2 8.90619 77.8915 3.44385 112.494
156.3 8.86909 77.9183 3.43061 112.467
156.4 8.83197 77.9451 3.41736 112.44
156.5 8.79486 77.9717 3.40409 112.413
156.6 8.75774 77.9983 3.3908 112.387
156.7 8.72062 78.0247 3.37751 112.36
156.8 8.68349 78.051 3.36419 112.334
156.9 8.64636 78.0772 3.35086 112.308
157 8.60922 78.1033 3.33752 112.282
157.1 8.57208 78.1293 3.32416 112.256
157.2 8.53494 78.1552 3.31079 112.23
157.3 8.49779 78.181 3.2974 112.204
157.4 8.46064 78.2067 3.284 112.178
157.5 8.42349 78.2322 3.27059 112.153
157.6 8.38633 78.2577 3.25716 112.127
157.7 8.34917 78.2831 3.24371 112.102
157.8 8.312 78.3083 3.23025 112.077
157.9 8.27483 78.3334 3.21678 112.052
158 8.23766 78.3585 3.20329 112.027
158.1 8.20048 78.3834 3.18979 112.002
158.2 8.1633 78.4082 3.17628 111.977
158.3 8.12611 78.4329 3.16275 111.952
158.4 8.08892 78.4575 3.1492 111.928
158.5 8.05173 78.482 3.13565 111.903
158.6 8.01454 78.5064 3.12208 111.879
158.7 7.97734 78.5307 3.10849 111.855
158.8 7.94013 78.5548 3.09489 111.83
158.9 7.90293 78.5789 3.08128 111.806
159.001 7.86571 78.6028 3.06765 111.782
159.101 7.8285 78.6267 3.05401 111.759
159.201 7.79128 78.6504 3.04036 111.735
159.301 7.75406 78.674 3.02669 111.711
159.401 7.71684 78.6975 3.01301 111.688
159.501 7.67961 78.7209 2.99932 111.664
159.601 7.64238 78.7442 2.98561 111.641
159.701 7.60514 78.7674 2.97189 111.618
159.801 7.5679 78.7905 2.95816 111.595
159.901 7.53066 78.8135 2.94442 111.572
160.001 7.49341 78.8363 2.93066 111.549
160.101 7.45616 78.8591 2.91688 111.526
160.201 7.41891 78.8817 2.9031 111.503
160.301 7.38166 78.9042 2.8893 111.481
160.401 7.3444 78.9267 2.87549 111.459
160.501 7.30713 78.949 2.86167 111.436
160.601 7.26987 78.9712 2.84783 111.414
160.701 7.2326 78.9933 2.83398 111.392
160.801 7.19533 79.0152 2.82012 111.37
160.901 7.15805 79.0371 2.80624 111.348
161.001 7.12077 79.0589 2.79236 111.326
161.101 7.08349 79.0805 2.77846 111.305
161.201 7.0462 79.1021 2.76455 111.283
161.301 7.00892 79.1235 2.75062 111.262
161.401 6.97162 79.1448 2.73669 111.24
161.501 6.93433 79.166 2.72274 111.219
161.601 6.89703 79.1871 2.70878 111.198
161.701 6.85973 79.2081 2.69481 111.177
161.801 6.82243 79.229 2.68082 111.156
161.901 6.78512 79.2498 2.66683 111.135
162.001 6.74781 79.2704 2.65282 111.115
162.101 6.7105 79.291 2.6388 111.094
162.201 6.67318 79.3114 2.62477 111.074
162.301 6.63586 79.3317 2.61072 111.053
162.401 6.59854 79.352 2.59667 111.033
162.501 6.56121 79.3721 2.5826 111.013
162.601 6.52388 79.392 2.56852 110.993
162.701 6.48655 79.4119 2.55443 110.973
162.801 6.44922 79.4317 2.54033 110.953
162.901 6.41188 79.4514 2.52622 110.934
163.001 6.37454 79.4709 2.51209 110.914
163.101 6.3372 79.4903 2.49796 110.895
163.201 6.29985 79.5097 2.48381 110.875
163.301 6.26251 79.5289 2.46965 110.856
163.401 6.22515 79.548 2.45548 110.837
163.501 6.1878 79.567 2.4413 110.818
163.601 6.15044 79.5859 2.42711 110.799
163.701 6.11308 79.6046 2.41291 110.781
163.801 6.07572 79.6233 2.3987 110.762
163.901 6.03836 79.6418 2.38448 110.743
164.001 6.00099 79.6603 2.37024 110.725
164.101 5.96362 79.6786 2.356 110.707
164.201 5.92625 79.6968 2.34174 110.688
164.301 5.88887 79.7149 2.32748 110.67
164.401 5.85149 79.7329 2.3132 110.652
164.501 5.81411 79.7508 2.29892 110.634
164.601 5.77673 79.7685 2.28462 110.617
164.701 5.73934 79.7862 2.27031 110.599
164.801 5.70195 79.8037 2.25599 110.581
164.901 5.66456 79.8211 2.24167 110.564
165.001 5.62717 79.8384 2.22733 110.547
165.101 5.58977 79.8556 2.21298 110.53
165.201 5.55237 79.8727 2.19862 110.512
165.301 5.51497 79.8897 2.18426 110.495
165.401 5.47757 79.9066 2.16988 110.479
165.501 5.44016 79.9233 2.15549 110.462
165.601 5.40276 79.9399 2.1411 110.445
165.701 5.36534 79.9565 2.12669 110.429
165.801 5.32793 79.9729 2.11227 110.412
165.901 5.29052 79.9892 2.09785 110.396
166.001 5.2531 80.0054 2.08341 110.38
166.101 5.21568 80.0214 2.06897 110.364
166.201 5.17826 80.0374 2.05452 110.348
166.301 5.14083 80.0532 2.04005 110.332
166.401 5.1034 80.069 2.02558 110.316
166.501 5.06597 80.0846 2.0111 110.301
166.601 5.02854 80.1001 1.99661 110.285
166.701 4.99111 80.1155 1.98211 110.27
166.801 4.95367 80.1308 1.9676 110.254
166.901 4.91623 80.1459 1.95308 110.239
167.001 4.87879 80.161 1.93856 110.224
167.101 4.84135 80.1759 1.92402 110.209
167.201 4.80391 80.1908 1.90948 110.194
167.301 4.76646 80.2055 1.89493 110.18
167.401 4.72901 80.2201 1.88037 110.165
167.501 4.69156 80.2346 1.8658 110.151
167.601 4.65411 80.2489 1.85122 110.136
167.701 4.61665 80.2632 1.83664 110.122
167.801 4.57919 80.2774 1.82204 110.108
167.901 4.54174 80.2914 1.80744 110.094
168.001 4.50427 80.3053 1.79283 110.08
168.101 4.46681 80.3191 1.77821 110.066
168.201 4.42935 80.3328 1.76358 110.052
168.301 4.39188 80.3464 1.74895 110.039
168.401 4.35441 80.3598 1.7343 110.025
168.501 4.31694 80.3732 1.71965 110.012
168.601 4.27947 80.3864 1.705 109.999
168.701 4.24199 80.3995 1.69033 109.986
168.801 4.20451 80.4125 1.67566 109.973
168.901 4.16704 80.4254 1.66097 109.96
169.001 4.12956 80.4382 1.64628 109.947
169.101 4.09207 80.4509 1.63159 109.934
169.201 4.05459 80.4634 1.61688 109.922
169.301 4.0171 80.4759 1.60217 109.909
169.401 3.97962 80.4882 1.58745 109.897
169.501 3.94213 80.5004 1.57273 109.885
169.601 3.90464 80.5125 1.558 109.873
169.701 3.86714 80.5245 1.54326 109.861
169.801 3.82965 80.5363 1.52851 109.849
169.901 3.79215 80.5481 1.51376 109.837
170.001 3.75466 80.5597 1.49899 109.825
170.101 3.71716 80.5712 1.48423 109.814
170.201 3.67966 80.5826 1.46945 109.803
170.301 3.64215 80.5939 1.45467 109.791
170.401 3.60465 80.6051 1.43988 109.78
170.501 3.56714 80.6162 1.42509 109.769
170.601 3.52964 80.6271 1.41029 109.758
170.701 3.49213 80.6379 1.39548 109.747
170.801 3.45462 80.6487 1.38067 109.737
170.901 3.4171 80.6593 1.36585 109.726
171.001 3.37959 80.6697 1.35102 109.715
171.101 3.34208 80.6801 1.33619 109.705
171.201 3.30456 80.6904 1.32135 109.695
171.301 3.26704 80.7005 1.30651 109.685
171.401 3.22952 80.7105 1.29166 109.675
171.501 3.192 80.7204 1.2768 109.665
171.601 3.15448 80.7302 1.26194 109.655
171.701 3.11696 80.7399 1.24707 109.645
171.801 3.07943 80.7495 1.2322 109.636
171.901 3.0419 80.7589 1.21732 109.626
172.001 3.00438 80.7683 1.20244 109.617
172.101 2.96685 80.7775 1.18755 109.608
172.201 2.92932 80.7866 1.17265 109.599
172.301 2.89179 80.7956 1.15775 109.59
172.401 2.85425 80.8045 1.14285 109.581
172.501 2.81672 80.8132 1.12793 109.572
172.601 2.77919 80.8219 1.11302 109.563
172.701 2.74165 80.8304 1.0981 109.555
172.801 2.70411 80.8388 1.08317 109.546
172.901 2.66657 80.8471 1.06824 109.538
173.001 2.62903 80.8553 1.0533 109.53
173.101 2.59149 80.8634 1.03836 109.522
173.201 2.55395 80.8713 1.02342 109.514
173.301 2.51641 80.8791 1.00847 109.506
173.401 2.47886 80.8869 0.993512 109.498
173.501 2.44132 80.8945 0.978552 109.491
173.601 2.40377 80.902 0.963588 109.483
173.701 2.36622 80.9093 0.94862 109.476
173.801 2.32867 80.9166 0.933647 109.469
173.901 2.29112 80.9237 0.91867 109.461
174.001 2.25357 80.9307 0.903689 109.454
174.101 2.21602 80.9377 0.888704 109.448
174.201 2.17847 80.9445 0.873714 109.441
174.301 2.14092 80.9511 0.858721 109.434
174.401 2.10336 80.9577 0.843724 109.427
174.501 2.06581 80.9641 0.828723 109.421
174.601 2.02825 80.9705 0.813718 109.415
174.701 1.99069 80.9767 0.798709 109.408
174.801 1.95313 80.9828 0.783697 109.402
174.901 1.91558 80.9888 0.768681 109.396
175.001 1.87802 80.9946 0.753662 109.391
175.101 1.84046 81.0004 0.738639 109.385
175.201 1.80289 81.006 0.723613 109.379
175.301 1.76533 81.0115 0.708583 109.374
175.402 1.72777 81.0169 0.69355 109.368
175.502 1.69021 81.0222 0.678514 109.363
175.602 1.65264 81.0274 0.663475 109.358
175.702 1.61508 81.0325 0.648433 109.353
175.802 1.57751 81.0374 0.633388 109.348
175.902 1.53994 81.0422 0.61834 109.343
176.002 1.50238 81.0469 0.60329 109.338
176.102 1.46481 81.0515 0.588236 109.334
176.202 1.42724 81.056 0.57318 109.329
176.302 1.38967 81.0604 0.558121 109.325
176.402 1.3521 81.0646 0.54306 109.321
176.502 1.31453 81.0687 0.527996 109.316
176.602 1.27696 81.0727 0.51293 109.312
176.702 1.23939 81.0766 0.497861 109.309
176.802 1.20182 81.0804 0.48279 109.305
176.902 1.16424 81.0841 0.467717 109.301
177.002 1.12667 81.0876 0.452642 109.298
177.102 1.0891 81.091 0.437564 109.294
177.202 1.05152 81.0944 0.422485 109.291
177.302 1.01395 81.0976 0.407404 109.288
177.402 0.976375 81.1006 0.39232 109.285
177.502 0.9388 81.1036 0.377236 109.282
177.602 0.901225 81.1064 0.362149 109.279
177.702 0.863648 81.1092 0.347061 109.276
177.802 0.826072 81.1118 0.331971 109.273
177.902 0.788495 81.1143 0.316879 109.271
178.002 0.750918 81.1167 0.301786 109.268
178.102 0.713341 81.1189 0.286692 109.266
178.202 0.675763 81.1211 0.271596 109.264
178.302 0.638185 81.1231 0.2565 109.262
178.402 0.600607 81.125 0.241402 109.26
178.502 0.563028 81.1269 0.226303 109.258
178.602 0.525449 81.1285 0.211202 109.257
178.702 0.48787 81.1301 0.196101 109.255
178.802 0.450291 81.1316 0.180999 109.254
178.902 0.412711 81.1329 0.165896 109.252
179.002 0.375132 81.1341 0.150793 109.251
179.102 0.337552 81.1352 0.135689 109.25
179.202 0.299972 81.1362 0.120584 109.249
179.302 0.262392 81.1371 0.105478 109.248
179.402 0.224812 81.1378 0.0903723 109.247
179.502 0.187232 81.1385 0.0752659 109.247
179.602 0.149651 81.139 0.0601592 109.246
179.702 0.112071 81.1394 0.0450522 109.246
179.802 0.0744902 81.1397 0.029945 109.245
179.902 0.0369097 81.1399 0.0148377 109.245
