0 1.08493e-14 5.03727 0 194.156
0.1 0.15462 5.03733 0.0115207 194.156
0.2 0.309235 5.03751 0.0230414 194.156
0.3 0.46384 5.03781 0.034562 194.155
0.4 0.61843 5.03824 0.0460826 194.155
0.5 0.773001 5.03878 0.0576031 194.154
0.6 0.927547 5.03945 0.0691234 194.154
0.7 1.08206 5.04024 0.0806436 194.153
0.8 1.23655 5.04115 0.0921637 194.152
0.9 1.39099 5.04218 0.103684 194.151
1 1.54539 5.04333 0.115203 194.15
1.1 1.69974 5.0446 0.126723 194.149
1.2 1.85403 5.046 0.138242 194.147
1.3 2.00827 5.04751 0.149761 194.146
1.4 2.16244 5.04915 0.161279 194.144
1.5 2.31654 5.05091 0.172797 194.142
1.6 2.47057 5.05279 0.184315 194.14
1.7 2.62452 5.05479 0.195833 194.138
1.8 2.77839 5.05691 0.20735 194.136
1.9 2.93217 5.05915 0.218866 194.134
2 3.08586 5.06152 0.230383 194.132
2.1 3.23945 5.064 0.241898 194.129
2.2 3.39293 5.06661 0.253414 194.127
2.3 3.54631 5.06934 0.264928 194.124
2.4 3.69958 5.07219 0.276442 194.121
2.5 3.85273 5.07516 0.287956 194.118
2.6 4.00576 5.07825 0.299469 194.115
2.7 4.15866 5.08146 0.310981 194.112
2.8 4.31143 5.08479 0.322493 194.108
2.9 4.46407 5.08825 0.334004 194.105
3 4.61657 5.09182 0.345514 194.101
3.1 4.76892 5.09552 0.357024 194.098
3.2 4.92112 5.09934 0.368533 194.094
3.3 5.07317 5.10328 0.380041 194.09
3.4 5.22506 5.10734 0.391548 194.086
3.5 5.37679 5.11152 0.403055 194.082
3.6 5.52835 5.11582 0.414561 194.077
3.7 5.67973 5.12024 0.426066 194.073
3.8 5.83094 5.12479 0.43757 194.068
3.9 5.98197 5.12945 0.449073 194.064
4 6.13282 5.13424 0.460575 194.059
4.1 6.28347 5.13915 0.472076 194.054
4.2 6.43393 5.14417 0.483576 194.049
4.3 6.5842 5.14932 0.495076 194.044
4.4 6.73425 5.15459 0.506574 194.039
4.5 6.88411 5.15998 0.518071 194.033
4.6 7.03375 5.1655 0.529567 194.028
4.7 7.18317 5.17113 0.541062 194.022
4.8 7.33238 5.17688 0.552556 194.016
4.9 7.48136 5.18276 0.564049 194.01
5 7.63011 5.18875 0.57554 194.005
5.1 7.77863 5.19487 0.587031 193.998
5.2 7.92692 5.2011 0.59852 193.992
5.3 8.07496 5.20746 0.610008 193.986
5.4 8.22276 5.21394 0.621495 193.979
5.5 8.37031 5.22054 0.63298 193.973
5.6 8.51761 5.22726 0.644464 193.966
5.7 8.66466 5.2341 0.655947 193.959
5.8 8.81144 5.24106 0.667428 193.952
5.9 8.95796 5.24814 0.678908 193.945
6 9.10421 5.25534 0.690387 193.938
6.1 9.25019 5.26267 0.701864 193.931
6.2 9.3959 5.27011 0.71334 193.923
6.3 9.54133 5.27767 0.724814 193.916
6.4 9.68647 5.28536 0.736287 193.908
6.5 9.83133 5.29316 0.747758 193.9
6.6 9.9759 5.30109 0.759228 193.892
6.7 10.1202 5.30913 0.770696 193.884
6.8 10.2641 5.3173 0.782163 193.876
6.9 10.4078 5.32559 0.793628 193.868
7 10.5512 5.334 0.805091 193.859
7.1 10.6943 5.34252 0.816553 193.851
7.2 10.837 5.35117 0.828013 193.842
7.3 10.9795 5.35994 0.839471 193.833
7.4 11.1216 5.36883 0.850928 193.824
7.5 11.2634 5.37784 0.862382 193.815
7.6 11.4049 5.38696 0.873835 193.806
7.7 11.546 5.39621 0.885286 193.797
7.79999 11.6869 5.40558 0.896736 193.788
7.89999 11.8273 5.41507 0.908183 193.778
7.99999 11.9675 5.42468 0.919629 193.769
8.09999 12.1073 5.43441 0.931073 193.759
8.2 12.2468 5.44426 0.942514 193.749
8.3 12.3859 5.45423 0.953954 193.739
8.4 12.5247 5.46432 0.965392 193.729
8.5 12.6631 5.47453 0.976828 193.719
8.6 12.8012 5.48486 0.988262 193.708
8.7 12.9389 5.49531 0.999694 193.698
8.8 13.0763 5.50588 1.01112 193.687
8.9 13.2133 5.51657 1.02255 193.677
9 13.3499 5.52738 1.03398 193.666
9.1 13.4862 5.53831 1.0454 193.655
9.2 13.6221 5.54936 1.05682 193.644
9.3 13.7576 5.56052 1.06824 193.633
9.4 13.8928 5.57181 1.07966 193.621
9.5 14.0275 5.58322 1.09107 193.61
9.6 14.1619 5.59475 1.10248 193.599
9.7 14.2959 5.60639 1.11389 193.587
9.8 14.4296 5.61816 1.1253 193.575
9.9 14.5628 5.63005 1.13671 193.563
10 14.6956 5.64205 1.14811 193.551
10.1 14.8281 5.65418 1.15951 193.539
10.2 14.9602 5.66642 1.17091 193.527
10.3 15.0918 5.67878 1.18231 193.514
10.4 15.2231 5.69127 1.1937 193.502
10.5 15.354 5.70387 1.20509 193.489
10.6 15.4845 5.71659 1.21648 193.477
10.7 15.6145 5.72943 1.22786 193.464
10.8 15.7442 5.74239 1.23925 193.451
10.9 15.8734 5.75547 1.25063 193.438
11 16.0023 5.76867 1.26201 193.425
11.1 16.1307 5.78198 1.27338 193.411
11.2 16.2587 5.79542 1.28476 193.398
11.3 16.3863 5.80897 1.29613 193.384
11.4 16.5135 5.82265 1.30749 193.371
11.5 16.6403 5.83644 1.31886 193.357
11.6 16.7667 5.85035 1.33022 193.343
11.7 16.8926 5.86438 1.34158 193.329
11.8 17.0181 5.87853 1.35294 193.315
11.9 17.1432 5.8928 1.36429 193.3
12 17.2678 5.90718 1.37564 193.286
12.1 17.3921 5.92169 1.38699 193.272
12.2 17.5159 5.93631 1.39833 193.257
12.3 17.6392 5.95105 1.40968 193.242
12.4 17.7622 5.96591 1.42102 193.227
12.5 17.8847 5.98089 1.43235 193.212
12.6 18.0068 5.99599 1.44369 193.197
12.7 18.1284 6.01121 1.45502 193.182
12.8 18.2496 6.02654 1.46634 193.167
12.9 18.3704 6.04199 1.47767 193.151
13 18.4907 6.05756 1.48899 193.136
13.1 18.6106 6.07325 1.50031 193.12
13.2 18.73 6.08906 1.51162 193.104
13.3 18.849 6.10498 1.52294 193.088
13.4 18.9676 6.12103 1.53424 193.072
13.5 19.0857 6.13719 1.54555 193.056
13.6 19.2034 6.15346 1.55685 193.04
13.7 19.3206 6.16986 1.56815 193.023
13.8 19.4374 6.18638 1.57945 193.007
13.9 19.5537 6.20301 1.59074 192.99
14 19.6696 6.21976 1.60203 192.973
14.1 19.785 6.23663 1.61332 192.957
14.2 19.9 6.25361 1.6246 192.94
14.3 20.0146 6.27071 1.63588 192.923
14.4 20.1287 6.28793 1.64715 192.905
14.5 20.2423 6.30527 1.65843 192.888
14.6 20.3555 6.32273 1.6697 192.871
14.7 20.4682 6.3403 1.68096 192.853
14.8 20.5805 6.35799 1.69222 192.835
14.9 20.6923 6.37579 1.70348 192.817
15 20.8037 6.39372 1.71474 192.8
15.1 20.9146 6.41176 1.72599 192.781
15.2 21.0251 6.42992 1.73724 192.763
15.3 21.1351 6.44819 1.74848 192.745
15.4 21.2447 6.46659 1.75972 192.727
15.5 21.3538 6.48509 1.77096 192.708
15.6 21.4624 6.50372 1.78219 192.69
15.7 21.5706 6.52246 1.79342 192.671
15.8 21.6783 6.54132 1.80464 192.652
15.9 21.7856 6.5603 1.81587 192.633
16 21.8924 6.57939 1.82708 192.614
16.1 21.9988 6.5986 1.8383 192.595
16.2 22.1047 6.61793 1.84951 192.575
16.3 22.2101 6.63737 1.86072 192.556
16.4 22.3151 6.65693 1.87192 192.536
16.5 22.4197 6.6766 1.88312 192.517
16.6 22.5237 6.69639 1.89431 192.497
16.7 22.6274 6.7163 1.9055 192.477
16.8 22.7305 6.73633 1.91669 192.457
16.9 22.8332 6.75647 1.92787 192.437
17 22.9355 6.77672 1.93905 192.417
17.1 23.0373 6.79709 1.95023 192.396
17.2 23.1386 6.81758 1.9614 192.376
17.3 23.2395 6.83819 1.97256 192.355
17.4 23.3399 6.8589 1.98373 192.334
17.5 23.4399 6.87974 1.99489 192.314
17.6 23.5394 6.90069 2.00604 192.293
17.7 23.6385 6.92176 2.01719 192.271
17.8 23.7371 6.94294 2.02834 192.25
17.9 23.8352 6.96424 2.03948 192.229
18 23.9329 6.98565 2.05061 192.208
18.1 24.0302 7.00718 2.06175 192.186
18.2 24.127 7.02882 2.07288 192.164
18.3 24.2233 7.05058 2.084 192.143
18.4 24.3192 7.07245 2.09512 192.121
18.5 24.4146 7.09444 2.10624 192.099
18.6 24.5096 7.11654 2.11735 192.077
18.7 24.6041 7.13876 2.12845 192.054
18.8 24.6982 7.1611 2.13956 192.032
18.9 24.7918 7.18354 2.15065 192.01
19 24.885 7.20611 2.16175 191.987
19.1 24.9777 7.22879 2.17284 191.964
19.2 25.07 7.25158 2.18392 191.942
19.3 25.1618 7.27448 2.195 191.919
19.4 25.2532 7.29751 2.20608 191.896
19.5 25.3441 7.32064 2.21715 191.873
19.6 25.4346 7.34389 2.22821 191.849
19.7 25.5247 7.36725 2.23927 191.826
19.8 25.6143 7.39073 2.25033 191.803
19.9 25.7034 7.41433 2.26138 191.779
20 25.7921 7.43803 2.27243 191.755
20.1 25.8804 7.46185 2.28347 191.731
20.2 25.9682 7.48579 2.29451 191.707
20.3 26.0556 7.50983 2.30554 191.683
20.4 26.1425 7.534 2.31657 191.659
20.5 26.229 7.55827 2.32759 191.635
20.6 26.3151 7.58266 2.33861 191.611
20.7 26.4007 7.60716 2.34962 191.586
20.8 26.4859 7.63178 2.36063 191.561
20.9 26.5706 7.65651 2.37163 191.537
21 26.6549 7.68135 2.38263 191.512
21.1 26.7388 7.70631 2.39362 191.487
21.2 26.8222 7.73138 2.40461 191.462
21.3 26.9052 7.75656 2.41559 191.437
21.4 26.9878 7.78185 2.42657 191.411
21.5 27.0699 7.80726 2.43754 191.386
21.6 27.1516 7.83278 2.44851 191.36
21.7 27.2329 7.85842 2.45947 191.335
21.8 27.3138 7.88416 2.47043 191.309
21.9 27.3942 7.91002 2.48138 191.283
22 27.4742 7.93599 2.49233 191.257
22.1 27.5537 7.96208 2.50327 191.231
22.2 27.6329 7.98827 2.51421 191.205
22.3 27.7116 8.01458 2.52514 191.179
22.4 27.7899 8.041 2.53607 191.152
22.5 27.8677 8.06753 2.54699 191.126
22.6 27.9452 8.09418 2.5579 191.099
22.7001 28.0222 8.12093 2.56881 191.072
22.8001 28.0988 8.1478 2.57971 191.045
22.9001 28.175 8.17478 2.59061 191.018
23.0001 28.2508 8.20188 2.60151 190.991
23.1001 28.3261 8.22908 2.61239 190.964
23.2001 28.4011 8.25639 2.62328 190.937
23.3001 28.4756 8.28382 2.63415 190.909
23.4001 28.5497 8.31136 2.64502 190.882
23.5001 28.6234 8.33901 2.65589 190.854
23.6001 28.6967 8.36677 2.66675 190.826
23.7001 28.7696 8.39464 2.6776 190.799
23.8001 28.842 8.42262 2.68845 190.771
23.9001 28.9141 8.45072 2.69929 190.743
24.0001 28.9858 8.47892 2.71013 190.714
24.1001 29.057 8.50724 2.72096 190.686
24.2001 29.1279 8.53566 2.73179 190.658
24.3001 29.1983 8.5642 2.74261 190.629
24.4001 29.2683 8.59285 2.75342 190.6
24.5001 29.338 8.6216 2.76423 190.572
24.6001 29.4072 8.65047 2.77503 190.543
24.7001 29.476 8.67945 2.78583 190.514
24.8001 29.5445 8.70854 2.79662 190.485
24.9001 29.6125 8.73774 2.8074 190.456
25.0001 29.6802 8.76704 2.81818 190.426
25.1001 29.7474 8.79646 2.82896 190.397
25.2001 29.8143 8.82599 2.83972 190.367
25.3001 29.8808 8.85563 2.85048 190.338
25.4001 29.9469 8.88538 2.86124 190.308
25.5001 30.0125 8.91523 2.87199 190.278
25.6001 30.0778 8.9452 2.88273 190.248
25.7001 30.1428 8.97528 2.89346 190.218
25.8001 30.2073 9.00546 2.90419 190.188
25.9001 30.2714 9.03575 2.91492 190.157
26.0001 30.3352 9.06616 2.92564 190.127
26.1001 30.3986 9.09667 2.93635 190.097
26.2001 30.4616 9.12729 2.94705 190.066
26.3001 30.5242 9.15802 2.95775 190.035
26.4001 30.5864 9.18886 2.96844 190.004
26.5001 30.6483 9.21981 2.97913 189.973
26.6001 30.7098 9.25086 2.98981 189.942
26.7001 30.7709 9.28203 3.00048 189.911
26.8001 30.8316 9.3133 3.01115 189.88
26.9001 30.892 9.34468 3.02181 189.849
27.0001 30.952 9.37617 3.03247 189.817
27.1001 31.0116 9.40777 3.04312 189.785
27.2001 31.0708 9.43947 3.05376 189.754
27.3001 31.1297 9.47129 3.06439 189.722
27.4001 31.1882 9.50321 3.07502 189.69
27.5001 31.2464 9.53523 3.08564 189.658
27.6001 31.3042 9.56737 3.09626 189.626
27.7001 31.3616 9.59961 3.10687 189.594
27.8001 31.4187 9.63196 3.11747 189.561
27.9001 31.4754 9.66442 3.12806 189.529
28.0001 31.5317 9.69699 3.13865 189.496
28.1001 31.5877 9.72966 3.14923 189.464
28.2001 31.6434 9.76244 3.15981 189.431
28.3001 31.6986 9.79533 3.17038 189.398
28.4001 31.7535 9.82832 3.18094 189.365
28.5001 31.8081 9.86142 3.19149 189.332
28.6001 31.8623 9.89462 3.20204 189.299
28.7001 31.9162 9.92794 3.21258 189.265
28.8001 31.9697 9.96135 3.22312 189.232
28.9001 32.0229 9.99488 3.23364 189.198
29.0001 32.0757 10.0285 3.24416 189.165
29.1001 32.1282 10.0622 3.25468 189.131
29.2001 32.1803 10.0961 3.26518 189.097
29.3001 32.2321 10.13 3.27568 189.063
29.4001 32.2836 10.1641 3.28618 189.029
29.5001 32.3347 10.1983 3.29666 188.995
29.6001 32.3854 10.2325 3.30714 188.961
29.7001 32.4359 10.2669 3.31761 188.926
29.8001 32.486 10.3014 3.32808 188.892
29.9001 32.5357 10.336 3.33853 188.857
30.0001 32.5851 10.3706 3.34898 188.823
30.1001 32.6342 10.4054 3.35942 188.788
30.2001 32.683 10.4403 3.36986 188.753
30.3001 32.7314 10.4753 3.38029 188.718
30.4001 32.7795 10.5104 3.39071 188.683
30.5001 32.8273 10.5457 3.40112 188.648
30.6001 32.8747 10.581 3.41153 188.612
30.7001 32.9218 10.6164 3.42193 188.577
30.8001 32.9686 10.6519 3.43232 188.541
30.9001 33.0151 10.6875 3.4427 188.506
31.0001 33.0612 10.7233 3.45308 188.47
31.1001 33.1071 10.7591 3.46345 188.434
31.2001 33.1526 10.795 3.47381 188.398
31.3001 33.1977 10.8311 3.48416 188.362
31.4001 33.2426 10.8672 3.49451 188.326
31.5001 33.2872 10.9035 3.50485 188.29
31.6001 33.3314 10.9398 3.51518 188.253
31.7001 33.3753 10.9763 3.52551 188.217
31.8001 33.4189 11.0129 3.53582 188.18
31.9001 33.4622 11.0495 3.54613 188.144
32.0001 33.5052 11.0863 3.55643 188.107
32.1001 33.5479 11.1232 3.56673 188.07
32.2001 33.5903 11.1601 3.57701 188.033
32.3001 33.6323 11.1972 3.58729 187.996
32.4001 33.6741 11.2344 3.59756 187.959
32.5001 33.7156 11.2717 3.60782 187.922
32.6001 33.7567 11.3091 3.61808 187.884
32.7001 33.7976 11.3465 3.62832 187.847
32.8001 33.8381 11.3841 3.63856 187.809
32.9001 33.8784 11.4218 3.64879 187.771
33.0001 33.9183 11.4596 3.65901 187.734
33.1001 33.958 11.4975 3.66923 187.696
33.2001 33.9973 11.5355 3.67944 187.658
33.3001 34.0364 11.5736 3.68964 187.62
33.4001 34.0752 11.6118 3.69983 187.581
33.5001 34.1137 11.6501 3.71001 187.543
33.6001 34.1518 11.6885 3.72019 187.505
33.7001 34.1897 11.727 3.73035 187.466
33.8001 34.2273 11.7656 3.74051 187.428
33.9001 34.2647 11.8043 3.75066 187.389
34.0001 34.3017 11.8431 3.7608 187.35
34.1001 34.3384 11.882 3.77094 187.311
34.2001 34.3749 11.921 3.78106 187.272
34.3 34.4111 11.9601 3.79118 187.233
34.4 34.447 11.9993 3.80129 187.194
34.5 34.4826 12.0386 3.81139 187.155
34.6 34.5179 12.078 3.82149 187.115
34.7 34.553 12.1175 3.83157 187.076
34.8 34.5878 12.1571 3.84165 187.036
34.9 34.6223 12.1968 3.85172 186.996
35 34.6565 12.2366 3.86178 186.957
35.1 34.6905 12.2765 3.87183 186.917
35.2 34.7241 12.3165 3.88187 186.877
35.3 34.7575 12.3566 3.8919 186.837
35.4 34.7907 12.3968 3.90193 186.796
35.5 34.8235 12.4371 3.91195 186.756
35.6 34.8561 12.4775 3.92195 186.716
35.7 34.8885 12.518 3.93196 186.675
35.8 34.9205 12.5586 3.94195 186.635
35.9 34.9523 12.5993 3.95193 186.594
36 34.9839 12.6401 3.9619 186.553
36.1 35.0151 12.6809 3.97187 186.512
36.2 35.0461 12.7219 3.98183 186.471
36.3 35.0769 12.763 3.99177 186.43
36.4 35.1074 12.8042 4.00171 186.389
36.5 35.1376 12.8455 4.01164 186.348
36.6 35.1676 12.8868 4.02157 186.306
36.7 35.1973 12.9283 4.03148 186.265
36.8 35.2267 12.9699 4.04138 186.223
36.9 35.2559 13.0116 4.05128 186.182
37 35.2849 13.0533 4.06117 186.14
37.1 35.3136 13.0952 4.07104 186.098
37.2 35.342 13.1371 4.08091 186.056
37.3 35.3702 13.1792 4.09077 186.014
37.4 35.3981 13.2213 4.10062 185.972
37.5 35.4258 13.2636 4.11046 185.93
37.6 35.4532 13.3059 4.1203 185.887
37.7 35.4804 13.3484 4.13012 185.845
37.8 35.5074 13.3909 4.13993 185.802
37.9 35.5341 13.4335 4.14974 185.76
38 35.5606 13.4763 4.15953 185.717
38.1 35.5868 13.5191 4.16932 185.674
38.2 35.6128 13.562 4.1791 185.631
38.3 35.6385 13.605 4.18887 185.588
38.4 35.664 13.6481 4.19863 185.545
38.5 35.6892 13.6913 4.20838 185.502
38.6 35.7143 13.7346 4.21812 185.459
38.7 35.739 13.778 4.22785 185.415
38.8 35.7636 13.8215 4.23757 185.372
38.9 35.7879 13.8651 4.24728 185.328
39 35.812 13.9088 4.25699 185.284
39.1 35.8358 13.9525 4.26668 185.241
39.2 35.8594 13.9964 4.27637 185.197
39.3 35.8828 14.0404 4.28604 185.153
39.4 35.906 14.0844 4.29571 185.109
39.5 35.9289 14.1286 4.30536 185.065
39.6 35.9516 14.1728 4.31501 185.02
39.7 35.974 14.2171 4.32465 184.976
39.8 35.9963 14.2616 4.33427 184.932
39.9 36.0183 14.3061 4.34389 184.887
40 36.0401 14.3507 4.3535 184.843
40.1 36.0617 14.3954 4.3631 184.798
40.2 36.083 14.4402 4.37269 184.753
40.3 36.1041 14.4851 4.38227 184.708
40.4 36.125 14.5301 4.39183 184.663
40.5 36.1457 14.5752 4.40139 184.618
40.6 36.1662 14.6203 4.41094 184.573
40.7 36.1864 14.6656 4.42048 184.528
40.7999 36.2064 14.7109 4.43001 184.482
40.8999 36.2263 14.7564 4.43953 184.437
40.9999 36.2458 14.8019 4.44904 184.391
41.0999 36.2652 14.8475 4.45855 184.346
41.1999 36.2844 14.8933 4.46804 184.3
41.2999 36.3034 14.9391 4.47752 184.254
41.3999 36.3221 14.985 4.48699 184.208
41.4999 36.3406 15.031 4.49645 184.162
41.5999 36.359 15.0771 4.5059 184.116
41.6999 36.3771 15.1232 4.51534 184.07
41.7999 36.395 15.1695 4.52477 184.024
41.8999 36.4127 15.2158 4.53419 183.977
41.9999 36.4302 15.2623 4.5436 183.931
42.0999 36.4475 15.3088 4.553 183.884
42.1999 36.4645 15.3554 4.56239 183.838
42.2999 36.4814 15.4022 4.57177 183.791
42.3999 36.4981 15.449 4.58114 183.744
42.4999 36.5146 15.4959 4.5905 183.697
42.5999 36.5308 15.5428 4.59985 183.65
42.6999 36.5469 15.5899 4.60918 183.603
42.7999 36.5628 15.6371 4.61851 183.556
42.8999 36.5784 15.6843 4.62783 183.509
42.9999 36.5939 15.7317 4.63714 183.462
43.0999 36.6092 15.7791 4.64644 183.414
43.1999 36.6243 15.8266 4.65572 183.367
43.2999 36.6392 15.8742 4.665 183.319
43.3999 36.6539 15.9219 4.67426 183.271
43.4999 36.6683 15.9697 4.68352 183.224
43.5999 36.6826 16.0176 4.69276 183.176
43.6999 36.6968 16.0655 4.702 183.128
43.7999 36.7107 16.1136 4.71122 183.08
43.8999 36.7244 16.1617 4.72043 183.032
43.9999 36.7379 16.2099 4.72964 182.983
44.0999 36.7513 16.2582 4.73883 182.935
44.1999 36.7645 16.3066 4.74801 182.887
44.2999 36.7774 16.3551 4.75718 182.838
44.3999 36.7902 16.4037 4.76634 182.79
44.4999 36.8028 16.4523 4.77549 182.741
44.5999 36.8152 16.5011 4.78463 182.692
44.6999 36.8275 16.5499 4.79375 182.643
44.7999 36.8395 16.5988 4.80287 182.594
44.8999 36.8514 16.6478 4.81197 182.545
44.9999 36.863 16.6969 4.82107 182.496
45.0999 36.8745 16.7461 4.83015 182.447
45.1999 36.8859 16.7953 4.83923 182.398
45.2999 36.897 16.8447 4.84829 182.349
45.3999 36.908 16.8941 4.85734 182.299
45.4999 36.9187 16.9436 4.86638 182.25
45.5999 36.9293 16.9932 4.87541 182.2
45.6999 36.9398 17.0429 4.88442 182.15
45.7999 36.95 17.0926 4.89343 182.101
45.8999 36.9601 17.1425 4.90243 182.051
45.9999 36.97 17.1924 4.91141 182.001
46.0999 36.9797 17.2425 4.92038 181.951
46.1999 36.9893 17.2926 4.92935 181.901
46.2999 36.9986 17.3427 4.9383 181.851
46.3999 37.0078 17.393 4.94724 181.8
46.4999 37.0169 17.4434 4.95617 181.75
46.5999 37.0257 17.4938 4.96508 181.699
46.6999 37.0344 17.5443 4.97399 181.649
46.7999 37.043 17.5949 4.98288 181.598
46.8999 37.0513 17.6456 4.99177 181.548
46.9999 37.0595 17.6964 5.00064 181.497
47.0999 37.0675 17.7473 5.0095 181.446
47.1999 37.0754 17.7982 5.01835 181.395
47.2999 37.0831 17.8492 5.02718 181.344
47.3998 37.0906 17.9003 5.03601 181.293
47.4998 37.098 17.9515 5.04482 181.242
47.5998 37.1052 18.0028 5.05363 181.19
47.6998 37.1122 18.0541 5.06242 181.139
47.7998 37.1191 18.1055 5.0712 181.088
47.8998 37.1258 18.1571 5.07997 181.036
47.9998 37.1323 18.2086 5.08872 180.985
48.0998 37.1387 18.2603 5.09747 180.933
48.1998 37.1449 18.3121 5.1062 180.881
48.2998 37.151 18.3639 5.11492 180.829
48.3998 37.1569 18.4158 5.12363 180.777
48.4998 37.1627 18.4678 5.13233 180.725
48.5998 37.1683 18.5199 5.14102 180.673
48.6998 37.1737 18.572 5.14969 180.621
48.7998 37.179 18.6243 5.15835 180.569
48.8998 37.1841 18.6766 5.16701 180.517
48.9998 37.1891 18.729 5.17564 180.464
49.0998 37.1939 18.7815 5.18427 180.412
49.1998 37.1986 18.834 5.19289 180.359
49.2998 37.2031 18.8867 5.20149 180.307
49.3998 37.2075 18.9394 5.21008 180.254
49.4998 37.2117 18.9922 5.21866 180.201
49.5998 37.2158 19.045 5.22723 180.148
49.6998 37.2197 19.098 5.23578 180.095
49.7998 37.2234 19.151 5.24432 180.042
49.8998 37.227 19.2041 5.25286 179.989
49.9998 37.2305 19.2573 5.26137 179.936
50.0998 37.2338 19.3106 5.26988 179.883
50.1998 37.237 19.3639 5.27838 179.829
50.2998 37.24 19.4173 5.28686 179.776
50.3998 37.2429 19.4708 5.29533 179.722
50.4998 37.2456 19.5244 5.30379 179.669
50.5998 37.2482 19.578 5.31223 179.615
50.6998 37.2507 19.6318 5.32066 179.561
50.7998 37.253 19.6856 5.32908 179.508
50.8998 37.2551 19.7394 5.33749 179.454
50.9998 37.2571 19.7934 5.34589 179.4
51.0998 37.259 19.8474 5.35427 179.346
51.1998 37.2607 19.9015 5.36264 179.292
51.2998 37.2623 19.9557 5.371 179.238
51.3998 37.2638 20.01 5.37935 179.183
51.4998 37.2651 20.0643 5.38768 179.129
51.5998 37.2663 20.1187 5.396 179.075
51.6998 37.2673 20.1732 5.40431 179.02
51.7998 37.2682 20.2278 5.41261 178.965
51.8998 37.2689 20.2824 5.42089 178.911
51.9998 37.2696 20.3371 5.42916 178.856
52.0998 37.27 20.3919 5.43742 178.801
52.1998 37.2704 20.4468 5.44567 178.746
52.2998 37.2706 20.5017 5.4539 178.692
52.3998 37.2707 20.5567 5.46212 178.637
52.4998 37.2706 20.6118 5.47033 178.581
52.5998 37.2705 20.667 5.47852 178.526
52.6998 37.2701 20.7222 5.4867 178.471
52.7998 37.2697 20.7775 5.49487 178.416
52.8998 37.2691 20.8329 5.50303 178.36
52.9998 37.2684 20.8883 5.51117 178.305
53.0998 37.2675 20.9439 5.5193 178.249
53.1998 37.2666 20.9995 5.52742 178.194
53.2998 37.2654 21.0551 5.53552 178.138
53.3998 37.2642 21.1109 5.54361 178.082
53.4998 37.2628 21.1667 5.55169 178.027
53.5998 37.2614 21.2226 5.55976 177.971
53.6998 37.2597 21.2785 5.56781 177.915
53.7998 37.258 21.3346 5.57585 177.859
53.8997 37.2561 21.3907 5.58388 177.803
53.9997 37.2541 21.4468 5.59189 177.746
54.0997 37.252 21.5031 5.59989 177.69
54.1997 37.2497 21.5594 5.60787 177.634
54.2997 37.2474 21.6158 5.61585 177.577
54.3997 37.2449 21.6722 5.62381 177.521
54.4997 37.2422 21.7288 5.63176 177.464
54.5997 37.2395 21.7854 5.63969 177.408
54.6997 37.2366 21.842 5.64761 177.351
54.7997 37.2336 21.8988 5.65552 177.294
54.8997 37.2305 21.9556 5.66341 177.238
54.9997 37.2273 22.0125 5.67129 177.181
55.0997 37.2239 22.0694 5.67916 177.124
55.1997 37.2204 22.1264 5.68701 177.067
55.2997 37.2168 22.1835 5.69485 177.01
55.3997 37.2131 22.2407 5.70268 176.953
55.4997 37.2093 22.2979 5.71049 176.895
55.5997 37.2053 22.3552 5.71829 176.838
55.6997 37.2013 22.4125 5.72607 176.781
55.7997 37.1971 22.47 5.73385 176.723
55.8997 37.1928 22.5275 5.74161 176.666
55.9997 37.1884 22.585 5.74935 176.608
56.0997 37.1838 22.6427 5.75708 176.551
56.1997 37.1792 22.7004 5.7648 176.493
56.2997 37.1744 22.7581 5.7725 176.435
56.3997 37.1695 22.816 5.78019 176.377
56.4997 37.1645 22.8739 5.78787 176.319
56.5997 37.1594 22.9318 5.79553 176.261
56.6997 37.1542 22.9899 5.80318 176.203
56.7997 37.1488 23.048 5.81082 176.145
56.8997 37.1434 23.1062 5.81844 176.087
56.9997 37.1378 23.1644 5.82605 176.029
57.0997 37.1322 23.2227 5.83364 175.971
57.1997 37.1264 23.2811 5.84122 175.912
57.2997 37.1205 23.3395 5.84878 175.854
57.3997 37.1145 23.398 5.85634 175.795
57.4997 37.1084 23.4566 5.86387 175.737
57.5997 37.1021 23.5152 5.8714 175.678
57.6997 37.0958 23.5739 5.87891 175.619
57.7997 37.0894 23.6326 5.8864 175.561
57.8997 37.0828 23.6915 5.89388 175.502
57.9997 37.0761 23.7504 5.90135 175.443
58.0997 37.0694 23.8093 5.9088 175.384
58.1997 37.0625 23.8683 5.91624 175.325
58.2997 37.0555 23.9274 5.92366 175.266
58.3997 37.0484 23.9866 5.93108 175.207
58.4997 37.0413 24.0458 5.93847 175.147
58.5997 37.034 24.105 5.94585 175.088
58.6997 37.0266 24.1644 5.95322 175.029
58.7997 37.0191 24.2238 5.96057 174.969
58.8997 37.0114 24.2832 5.96791 174.91
58.9997 37.0037 24.3427 5.97524 174.851
59.0997 36.9959 24.4023 5.98255 174.791
59.1997 36.988 24.462 5.98984 174.731
59.2997 36.98 24.5217 5.99712 174.672
59.3997 36.9718 24.5815 6.00439 174.612
59.4997 36.9636 24.6413 6.01164 174.552
59.5997 36.9553 24.7012 6.01888 174.492
59.6997 36.9469 24.7611 6.0261 174.432
59.7997 36.9383 24.8212 6.03331 174.372
59.8997 36.9297 24.8812 6.0405 174.312
59.9997 36.921 24.9414 6.04768 174.252
60.0997 36.9122 25.0016 6.05485 174.192
60.1997 36.9032 25.0618 6.062 174.131
60.2997 36.8942 25.1222 6.06913 174.071
60.3997 36.8851 25.1825 6.07625 174.011
60.4996 36.8759 25.243 6.08336 173.95
60.5996 36.8665 25.3035 6.09045 173.89
60.6996 36.8571 25.364 6.09752 173.829
60.7996 36.8476 25.4247 6.10459 173.769
60.8996 36.838 25.4853 6.11163 173.708
60.9996 36.8283 25.5461 6.11866 173.647
61.0996 36.8185 25.6069 6.12568 173.586
61.1996 36.8086 25.6677 6.13268 173.526
61.2996 36.7986 25.7286 6.13967 173.465
61.3996 36.7885 25.7896 6.14664 173.404
61.4996 36.7784 25.8506 6.1536 173.343
61.5996 36.7681 25.9117 6.16054 173.282
61.6996 36.7577 25.9729 6.16746 173.22
61.7996 36.7473 26.0341 6.17438 173.159
61.8996 36.7367 26.0953 6.18127 173.098
61.9996 36.7261 26.1567 6.18815 173.037
62.0996 36.7153 26.218 6.19502 172.975
62.1996 36.7045 26.2795 6.20187 172.914
62.2996 36.6936 26.3409 6.20871 172.852
62.3996 36.6826 26.4025 6.21553 172.791
62.4996 36.6715 26.4641 6.22233 172.729
62.5996 36.6603 26.5257 6.22912 172.668
62.6996 36.649 26.5875 6.23589 172.606
62.7996 36.6376 26.6492 6.24265 172.544
62.8996 36.6262 26.711 6.2494 172.482
62.9996 36.6146 26.7729 6.25613 172.42
63.0996 36.603 26.8349 6.26284 172.358
63.1996 36.5913 26.8968 6.26954 172.296
63.2996 36.5794 26.9589 6.27622 172.234
63.3996 36.5675 27.021 6.28289 172.172
63.4996 36.5555 27.0831 6.28954 172.11
63.5996 36.5435 27.1453 6.29617 172.048
63.6996 36.5313 27.2076 6.30279 171.986
63.7996 36.5191 27.2699 6.3094 171.923
63.8996 36.5067 27.3323 6.31599 171.861
63.9996 36.4943 27.3947 6.32256 171.799
64.0996 36.4818 27.4572 6.32912 171.736
64.1996 36.4692 27.5197 6.33566 171.674
64.2996 36.4565 27.5823 6.34218 171.611
64.3996 36.4438 27.6449 6.34869 171.548
64.4996 36.4309 27.7076 6.35519 171.486
64.5996 36.418 27.7703 6.36167 171.423
64.6996 36.405 27.8331 6.36813 171.36
64.7996 36.3919 27.8959 6.37458 171.297
64.8996 36.3787 27.9588 6.38101 171.234
64.9996 36.3655 28.0218 6.38743 171.171
65.0996 36.3521 28.0848 6.39383 171.108
65.1996 36.3387 28.1478 6.40021 171.045
65.2996 36.3252 28.2109 6.40658 170.982
65.3996 36.3116 28.2741 6.41293 170.919
65.4996 36.2979 28.3373 6.41926 170.856
65.5996 36.2842 28.4005 6.42558 170.793
65.6996 36.2704 28.4638 6.43189 170.729
65.7996 36.2564 28.5272 6.43818 170.666
65.8996 36.2425 28.5906 6.44445 170.603
65.9996 36.2284 28.654 6.4507 170.539
66.0996 36.2142 28.7175 6.45694 170.476
66.1996 36.2 28.781 6.46316 170.412
66.2996 36.1857 28.8446 6.46937 170.349
66.3996 36.1713 28.9083 6.47556 170.285
66.4996 36.1569 28.972 6.48174 170.221
66.5996 36.1423 29.0357 6.48789 170.158
66.6996 36.1277 29.0995 6.49404 170.094
66.7996 36.113 29.1633 6.50016 170.03
66.8996 36.0982 29.2272 6.50627 169.966
66.9995 36.0834 29.2911 6.51236 169.902
67.0995 36.0685 29.3551 6.51844 169.838
67.1995 36.0535 29.4191 6.5245 169.774
67.2995 36.0384 29.4832 6.53054 169.71
67.3995 36.0232 29.5473 6.53657 169.646
67.4995 36.008 29.6115 6.54258 169.582
67.5995 35.9927 29.6757 6.54857 169.518
67.6995 35.9773 29.74 6.55455 169.453
67.7995 35.9619 29.8043 6.56051 169.389
67.8995 35.9464 29.8686 6.56646 169.325
67.9995 35.9308 29.933 6.57238 169.26
68.0995 35.9151 29.9975 6.5783 169.196
68.1995 35.8993 30.062 6.58419 169.131
68.2995 35.8835 30.1265 6.59007 169.067
68.3995 35.8676 30.1911 6.59593 169.002
68.4995 35.8517 30.2557 6.60177 168.938
68.5995 35.8356 30.3203 6.6076 168.873
68.6995 35.8195 30.3851 6.61341 168.808
68.7995 35.8033 30.4498 6.61921 168.743
68.8995 35.7871 30.5146 6.62498 168.679
68.9995 35.7707 30.5795 6.63074 168.614
69.0995 35.7544 30.6443 6.63649 168.549
69.1995 35.7379 30.7093 6.64221 168.484
69.2995 35.7213 30.7742 6.64792 168.419
69.3995 35.7047 30.8393 6.65361 168.354
69.4995 35.6881 30.9043 6.65929 168.289
69.5995 35.6713 30.9694 6.66495 168.224
69.6995 35.6545 31.0345 6.67059 168.159
69.7995 35.6376 31.0997 6.67621 168.094
69.8995 35.6207 31.165 6.68182 168.028
69.9995 35.6036 31.2302 6.68741 167.963
70.0995 35.5865 31.2955 6.69298 167.898
70.1995 35.5694 31.3609 6.69854 167.832
70.2995 35.5522 31.4263 6.70408 167.767
70.3995 35.5349 31.4917 6.7096 167.702
70.4995 35.5175 31.5572 6.7151 167.636
70.5995 35.5001 31.6227 6.72059 167.571
70.6995 35.4826 31.6882 6.72606 167.505
70.7995 35.465 31.7538 6.73151 167.439
70.8995 35.4474 31.8195 6.73695 167.374
70.9995 35.4297 31.8851 6.74237 167.308
71.0995 35.4119 31.9509 6.74777 167.242
71.1995 35.3941 32.0166 6.75315 167.177
71.2995 35.3762 32.0824 6.75852 167.111
71.3995 35.3582 32.1482 6.76386 167.045
71.4995 35.3402 32.2141 6.76919 166.979
71.5995 35.3221 32.28 6.77451 166.913
71.6995 35.3039 32.3459 6.7798 166.847
71.7995 35.2857 32.4119 6.78508 166.781
71.8995 35.2674 32.478 6.79034 166.715
71.9995 35.2491 32.544 6.79558 166.649
72.0995 35.2307 32.6101 6.80081 166.583
72.1995 35.2122 32.6762 6.80602 166.517
72.2995 35.1937 32.7424 6.81121 166.451
72.3995 35.1751 32.8086 6.81638 166.385
72.4995 35.1564 32.8749 6.82153 166.318
72.5995 35.1377 32.9411 6.82667 166.252
72.6995 35.1189 33.0075 6.83179 166.186
72.7995 35.1 33.0738 6.83689 166.119
72.8995 35.0811 33.1402 6.84198 166.053
72.9995 35.0621 33.2066 6.84704 165.987
73.0995 35.0431 33.2731 6.85209 165.92
73.1995 35.024 33.3396 6.85712 165.854
73.2995 35.0048 33.4061 6.86213 165.787
73.3995 34.9856 33.4727 6.86713 165.721
73.4995 34.9663 33.5393 6.8721 165.654
73.5994 34.947 33.6059 6.87706 165.587
73.6994 34.9276 33.6726 6.882 165.521
73.7994 34.9081 33.7393 6.88692 165.454
73.8994 34.8886 33.806 6.89183 165.387
73.9994 34.869 33.8728 6.89671 165.32
74.0994 34.8494 33.9396 6.90158 165.254
74.1994 34.8297 34.0064 6.90643 165.187
74.2994 34.8099 34.0733 6.91126 165.12
74.3994 34.7901 34.1402 6.91608 165.053
74.4994 34.7702 34.2071 6.92087 164.986
74.5994 34.7503 34.2741 6.92565 164.919
74.6994 34.7303 34.3411 6.93041 164.852
74.7994 34.7102 34.4081 6.93515 164.785
74.8994 34.6901 34.4752 6.93987 164.718
74.9994 34.6699 34.5423 6.94457 164.651
75.0994 34.6497 34.6094 6.94926 164.584
75.1994 34.6294 34.6766 6.95393 164.517
75.2994 34.6091 34.7438 6.95858 164.449
75.3994 34.5887 34.811 6.96321 164.382
75.4994 34.5682 34.8782 6.96782 164.315
75.5994 34.5477 34.9455 6.97241 164.248
75.6994 34.5271 35.0128 6.97699 164.18
75.7994 34.5065 35.0802 6.98155 164.113
75.8994 34.4858 35.1475 6.98608 164.046
75.9994 34.4651 35.2149 6.9906 163.978
76.0994 34.4443 35.2824 6.9951 163.911
76.1994 34.4235 35.3498 6.99959 163.843
76.2994 34.4026 35.4173 7.00405 163.776
76.3994 34.3816 35.4848 7.0085 163.708
76.4994 34.3606 35.5524 7.01292 163.641
76.5994 34.3395 35.6199 7.01733 163.573
76.6994 34.3184 35.6875 7.02172 163.506
76.7994 34.2972 35.7552 7.02609 163.438
76.8994 34.276 35.8228 7.03044 163.37
76.9994 34.2547 35.8905 7.03478 163.303
77.0994 34.2334 35.9582 7.03909 163.235
77.1994 34.212 36.0259 7.04339 163.167
77.2994 34.1906 36.0937 7.04766 163.1
77.3994 34.1691 36.1615 7.05192 163.032
77.4994 34.1475 36.2293 7.05616 162.964
77.5994 34.1259 36.2972 7.06038 162.896
77.6994 34.1042 36.365 7.06458 162.828
77.7994 34.0825 36.4329 7.06876 162.76
77.8994 34.0608 36.5009 7.07292 162.692
77.9994 34.039 36.5688 7.07707 162.624
78.0994 34.0171 36.6368 7.08119 162.556
78.1994 33.9952 36.7048 7.0853 162.488
78.2994 33.9732 36.7728 7.08939 162.42
78.3994 33.9512 36.8408 7.09345 162.352
78.4994 33.9291 36.9089 7.0975 162.284
78.5994 33.907 36.977 7.10153 162.216
78.6994 33.8849 37.0451 7.10554 162.148
78.7994 33.8626 37.1133 7.10953 162.08
78.8994 33.8404 37.1814 7.11351 162.012
78.9994 33.818 37.2496 7.11746 161.944
79.0994 33.7957 37.3178 7.12139 161.875
79.1994 33.7732 37.3861 7.12531 161.807
79.2994 33.7508 37.4543 7.1292 161.739
79.3994 33.7283 37.5226 7.13308 161.671
79.4994 33.7057 37.5909 7.13693 161.602
79.5994 33.6831 37.6592 7.14077 161.534
79.6994 33.6604 37.7276 7.14459 161.466
79.7994 33.6377 37.796 7.14838 161.397
79.8994 33.6149 37.8644 7.15216 161.329
79.9994 33.5921 37.9328 7.15592 161.26
80.0993 33.5692 38.0012 7.15966 161.192
80.1993 33.5463 38.0696 7.16338 161.124
80.2993 33.5234 38.1381 7.16708 161.055
80.3993 33.5003 38.2066 7.17076 160.987
80.4993 33.4773 38.2751 7.17442 160.918
80.5993 33.4542 38.3437 7.17807 160.85
80.6993 33.431 38.4122 7.18169 160.781
80.7993 33.4078 38.4808 7.18529 160.712
80.8993 33.3846 38.5494 7.18887 160.644
80.9993 33.3613 38.618 7.19244 160.575
81.0993 33.3379 38.6866 7.19598 160.507
81.1993 33.3146 38.7553 7.1995 160.438
81.2993 33.2911 38.824 7.20301 160.369
81.3993 33.2676 38.8926 7.20649 160.301
81.4993 33.2441 38.9614 7.20996 160.232
81.5993 33.2205 39.0301 7.2134 160.163
81.6993 33.1969 39.0988 7.21683 160.094
81.7993 33.1733 39.1676 7.22023 160.026
81.8993 33.1496 39.2364 7.22362 159.957
81.9993 33.1258 39.3051 7.22698 159.888
82.0993 33.102 39.374 7.23033 159.819
82.1993 33.0782 39.4428 7.23365 159.75
82.2993 33.0543 39.5116 7.23696 159.682
82.3993 33.0303 39.5805 7.24024 159.613
82.4993 33.0063 39.6494 7.24351 159.544
82.5993 32.9823 39.7183 7.24675 159.475
82.6993 32.9582 39.7872 7.24998 159.406
82.7993 32.9341 39.8561 7.25318 159.337
82.8993 32.91 39.925 7.25637 159.268
82.9993 32.8858 39.994 7.25953 159.199
83.0993 32.8615 40.0629 7.26267 159.13
83.1993 32.8372 40.1319 7.2658 159.061
83.2993 32.8129 40.2009 7.2689 158.992
83.3993 32.7885 40.2699 7.27199 158.923
83.4993 32.7641 40.339 7.27505 158.854
83.5993 32.7396 40.408 7.27809 158.785
83.6993 32.7151 40.477 7.28112 158.716
83.7993 32.6906 40.5461 7.28412 158.647
83.8993 32.666 40.6152 7.2871 158.578
83.9993 32.6414 40.6843 7.29006 158.509
84.0993 32.6167 40.7534 7.29301 158.44
84.1993 32.592 40.8225 7.29593 158.371
84.2993 32.5672 40.8916 7.29883 158.302
84.3993 32.5424 40.9608 7.30171 158.232
84.4993 32.5175 41.0299 7.30457 158.163
84.5993 32.4927 41.0991 7.30741 158.094
84.6993 32.4677 41.1683 7.31023 158.025
84.7993 32.4428 41.2374 7.31303 157.956
84.8993 32.4177 41.3066 7.3158 157.887
84.9993 32.3927 41.3759 7.31856 157.817
85.0993 32.3676 41.4451 7.3213 157.748
85.1993 32.3425 41.5143 7.32401 157.679
85.2993 32.3173 41.5835 7.32671 157.61
85.3993 32.2921 41.6528 7.32939 157.54
85.4993 32.2668 41.722 7.33204 157.471
85.5993 32.2415 41.7913 7.33467 157.402
85.6993 32.2162 41.8606 7.33729 157.333
85.7993 32.1908 41.9299 7.33988 157.263
85.8993 32.1654 41.9992 7.34245 157.194
85.9993 32.1399 42.0685 7.345 157.125
86.0993 32.1144 42.1378 7.34753 157.055
86.1993 32.0889 42.2071 7.35004 156.986
86.2993 32.0633 42.2764 7.35253 156.917
86.3993 32.0377 42.3458 7.35499 156.847
86.4993 32.012 42.4151 7.35744 156.778
86.5993 31.9863 42.4845 7.35987 156.709
86.6992 31.9606 42.5538 7.36227 156.639
86.7992 31.9348 42.6232 7.36465 156.57
86.8992 31.909 42.6926 7.36702 156.501
86.9992 31.8831 42.762 7.36936 156.431
87.0992 31.8572 42.8313 7.37168 156.362
87.1992 31.8313 42.9007 7.37398 156.293
87.2992 31.8054 42.9701 7.37626 156.223
87.3992 31.7793 43.0395 7.37851 156.154
87.4992 31.7533 43.1089 7.38075 156.084
87.5992 31.7272 43.1784 7.38297 156.015
87.6992 31.7011 43.2478 7.38516 155.945
87.7992 31.6749 43.3172 7.38733 155.876
87.8992 31.6488 43.3866 7.38948 155.807
87.9992 31.6225 43.4561 7.39162 155.737
88.0992 31.5962 43.5255 7.39372 155.668
88.1992 31.5699 43.5949 7.39581 155.598
88.2992 31.5436 43.6644 7.39788 155.529
88.3992 31.5172 43.7338 7.39993 155.459
88.4992 31.4908 43.8033 7.40195 155.39
88.5992 31.4643 43.8728 7.40395 155.321
88.6992 31.4379 43.9422 7.40593 155.251
88.7992 31.4113 44.0117 7.40789 155.182
88.8992 31.3848 44.0811 7.40983 155.112
88.9992 31.3582 44.1506 7.41175 155.043
89.0992 31.3315 44.2201 7.41365 154.973
89.1992 31.3049 44.2895 7.41552 154.904
89.2992 31.2781 44.359 7.41738 154.834
89.3992 31.2514 44.4285 7.41921 154.765
89.4992 31.2246 44.498 7.42102 154.695
89.5992 31.1978 44.5674 7.42281 154.626
89.6992 31.171 44.6369 7.42457 154.556
89.7992 31.1441 44.7064 7.42632 154.487
89.8992 31.1171 44.7759 7.42804 154.417
89.9992 31.0902 44.8453 7.42975 154.348
90.0992 31.0632 44.9148 7.43143 154.278
90.1992 31.0362 44.9843 7.43309 154.209
90.2992 31.0091 45.0538 7.43472 154.139
90.3992 30.982 45.1233 7.43634 154.07
90.4992 30.9549 45.1927 7.43793 154.001
90.5992 30.9277 45.2622 7.43951 153.931
90.6992 30.9005 45.3317 7.44106 153.862
90.7992 30.8733 45.4012 7.44259 153.792
90.8992 30.846 45.4706 7.44409 153.723
90.9992 30.8187 45.5401 7.44558 153.653
91.0992 30.7914 45.6096 7.44704 153.584
91.1992 30.764 45.679 7.44848 153.514
91.2992 30.7366 45.7485 7.4499 153.445
91.3992 30.7092 45.8179 7.4513 153.375
91.4992 30.6817 45.8874 7.45268 153.306
91.5992 30.6542 45.9569 7.45403 153.236
91.6992 30.6266 46.0263 7.45537 153.167
91.7992 30.5991 46.0957 7.45668 153.098
91.8992 30.5715 46.1652 7.45797 153.028
91.9992 30.5438 46.2346 7.45923 152.959
92.0992 30.5162 46.3041 7.46048 152.889
92.1992 30.4885 46.3735 7.4617 152.82
92.2992 30.4607 46.4429 7.4629 152.75
92.3992 30.4329 46.5123 7.46408 152.681
92.4992 30.4051 46.5817 7.46523 152.612
92.5992 30.3773 46.6512 7.46637 152.542
92.6992 30.3494 46.7206 7.46748 152.473
92.7992 30.3215 46.79 7.46857 152.403
92.8992 30.2936 46.8594 7.46964 152.334
92.9992 30.2657 46.9287 7.47069 152.265
93.0992 30.2377 46.9981 7.47171 152.195
93.1992 30.2096 47.0675 7.47271 152.126
93.2991 30.1816 47.1369 7.47369 152.056
93.3991 30.1535 47.2062 7.47465 151.987
93.4991 30.1254 47.2756 7.47558 151.918
93.5991 30.0972 47.3449 7.47649 151.848
93.6991 30.069 47.4143 7.47738 151.779
93.7991 30.0408 47.4836 7.47825 151.71
93.8991 30.0126 47.5529 7.4791 151.64
93.9991 29.9843 47.6222 7.47992 151.571
94.0991 29.956 47.6915 7.48072 151.502
94.1991 29.9276 47.7608 7.4815 151.432
94.2991 29.8993 47.8301 7.48226 151.363
94.3991 29.8709 47.8994 7.48299 151.294
94.4991 29.8424 47.9687 7.4837 151.225
94.5991 29.814 48.0379 7.48439 151.155
94.6991 29.7855 48.1072 7.48506 151.086
94.7991 29.757 48.1764 7.4857 151.017
94.8991 29.7284 48.2456 7.48632 150.948
94.9991 29.6998 48.3148 7.48692 150.878
95.0991 29.6712 48.3841 7.4875 150.809
95.1991 29.6426 48.4533 7.48805 150.74
95.2991 29.6139 48.5224 7.48858 150.671
95.3991 29.5852 48.5916 7.48909 150.602
95.4991 29.5565 48.6608 7.48957 150.532
95.5991 29.5277 48.7299 7.49004 150.463
95.6991 29.4989 48.7991 7.49048 150.394
95.7991 29.4701 48.8682 7.4909 150.325
95.8991 29.4413 48.9373 7.49129 150.256
95.9991 29.4124 49.0064 7.49166 150.187
96.0991 29.3835 49.0755 7.49201 150.118
96.1991 29.3545 49.1446 7.49234 150.049
96.2991 29.3256 49.2137 7.49265 149.98
96.3991 29.2966 49.2827 7.49293 149.911
96.4991 29.2675 49.3517 7.49319 149.842
96.5991 29.2385 49.4208 7.49342 149.772
96.6991 29.2094 49.4898 7.49364 149.703
96.7991 29.1803 49.5588 7.49383 149.634
96.8991 29.1512 49.6278 7.49399 149.565
96.9991 29.122 49.6967 7.49414 149.497
97.0991 29.0928 49.7657 7.49426 149.428
97.1991 29.0636 49.8346 7.49436 149.359
97.2991 29.0343 49.9035 7.49444 149.29
97.3991 29.0051 49.9725 7.49449 149.221
97.4991 28.9758 50.0413 7.49452 149.152
97.5991 28.9464 50.1102 7.49453 149.083
97.6991 28.9171 50.1791 7.49451 149.014
97.7991 28.8877 50.2479 7.49447 148.945
97.8991 28.8583 50.3167 7.49441 148.877
97.9991 28.8288 50.3856 7.49432 148.808
98.0991 28.7993 50.4544 7.49422 148.739
98.1991 28.7698 50.5231 7.49409 148.67
98.2991 28.7403 50.5919 7.49393 148.601
98.3991 28.7108 50.6606 7.49376 148.533
98.4991 28.6812 50.7294 7.49356 148.464
98.5991 28.6516 50.7981 7.49333 148.395
98.6991 28.6219 50.8667 7.49309 148.327
98.7991 28.5923 50.9354 7.49282 148.258
98.8991 28.5626 51.0041 7.49252 148.189
98.9991 28.5329 51.0727 7.49221 148.121
99.0991 28.5031 51.1413 7.49187 148.052
99.1991 28.4734 51.2099 7.49151 147.983
99.2991 28.4436 51.2785 7.49112 147.915
99.3991 28.4138 51.347 7.49071 147.846
99.4991 28.3839 51.4156 7.49028 147.778
99.5991 28.3541 51.4841 7.48983 147.709
99.6991 28.3242 51.5526 7.48935 147.641
99.799 28.2942 51.6211 7.48885 147.572
99.899 28.2643 51.6895 7.48832 147.504
99.999 28.2343 51.7579 7.48777 147.435
100.099 28.2043 51.8264 7.4872 147.367
100.199 28.1743 51.8948 7.48661 147.299
100.299 28.1442 51.9631 7.48599 147.23
100.399 28.1141 52.0315 7.48535 147.162
100.499 28.084 52.0998 7.48468 147.093
100.599 28.0539 52.1681 7.48399 147.025
100.699 28.0238 52.2364 7.48328 146.957
100.799 27.9936 52.3046 7.48254 146.889
100.899 27.9634 52.3729 7.48179 146.82
100.999 27.9331 52.4411 7.481 146.752
101.099 27.9029 52.5093 7.4802 146.684
101.199 27.8726 52.5774 7.47937 146.616
101.299 27.8423 52.6456 7.47851 146.548
101.399 27.812 52.7137 7.47764 146.48
101.499 27.7816 52.7818 7.47674 146.411
101.599 27.7512 52.8499 7.47581 146.343
101.699 27.7208 52.9179 7.47487 146.275
101.799 27.6904 52.9859 7.4739 146.207
101.899 27.66 53.0539 7.4729 146.139
101.999 27.6295 53.1219 7.47188 146.071
102.099 27.599 53.1899 7.47084 146.003
102.199 27.5685 53.2578 7.46978 145.935
102.299 27.5379 53.3257 7.46869 145.868
102.399 27.5073 53.3936 7.46758 145.8
102.499 27.4767 53.4614 7.46644 145.732
102.599 27.4461 53.5292 7.46528 145.664
102.699 27.4155 53.597 7.4641 145.596
102.799 27.3848 53.6648 7.46289 145.528
102.899 27.3541 53.7325 7.46166 145.461
102.999 27.3234 53.8002 7.46041 145.393
103.099 27.2927 53.8679 7.45913 145.325
103.199 27.2619 53.9356 7.45782 145.258
103.299 27.2311 54.0032 7.4565 145.19
103.399 27.2003 54.0708 7.45515 145.122
103.499 27.1695 54.1384 7.45378 145.055
103.599 27.1386 54.2059 7.45238 144.987
103.699 27.1077 54.2734 7.45096 144.92
103.799 27.0768 54.3409 7.44951 144.852
103.899 27.0459 54.4084 7.44804 144.785
103.999 27.0149 54.4758 7.44655 144.717
104.099 26.984 54.5432 7.44503 144.65
104.199 26.953 54.6106 7.44349 144.583
104.299 26.922 54.6779 7.44193 144.515
104.399 26.8909 54.7452 7.44034 144.448
104.499 26.8599 54.8125 7.43873 144.381
104.599 26.8288 54.8798 7.43709 144.313
104.699 26.7977 54.947 7.43543 144.246
104.799 26.7665 55.0142 7.43375 144.179
104.899 26.7354 55.0813 7.43204 144.112
104.999 26.7042 55.1484 7.43031 144.045
105.099 26.673 55.2155 7.42855 143.978
105.199 26.6418 55.2826 7.42677 143.911
105.299 26.6106 55.3496 7.42497 143.844
105.399 26.5793 55.4166 7.42314 143.777
105.499 26.548 55.4836 7.42129 143.71
105.599 26.5167 55.5505 7.41941 143.643
105.699 26.4854 55.6174 7.41751 143.576
105.799 26.454 55.6843 7.41559 143.509
105.899 26.4227 55.7511 7.41364 143.442
105.999 26.3913 55.818 7.41167 143.375
106.099 26.3598 55.8847 7.40967 143.309
106.199 26.3284 55.9515 7.40765 143.242
106.299 26.297 56.0182 7.40561 143.175
106.399 26.2655 56.0848 7.40354 143.108
106.499 26.234 56.1515 7.40144 143.042
106.599 26.2025 56.2181 7.39933 142.975
106.699 26.1709 56.2846 7.39719 142.909
106.799 26.1393 56.3512 7.39502 142.842
106.899 26.1078 56.4177 7.39283 142.776
106.999 26.0762 56.4841 7.39062 142.709
107.099 26.0445 56.5505 7.38838 142.643
107.199 26.0129 56.6169 7.38612 142.576
107.299 25.9812 56.6833 7.38383 142.51
107.399 25.9495 56.7496 7.38152 142.444
107.499 25.9178 56.8159 7.37919 142.377
107.599 25.8861 56.8821 7.37683 142.311
107.699 25.8543 56.9483 7.37444 142.245
107.799 25.8226 57.0145 7.37204 142.179
107.899 25.7908 57.0806 7.3696 142.113
107.999 25.759 57.1467 7.36715 142.047
108.099 25.7271 57.2128 7.36467 141.98
108.199 25.6953 57.2788 7.36216 141.914
108.299 25.6634 57.3448 7.35963 141.848
108.399 25.6315 57.4107 7.35708 141.783
108.499 25.5996 57.4767 7.3545 141.717
108.599 25.5677 57.5425 7.3519 141.651
108.699 25.5357 57.6084 7.34927 141.585
108.799 25.5037 57.6741 7.34662 141.519
108.899 25.4717 57.7399 7.34395 141.453
108.999 25.4397 57.8056 7.34125 141.388
109.099 25.4077 57.8713 7.33852 141.322
109.199 25.3756 57.9369 7.33578 141.256
109.299 25.3436 58.0025 7.333 141.191
109.399 25.3115 58.0681 7.33021 141.125
109.499 25.2794 58.1336 7.32739 141.06
109.599 25.2472 58.1991 7.32454 140.994
109.699 25.2151 58.2645 7.32167 140.929
109.799 25.1829 58.3299 7.31877 140.863
109.899 25.1507 58.3952 7.31586 140.798
109.999 25.1185 58.4605 7.31291 140.733
110.099 25.0863 58.5258 7.30994 140.667
110.199 25.0541 58.591 7.30695 140.602
110.299 25.0218 58.6562 7.30393 140.537
110.399 24.9895 58.7214 7.30089 140.472
110.499 24.9572 58.7865 7.29783 140.407
110.599 24.9249 58.8515 7.29474 140.342
110.699 24.8925 58.9165 7.29162 140.277
110.799 24.8602 58.9815 7.28848 140.212
110.899 24.8278 59.0464 7.28532 140.147
110.999 24.7954 59.1113 7.28213 140.082
111.099 24.763 59.1762 7.27892 140.017
111.199 24.7306 59.241 7.27568 139.952
111.299 24.6981 59.3057 7.27242 139.888
111.399 24.6656 59.3704 7.26913 139.823
111.499 24.6332 59.4351 7.26582 139.758
111.599 24.6006 59.4997 7.26248 139.694
111.699 24.5681 59.5643 7.25912 139.629
111.799 24.5356 59.6288 7.25574 139.564
111.899 24.503 59.6933 7.25233 139.5
111.999 24.4704 59.7577 7.2489 139.436
112.099 24.4378 59.8221 7.24544 139.371
112.199 24.4052 59.8865 7.24195 139.307
112.299 24.3726 59.9508 7.23845 139.242
112.399 24.3399 60.0151 7.23491 139.178
112.499 24.3073 60.0793 7.23136 139.114
112.599 24.2746 60.1434 7.22778 139.05
112.699 24.2419 60.2076 7.22417 138.986
112.799 24.2092 60.2716 7.22054 138.922
112.899 24.1764 60.3357 7.21688 138.858
112.999 24.1437 60.3996 7.2132 138.794
113.099 24.1109 60.4636 7.2095 138.73
113.199 24.0781 60.5275 7.20577 138.666
113.299 24.0453 60.5913 7.20201 138.602
113.399 24.0125 60.6551 7.19824 138.538
113.499 23.9796 60.7188 7.19443 138.474
113.599 23.9467 60.7825 7.19061 138.411
113.699 23.9139 60.8462 7.18675 138.347
113.799 23.881 60.9098 7.18288 138.284
113.899 23.8481 60.9733 7.17897 138.22
113.999 23.8151 61.0368 7.17505 138.156
114.099 23.7822 61.1002 7.1711 138.093
114.199 23.7492 61.1636 7.16712 138.03
114.299 23.7162 61.227 7.16312 137.966
114.399 23.6832 61.2903 7.15909 137.903
114.499 23.6502 61.3535 7.15504 137.84
114.599 23.6172 61.4167 7.15097 137.777
114.699 23.5841 61.4799 7.14687 137.713
114.799 23.5511 61.543 7.14275 137.65
114.899 23.518 61.606 7.1386 137.587
114.999 23.4849 61.669 7.13442 137.524
115.099 23.4518 61.732 7.13023 137.461
115.199 23.4186 61.7949 7.126 137.398
115.299 23.3855 61.8577 7.12176 137.336
115.399 23.3523 61.9205 7.11748 137.273
115.499 23.3191 61.9832 7.11319 137.21
115.599 23.2859 62.0459 7.10886 137.147
115.699 23.2527 62.1085 7.10452 137.085
115.799 23.2195 62.1711 7.10015 137.022
115.899 23.1862 62.2336 7.09575 136.96
115.999 23.153 62.2961 7.09133 136.897
116.099 23.1197 62.3585 7.08689 136.835
116.199 23.0864 62.4209 7.08242 136.772
116.299 23.0531 62.4832 7.07792 136.71
116.399 23.0198 62.5455 7.0734 136.648
116.499 22.9864 62.6077 7.06886 136.586
116.599 22.9531 62.6698 7.06429 136.523
116.699 22.9197 62.7319 7.05969 136.461
116.799 22.8863 62.794 7.05508 136.399
116.899 22.8529 62.856 7.05043 136.337
116.999 22.8195 62.9179 7.04576 136.275
117.099 22.7861 62.9798 7.04107 136.213
117.199 22.7526 63.0416 7.03635 136.152
117.299 22.7191 63.1034 7.03161 136.09
117.399 22.6856 63.1651 7.02685 136.028
117.499 22.6521 63.2267 7.02205 135.967
117.599 22.6186 63.2883 7.01724 135.905
117.699 22.5851 63.3499 7.0124 135.843
117.799 22.5516 63.4114 7.00753 135.782
117.899 22.518 63.4728 7.00264 135.72
117.999 22.4844 63.5342 6.99773 135.659
118.099 22.4508 63.5955 6.99279 135.598
118.199 22.4172 63.6568 6.98782 135.537
118.299 22.3836 63.718 6.98283 135.475
118.399 22.35 63.7791 6.97782 135.414
118.499 22.3163 63.8402 6.97278 135.353
118.599 22.2827 63.9012 6.96771 135.292
118.699 22.249 63.9622 6.96263 135.231
118.799 22.2153 64.0231 6.95751 135.17
118.899 22.1816 64.084 6.95237 135.109
118.999 22.1478 64.1448 6.94721 135.048
119.099 22.1141 64.2055 6.94203 134.988
119.199 22.0804 64.2662 6.93681 134.927
119.299 22.0466 64.3268 6.93158 134.866
119.399 22.0128 64.3874 6.92631 134.806
119.499 21.979 64.4479 6.92103 134.745
119.599 21.9452 64.5083 6.91572 134.685
119.699 21.9114 64.5687 6.91038 134.625
119.799 21.8775 64.629 6.90502 134.564
119.899 21.8437 64.6893 6.89964 134.504
119.999 21.8098 64.7495 6.89423 134.444
120.099 21.7759 64.8096 6.88879 134.384
120.199 21.742 64.8697 6.88333 134.324
120.299 21.7081 64.9297 6.87785 134.264
120.399 21.6742 64.9897 6.87234 134.204
120.499 21.6402 65.0496 6.86681 134.144
120.599 21.6063 65.1094 6.86125 134.084
120.699 21.5723 65.1692 6.85567 134.024
120.799 21.5383 65.2289 6.85006 133.964
120.899 21.5043 65.2885 6.84443 133.905
120.999 21.4703 65.3481 6.83877 133.845
121.099 21.4363 65.4076 6.83309 133.786
121.199 21.4023 65.4671 6.82738 133.726
121.299 21.3682 65.5265 6.82165 133.667
121.399 21.3341 65.5858 6.8159 133.607
121.499 21.3001 65.6451 6.81012 133.548
121.599 21.266 65.7043 6.80431 133.489
121.699 21.2319 65.7635 6.79848 133.43
121.799 21.1977 65.8225 6.79263 133.371
121.899 21.1636 65.8816 6.78675 133.312
121.999 21.1295 65.9405 6.78085 133.253
122.099 21.0953 65.9994 6.77492 133.194
122.199 21.0611 66.0582 6.76897 133.135
122.299 21.0269 66.117 6.76299 133.076
122.399 20.9927 66.1757 6.75699 133.018
122.499 20.9585 66.2343 6.75096 132.959
122.599 20.9243 66.2929 6.74491 132.9
122.699 20.89 66.3514 6.73883 132.842
122.799 20.8558 66.4098 6.73273 132.783
122.899 20.8215 66.4682 6.72661 132.725
122.999 20.7872 66.5265 6.72046 132.667
123.099 20.753 66.5847 6.71429 132.609
123.199 20.7186 66.6429 6.70809 132.55
123.299 20.6843 66.701 6.70187 132.492
123.399 20.65 66.759 6.69562 132.434
123.499 20.6156 66.817 6.68935 132.376
123.599 20.5813 66.8749 6.68305 132.318
123.699 20.5469 66.9327 6.67673 132.261
123.799 20.5125 66.9905 6.67038 132.203
123.899 20.4781 67.0482 6.66401 132.145
123.999 20.4437 67.1058 6.65762 132.087
124.099 20.4093 67.1634 6.6512 132.03
124.199 20.3749 67.2209 6.64475 131.972
124.299 20.3404 67.2783 6.63829 131.915
124.399 20.306 67.3357 6.63179 131.858
124.499 20.2715 67.393 6.62528 131.8
124.599 20.237 67.4502 6.61873 131.743
124.699 20.2025 67.5074 6.61217 131.686
124.799 20.168 67.5645 6.60558 131.629
124.899 20.1335 67.6215 6.59896 131.572
124.999 20.0989 67.6784 6.59232 131.515
125.099 20.0644 67.7353 6.58566 131.458
125.199 20.0298 67.7921 6.57897 131.401
125.299 19.9953 67.8489 6.57226 131.344
125.399 19.9607 67.9055 6.56552 131.288
125.499 19.9261 67.9621 6.55876 131.231
125.599 19.8915 68.0187 6.55197 131.175
125.699 19.8568 68.0751 6.54516 131.118
125.799 19.8222 68.1315 6.53833 131.062
125.899 19.7876 68.1878 6.53147 131.005
125.999 19.7529 68.2441 6.52459 130.949
126.099 19.7182 68.3002 6.51768 130.893
126.199 19.6836 68.3564 6.51075 130.837
126.299 19.6489 68.4124 6.50379 130.781
126.399 19.6142 68.4683 6.49681 130.725
126.499 19.5794 68.5242 6.4898 130.669
126.599 19.5447 68.58 6.48278 130.613
126.699 19.51 68.6358 6.47572 130.557
126.799 19.4752 68.6915 6.46864 130.502
126.899 19.4405 68.7471 6.46154 130.446
126.999 19.4057 68.8026 6.45442 130.391
127.099 19.3709 68.858 6.44727 130.335
127.199 19.3361 68.9134 6.44009 130.28
127.299 19.3013 68.9687 6.43289 130.225
127.399 19.2665 69.0239 6.42567 130.169
127.499 19.2316 69.0791 6.41842 130.114
127.599 19.1968 69.1342 6.41115 130.059
127.699 19.1619 69.1892 6.40385 130.004
127.799 19.1271 69.2441 6.39653 129.949
127.899 19.0922 69.299 6.38919 129.894
127.999 19.0573 69.3538 6.38182 129.839
128.099 19.0224 69.4085 6.37443 129.785
128.199 18.9875 69.4631 6.36701 129.73
128.299 18.9526 69.5177 6.35957 129.676
128.399 18.9176 69.5722 6.35211 129.621
128.499 18.8827 69.6266 6.34462 129.567
128.599 18.8477 69.681 6.33711 129.512
128.699 18.8127 69.7352 6.32957 129.458
128.799 18.7778 69.7894 6.32201 129.404
128.899 18.7428 69.8435 6.31442 129.35
128.999 18.7078 69.8976 6.30681 129.296
129.099 18.6728 69.9515 6.29918 129.242
129.199 18.6377 70.0054 6.29152 129.188
129.299 18.6027 70.0592 6.28384 129.134
129.399 18.5676 70.113 6.27614 129.08
129.499 18.5326 70.1666 6.26841 129.027
129.599 18.4975 70.2202 6.26066 128.973
129.699 18.4624 70.2737 6.25288 128.92
129.799 18.4273 70.3271 6.24508 128.866
129.899 18.3922 70.3805 6.23725 128.813
129.999 18.3571 70.4337 6.22941 128.76
130.099 18.322 70.4869 6.22153 128.706
130.199 18.2869 70.54 6.21364 128.653
130.299 18.2517 70.5931 6.20572 128.6
130.399 18.2166 70.646 6.19777 128.547
130.499 18.1814 70.6989 6.18981 128.494
130.599 18.1462 70.7517 6.18182 128.442
130.699 18.1111 70.8044 6.1738 128.389
130.799 18.0759 70.857 6.16576 128.336
130.899 18.0407 70.9096 6.1577 128.284
130.999 18.0054 70.9621 6.14961 128.231
131.099 17.9702 71.0145 6.14151 128.179
131.199 17.935 71.0668 6.13337 128.126
131.299 17.8997 71.119 6.12521 128.074
131.399 17.8645 71.1712 6.11703 128.022
131.499 17.8292 71.2233 6.10883 127.97
131.599 17.7939 71.2753 6.1006 127.918
131.699 17.7586 71.3272 6.09235 127.866
131.799 17.7233 71.3791 6.08408 127.814
131.899 17.688 71.4308 6.07578 127.762
131.999 17.6527 71.4825 6.06746 127.711
132.099 17.6174 71.5341 6.05911 127.659
132.199 17.5821 71.5856 6.05074 127.608
132.299 17.5467 71.637 6.04235 127.556
132.399 17.5113 71.6884 6.03393 127.505
132.499 17.476 71.7397 6.02549 127.454
132.599 17.4406 71.7908 6.01703 127.402
132.699 17.4052 71.842 6.00854 127.351
132.799 17.3698 71.893 6.00003 127.3
132.899 17.3344 71.9439 5.9915 127.249
132.999 17.299 71.9948 5.98294 127.198
133.099 17.2636 72.0456 5.97437 127.148
133.199 17.2281 72.0962 5.96576 127.097
133.299 17.1927 72.1469 5.95714 127.046
133.399 17.1572 72.1974 5.94849 126.996
133.499 17.1218 72.2478 5.93981 126.945
133.599 17.0863 72.2982 5.93112 126.895
133.699 17.0508 72.3485 5.9224 126.845
133.799 17.0153 72.3987 5.91366 126.795
133.899 16.9798 72.4488 5.90489 126.744
133.999 16.9443 72.4988 5.8961 126.694
134.099 16.9088 72.5487 5.88729 126.645
134.199 16.8733 72.5986 5.87846 126.595
134.299 16.8377 72.6484 5.8696 126.545
134.399 16.8022 72.6981 5.86072 126.495
134.499 16.7666 72.7477 5.85181 126.446
134.599 16.731 72.7972 5.84289 126.396
134.699 16.6955 72.8466 5.83394 126.347
134.799 16.6599 72.8959 5.82496 126.297
134.899 16.6243 72.9452 5.81597 126.248
134.999 16.5887 72.9944 5.80695 126.199
135.099 16.5531 73.0435 5.79791 126.15
135.199 16.5174 73.0925 5.78884 126.101
135.299 16.4818 73.1414 5.77975 126.052
135.399 16.4462 73.1902 5.77064 126.003
135.499 16.4105 73.239 5.76151 125.954
135.599 16.3749 73.2876 5.75235 125.906
135.699 16.3392 73.3362 5.74317 125.857
135.799 16.3035 73.3847 5.73397 125.809
135.899 16.2678 73.4331 5.72475 125.76
135.999 16.2321 73.4814 5.7155 125.712
136.099 16.1964 73.5296 5.70623 125.664
136.199 16.1607 73.5778 5.69694 125.615
136.299 16.125 73.6258 5.68762 125.567
136.399 16.0893 73.6738 5.67829 125.519
136.499 16.0535 73.7217 5.66893 125.472
136.599 16.0178 73.7694 5.65954 125.424
136.699 15.982 73.8171 5.65014 125.376
136.799 15.9463 73.8647 5.64071 125.329
136.899 15.9105 73.9123 5.63126 125.281
136.999 15.8747 73.9597 5.62179 125.234
137.099 15.8389 74.007 5.61229 125.186
137.199 15.8031 74.0543 5.60277 125.139
137.299 15.7673 74.1015 5.59323 125.092
137.399 15.7315 74.1485 5.58367 125.045
137.499 15.6957 74.1955 5.57409 124.998
137.599 15.6599 74.2424 5.56448 124.951
137.699 15.624 74.2892 5.55485 124.904
137.799 15.5882 74.336 5.5452 124.857
137.899 15.5523 74.3826 5.53553 124.811
137.999 15.5165 74.4291 5.52583 124.764
138.099 15.4806 74.4756 5.51611 124.718
138.199 15.4447 74.5219 5.50637 124.671
138.299 15.4088 74.5682 5.49661 124.625
138.399 15.3729 74.6144 5.48682 124.579
138.499 15.337 74.6605 5.47702 124.533
138.599 15.3011 74.7065 5.46719 124.487
138.699 15.2652 74.7524 5.45734 124.441
138.799 15.2292 74.7982 5.44747 124.395
138.899 15.1933 74.8439 5.43757 124.349
138.999 15.1574 74.8895 5.42765 124.304
139.099 15.1214 74.9351 5.41772 124.258
139.199 15.0854 74.9805 5.40775 124.213
139.299 15.0495 75.0259 5.39777 124.167
139.399 15.0135 75.0711 5.38777 124.122
139.499 14.9775 75.1163 5.37774 124.077
139.599 14.9415 75.1614 5.36769 124.032
139.699 14.9055 75.2064 5.35763 123.987
139.799 14.8695 75.2513 5.34753 123.942
139.899 14.8335 75.2961 5.33742 123.897
139.999 14.7975 75.3408 5.32729 123.852
140.099 14.7614 75.3854 5.31713 123.808
140.199 14.7254 75.4299 5.30695 123.763
140.299 14.6893 75.4744 5.29675 123.719
140.399 14.6533 75.5187 5.28653 123.675
140.499 14.6172 75.5629 5.27629 123.63
140.599 14.5812 75.6071 5.26603 123.586
140.699 14.5451 75.6512 5.25574 123.542
140.799 14.509 75.6951 5.24543 123.498
140.899 14.4729 75.739 5.23511 123.454
140.999 14.4368 75.7828 5.22476 123.41
141.099 14.4007 75.8264 5.21439 123.367
141.199 14.3646 75.87 5.20399 123.323
141.299 14.3284 75.9135 5.19358 123.28
141.399 14.2923 75.9569 5.18315 123.236
141.499 14.2562 76.0002 5.17269 123.193
141.599 14.22 76.0434 5.16221 123.15
141.699 14.1839 76.0865 5.15172 123.107
141.799 14.1477 76.1296 5.1412 123.064
141.899 14.1116 76.1725 5.13066 123.021
141.999 14.0754 76.2153 5.12009 122.978
142.099 14.0392 76.258 5.10951 122.935
142.199 14.003 76.3007 5.09891 122.893
142.299 13.9668 76.3432 5.08828 122.85
142.399 13.9306 76.3857 5.07764 122.808
142.499 13.8944 76.428 5.06697 122.765
142.6 13.8582 76.4703 5.05629 122.723
142.7 13.822 76.5124 5.04558 122.681
142.8 13.7857 76.5545 5.03485 122.639
142.9 13.7495 76.5964 5.0241 122.597
143 13.7132 76.6383 5.01333 122.555
143.1 13.677 76.6801 5.00254 122.513
143.2 13.6407 76.7217 4.99173 122.472
143.3 13.6045 76.7633 4.9809 122.43
143.4 13.5682 76.8048 4.97005 122.388
143.5 13.5319 76.8462 4.95917 122.347
143.6 13.4956 76.8874 4.94828 122.306
143.7 13.4593 76.9286 4.93736 122.265
143.8 13.423 76.9697 4.92643 122.224
143.9 13.3867 77.0107 4.91548 122.183
144 13.3504 77.0516 4.9045 122.142
144.1 13.3141 77.0924 4.8935 122.101
144.2 13.2777 77.1331 4.88249 122.06
144.3 13.2414 77.1737 4.87145 122.02
144.4 13.2051 77.2142 4.8604 121.979
144.5 13.1687 77.2546 4.84932 121.939
144.6 13.1324 77.2949 4.83822 121.898
144.7 13.096 77.3351 4.82711 121.858
144.8 13.0596 77.3752 4.81597 121.818
144.9 13.0233 77.4152 4.80481 121.778
145 12.9869 77.4551 4.79364 121.738
145.1 12.9505 77.4949 4.78244 121.698
145.2 12.9141 77.5346 4.77122 121.659
145.3 12.8777 77.5742 4.75999 121.619
145.4 12.8413 77.6137 4.74873 121.58
145.5 12.8049 77.6531 4.73745 121.54
145.6 12.7685 77.6924 4.72616 121.501
145.7 12.732 77.7316 4.71484 121.462
145.8 12.6956 77.7707 4.7035 121.423
145.9 12.6592 77.8097 4.69215 121.384
146 12.6227 77.8486 4.68077 121.345
146.1 12.5863 77.8874 4.66938 121.306
146.2 12.5498 77.9262 4.65796 121.267
146.3 12.5133 77.9648 4.64653 121.228
146.4 12.4769 78.0033 4.63508 121.19
146.5 12.4404 78.0417 4.62361 121.152
146.6 12.4039 78.08 4.61211 121.113
146.7 12.3674 78.1182 4.6006 121.075
146.8 12.3309 78.1563 4.58907 121.037
146.9 12.2944 78.1943 4.57752 120.999
147 12.2579 78.2321 4.56595 120.961
147.1 12.2214 78.2699 4.55436 120.923
147.2 12.1849 78.3076 4.54276 120.886
147.3 12.1484 78.3452 4.53113 120.848
147.4 12.1118 78.3827 4.51948 120.811
147.5 12.0753 78.4201 4.50782 120.773
147.6 12.0388 78.4574 4.49613 120.736
147.7 12.0022 78.4946 4.48443 120.699
147.8 11.9657 78.5316 4.47271 120.662
147.9 11.9291 78.5686 4.46097 120.625
148 11.8925 78.6055 4.44921 120.588
148.1 11.856 78.6422 4.43743 120.551
148.2 11.8194 78.6789 4.42563 120.514
148.3 11.7828 78.7155 4.41382 120.478
148.4 11.7462 78.7519 4.40198 120.441
148.5 11.7096 78.7883 4.39013 120.405
148.6 11.673 78.8245 4.37826 120.369
148.7 11.6364 78.8607 4.36637 120.333
148.8 11.5998 78.8967 4.35446 120.297
148.9 11.5632 78.9327 4.34253 120.261
149 11.5265 78.9685 4.33058 120.225
149.1 11.4899 79.0043 4.31862 120.189
149.2 11.4533 79.0399 4.30664 120.153
149.3 11.4166 79.0754 4.29464 120.118
149.4 11.38 79.1108 4.28262 120.082
149.5 11.3433 79.1462 4.27058 120.047
149.6 11.3067 79.1814 4.25852 120.012
149.7 11.27 79.2165 4.24645 119.977
149.8 11.2334 79.2515 4.23436 119.942
149.9 11.1967 79.2864 4.22225 119.907
150 11.16 79.3212 4.21012 119.872
150.1 11.1233 79.3559 4.19797 119.837
150.2 11.0866 79.3905 4.18581 119.803
150.3 11.0499 79.4249 4.17363 119.768
150.4 11.0132 79.4593 4.16143 119.734
150.5 10.9765 79.4936 4.14921 119.7
150.6 10.9398 79.5277 4.13698 119.666
150.7 10.9031 79.5618 4.12472 119.631
150.8 10.8664 79.5957 4.11245 119.598
150.9 10.8296 79.6296 4.10017 119.564
151 10.7929 79.6633 4.08786 119.53
151.1 10.7562 79.697 4.07554 119.496
151.2 10.7194 79.7305 4.0632 119.463
151.3 10.6827 79.7639 4.05084 119.429
151.4 10.6459 79.7972 4.03846 119.396
151.5 10.6092 79.8304 4.02607 119.363
151.6 10.5724 79.8635 4.01366 119.33
151.7 10.5356 79.8965 4.00123 119.297
151.8 10.4989 79.9294 3.98879 119.264
151.9 10.4621 79.9622 3.97633 119.231
152 10.4253 79.9949 3.96385 119.198
152.1 10.3885 80.0274 3.95135 119.166
152.2 10.3517 80.0599 3.93884 119.133
152.3 10.3149 80.0922 3.92631 119.101
152.4 10.2781 80.1245 3.91376 119.069
152.5 10.2413 80.1566 3.9012 119.037
152.6 10.2045 80.1887 3.88862 119.005
152.7 10.1677 80.2206 3.87602 118.973
152.8 10.1309 80.2524 3.86341 118.941
152.9 10.094 80.2841 3.85078 118.909
153 10.0572 80.3157 3.83813 118.878
153.1 10.0204 80.3472 3.82547 118.846
153.2 9.98353 80.3786 3.81279 118.815
153.3 9.94669 80.4098 3.80009 118.783
153.4 9.90984 80.441 3.78738 118.752
153.5 9.87298 80.4721 3.77465 118.721
153.6 9.83612 80.503 3.7619 118.69
153.7 9.79926 80.5339 3.74914 118.659
153.8 9.76239 80.5646 3.73636 118.629
153.9 9.72551 80.5952 3.72357 118.598
154 9.68863 80.6257 3.71076 118.568
154.1 9.65175 80.6561 3.69793 118.537
154.2 9.61486 80.6864 3.68509 118.507
154.3 9.57797 80.7166 3.67223 118.477
154.4 9.54107 80.7467 3.65935 118.447
154.5 9.50417 80.7767 3.64646 118.417
154.6 9.46727 80.8065 3.63356 118.387
154.7 9.43036 80.8363 3.62063 118.357
154.8 9.39344 80.8659 3.60769 118.327
154.9 9.35652 80.8954 3.59474 118.298
155 9.3196 80.9249 3.58177 118.268
155.1 9.28267 80.9542 3.56879 118.239
155.2 9.24574 80.9834 3.55579 118.21
155.3 9.2088 81.0125 3.54277 118.181
155.4 9.17186 81.0414 3.52974 118.152
155.5 9.13492 81.0703 3.51669 118.123
155.6 9.09797 81.0991 3.50363 118.094
155.7 9.06101 81.1277 3.49055 118.066
155.8 9.02406 81.1562 3.47746 118.037
155.9 8.98709 81.1847 3.46435 118.009
156 8.95013 81.213 3.45123 117.98
156.1 8.91316 81.2412 3.43809 117.952
156.2 8.87618 81.2693 3.42494 117.924
156.3 8.8392 81.2973 3.41177 117.896
156.4 8.80222 81.3251 3.39858 117.868
156.5 8.76523 81.3529 3.38539 117.84
156.6 8.72824 81.3806 3.37217 117.813
156.7 8.69125 81.4081 3.35894 117.785
156.8 8.65425 81.4355 3.3457 117.758
156.9 8.61724 81.4628 3.33245 117.73
157 8.58024 81.49 3.31917 117.703
157.1 8.54323 81.5171 3.30589 117.676
157.2 8.50621 81.5441 3.29259 117.649
157.3 8.46919 81.571 3.27927 117.622
157.4 8.43217 81.5978 3.26594 117.596
157.5 8.39514 81.6244 3.2526 117.569
157.6 8.35811 81.6509 3.23924 117.542
157.7 8.32108 81.6774 3.22587 117.516
157.8 8.28404 81.7037 3.21248 117.49
157.9 8.24699 81.7299 3.19908 117.463
158 8.20995 81.7559 3.18566 117.437
158.1 8.1729 81.7819 3.17224 117.411
158.2 8.13584 81.8078 3.15879 117.385
158.3 8.09879 81.8335 3.14534 117.36
158.4 8.06173 81.8592 3.13187 117.334
158.5 8.02466 81.8847 3.11838 117.309
158.6 7.98759 81.9101 3.10488 117.283
158.7 7.95052 81.9354 3.09137 117.258
158.8 7.91344 81.9606 3.07784 117.233
158.9 7.87636 81.9856 3.06431 117.208
159.001 7.83928 82.0106 3.05075 117.183
159.101 7.80219 82.0354 3.03719 117.158
159.201 7.7651 82.0602 3.02361 117.133
159.301 7.72801 82.0848 3.01001 117.108
159.401 7.69091 82.1093 2.99641 117.084
159.501 7.65381 82.1337 2.98279 117.06
159.601 7.6167 82.158 2.96916 117.035
159.701 7.5796 82.1821 2.95551 117.011
159.801 7.54248 82.2062 2.94185 116.987
159.901 7.50537 82.2301 2.92818 116.963
160.001 7.46825 82.2539 2.91449 116.939
160.101 7.43113 82.2776 2.9008 116.916
160.201 7.394 82.3012 2.88709 116.892
160.301 7.35687 82.3247 2.87336 116.869
160.401 7.31974 82.3481 2.85963 116.845
160.501 7.28261 82.3713 2.84588 116.822
160.601 7.24547 82.3944 2.83212 116.799
160.701 7.20833 82.4175 2.81834 116.776
160.801 7.17118 82.4404 2.80456 116.753
160.901 7.13403 82.4632 2.79076 116.73
161.001 7.09688 82.4858 2.77694 116.707
161.101 7.05973 82.5084 2.76312 116.685
161.201 7.02257 82.5309 2.74928 116.662
161.301 6.98541 82.5532 2.73544 116.64
161.401 6.94824 82.5754 2.72158 116.618
161.501 6.91107 82.5975 2.7077 116.596
161.601 6.8739 82.6195 2.69382 116.574
161.701 6.83673 82.6414 2.67992 116.552
161.801 6.79955 82.6631 2.66601 116.53
161.901 6.76237 82.6848 2.65209 116.508
162.001 6.72519 82.7063 2.63816 116.487
162.101 6.688 82.7277 2.62422 116.466
162.201 6.65081 82.749 2.61026 116.444
162.301 6.61362 82.7702 2.59629 116.423
162.401 6.57642 82.7913 2.58231 116.402
162.501 6.53922 82.8122 2.56832 116.381
162.601 6.50202 82.8331 2.55432 116.36
162.701 6.46482 82.8538 2.54031 116.339
162.801 6.42761 82.8744 2.52628 116.319
162.901 6.3904 82.8949 2.51225 116.298
163.001 6.35319 82.9152 2.4982 116.278
163.101 6.31597 82.9355 2.48414 116.258
163.201 6.27875 82.9556 2.47007 116.238
163.301 6.24153 82.9757 2.45599 116.218
163.401 6.2043 82.9956 2.4419 116.198
163.501 6.16708 83.0154 2.4278 116.178
163.601 6.12985 83.035 2.41369 116.158
163.701 6.09261 83.0546 2.39956 116.139
163.801 6.05538 83.074 2.38543 116.119
163.901 6.01814 83.0934 2.37128 116.1
164.001 5.9809 83.1126 2.35713 116.081
164.101 5.94365 83.1317 2.34296 116.062
164.201 5.90641 83.1506 2.32878 116.043
164.301 5.86916 83.1695 2.31459 116.024
164.401 5.83191 83.1882 2.3004 116.005
164.501 5.79465 83.2069 2.28619 115.986
164.601 5.7574 83.2254 2.27197 115.968
164.701 5.72014 83.2438 2.25774 115.949
164.801 5.68287 83.262 2.2435 115.931
164.901 5.64561 83.2802 2.22925 115.913
165.001 5.60834 83.2982 2.21499 115.895
165.101 5.57107 83.3162 2.20072 115.877
165.201 5.5338 83.334 2.18645 115.859
165.301 5.49652 83.3517 2.17216 115.842
165.401 5.45925 83.3692 2.15786 115.824
165.501 5.42197 83.3867 2.14355 115.807
165.601 5.38469 83.404 2.12923 115.789
165.701 5.3474 83.4213 2.11491 115.772
165.801 5.31011 83.4384 2.10057 115.755
165.901 5.27282 83.4553 2.08622 115.738
166.001 5.23553 83.4722 2.07187 115.721
166.101 5.19824 83.489 2.0575 115.704
166.201 5.16094 83.5056 2.04313 115.688
166.301 5.12364 83.5221 2.02874 115.671
166.401 5.08634 83.5385 2.01435 115.655
166.501 5.04904 83.5548 1.99995 115.638
166.601 5.01173 83.5709 1.98554 115.622
166.701 4.97443 83.587 1.97112 115.606
166.801 4.93712 83.6029 1.95669 115.59
166.901 4.8998 83.6187 1.94225 115.575
167.001 4.86249 83.6344 1.92781 115.559
167.101 4.82517 83.65 1.91335 115.543
167.201 4.78785 83.6654 1.89889 115.528
167.301 4.75053 83.6808 1.88442 115.512
167.401 4.71321 83.696 1.86994 115.497
167.501 4.67589 83.7111 1.85545 115.482
167.601 4.63856 83.726 1.84095 115.467
167.701 4.60123 83.7409 1.82644 115.452
167.801 4.5639 83.7556 1.81193 115.438
167.901 4.52656 83.7703 1.79741 115.423
168.001 4.48923 83.7848 1.78288 115.408
168.101 4.45189 83.7992 1.76834 115.394
168.201 4.41455 83.8134 1.75379 115.38
168.301 4.37721 83.8276 1.73924 115.366
168.401 4.33987 83.8416 1.72468 115.352
168.501 4.30252 83.8555 1.71011 115.338
168.601 4.26518 83.8693 1.69553 115.324
168.701 4.22783 83.883 1.68094 115.31
168.801 4.19048 83.8965 1.66635 115.297
168.901 4.15312 83.91 1.65175 115.283
169.001 4.11577 83.9233 1.63714 115.27
169.101 4.07841 83.9365 1.62253 115.257
169.201 4.04105 83.9496 1.6079 115.244
169.301 4.00369 83.9625 1.59327 115.231
169.401 3.96633 83.9754 1.57864 115.218
169.501 3.92897 83.9881 1.56399 115.205
169.601 3.8916 84.0007 1.54934 115.193
169.701 3.85424 84.0132 1.53468 115.18
169.801 3.81687 84.0255 1.52002 115.168
169.901 3.7795 84.0378 1.50535 115.155
170.001 3.74213 84.0499 1.49067 115.143
170.101 3.70475 84.0619 1.47598 115.131
170.201 3.66738 84.0738 1.46129 115.119
170.301 3.63 84.0856 1.44659 115.108
170.401 3.59262 84.0972 1.43188 115.096
170.501 3.55524 84.1087 1.41717 115.085
170.601 3.51786 84.1201 1.40245 115.073
170.701 3.48048 84.1314 1.38773 115.062
170.801 3.44309 84.1426 1.373 115.051
170.901 3.4057 84.1536 1.35826 115.04
171.001 3.36832 84.1646 1.34351 115.029
171.101 3.33093 84.1754 1.32876 115.018
171.201 3.29354 84.1861 1.31401 115.007
171.301 3.25614 84.1966 1.29925 114.997
171.401 3.21875 84.2071 1.28448 114.986
171.501 3.18136 84.2174 1.2697 114.976
171.601 3.14396 84.2276 1.25493 114.966
171.701 3.10656 84.2377 1.24014 114.956
171.801 3.06916 84.2477 1.22535 114.946
171.901 3.03176 84.2575 1.21055 114.936
172.001 2.99436 84.2672 1.19575 114.926
172.101 2.95696 84.2769 1.18094 114.916
172.201 2.91955 84.2863 1.16613 114.907
172.301 2.88214 84.2957 1.15131 114.898
172.401 2.84474 84.305 1.13649 114.888
172.501 2.80733 84.3141 1.12166 114.879
172.601 2.76992 84.3231 1.10683 114.87
172.701 2.73251 84.332 1.09199 114.861
172.801 2.6951 84.3408 1.07715 114.852
172.901 2.65768 84.3494 1.0623 114.844
173.001 2.62027 84.3579 1.04744 114.835
173.101 2.58285 84.3663 1.03259 114.827
173.201 2.54544 84.3746 1.01772 114.819
173.301 2.50802 84.3828 1.00286 114.81
173.401 2.4706 84.3908 0.987984 114.802
173.501 2.43318 84.3988 0.973107 114.794
173.601 2.39576 84.4066 0.958227 114.787
173.701 2.35834 84.4142 0.943341 114.779
173.801 2.32091 84.4218 0.928452 114.771
173.901 2.28349 84.4292 0.913558 114.764
174.001 2.24606 84.4366 0.89866 114.757
174.101 2.20864 84.4438 0.883758 114.749
174.201 2.17121 84.4508 0.868852 114.742
174.301 2.13378 84.4578 0.853942 114.735
174.401 2.09635 84.4646 0.839028 114.729
174.501 2.05892 84.4714 0.82411 114.722
174.601 2.02149 84.478 0.809189 114.715
174.701 1.98406 84.4844 0.794263 114.709
174.801 1.94663 84.4908 0.779335 114.702
174.901 1.90919 84.497 0.764402 114.696
175.001 1.87176 84.5031 0.749466 114.69
175.101 1.83432 84.5091 0.734527 114.684
175.201 1.79689 84.515 0.719584 114.678
175.301 1.75945 84.5208 0.704638 114.672
175.402 1.72201 84.5264 0.689689 114.667
175.502 1.68457 84.5319 0.674737 114.661
175.602 1.64713 84.5373 0.659782 114.656
175.702 1.6097 84.5426 0.644823 114.651
175.802 1.57225 84.5477 0.629862 114.646
175.902 1.53481 84.5527 0.614898 114.641
176.002 1.49737 84.5576 0.599931 114.636
176.102 1.45993 84.5624 0.584961 114.631
176.202 1.42249 84.5671 0.569988 114.626
176.302 1.38504 84.5716 0.555013 114.622
176.402 1.3476 84.5761 0.540036 114.617
176.502 1.31015 84.5804 0.525056 114.613
176.602 1.27271 84.5845 0.510073 114.609
176.702 1.23526 84.5886 0.495088 114.605
176.802 1.19781 84.5925 0.480101 114.601
176.902 1.16037 84.5963 0.465112 114.597
177.002 1.12292 84.6 0.450121 114.593
177.102 1.08547 84.6036 0.435127 114.59
177.202 1.04802 84.6071 0.420132 114.586
177.302 1.01057 84.6104 0.405135 114.583
177.402 0.973123 84.6136 0.390136 114.58
177.502 0.935673 84.6167 0.375135 114.577
177.602 0.898223 84.6197 0.360132 114.574
177.702 0.860772 84.6225 0.345128 114.571
177.802 0.823321 84.6252 0.330122 114.568
177.902 0.785869 84.6278 0.315114 114.565
178.002 0.748417 84.6303 0.300106 114.563
178.102 0.710965 84.6327 0.285095 114.561
178.202 0.673512 84.6349 0.270084 114.558
178.302 0.636059 84.6371 0.255071 114.556
178.402 0.598606 84.6391 0.240057 114.554
178.502 0.561153 84.6409 0.225042 114.552
178.602 0.523699 84.6427 0.210026 114.551
178.702 0.486245 84.6443 0.195009 114.549
178.802 0.448791 84.6458 0.179991 114.547
178.902 0.411337 84.6472 0.164972 114.546
179.002 0.373882 84.6485 0.149953 114.545
179.102 0.336428 84.6496 0.134933 114.544
179.202 0.298973 84.6507 0.119912 114.543
179.302 0.261518 84.6516 0.104891 114.542
179.402 0.224063 84.6524 0.0898689 114.541
179.502 0.186608 84.653 0.0748467 114.54
179.602 0.149153 84.6536 0.0598241 114.54
179.702 0.111697 84.654 0.0448013 114.539
179.802 0.0742422 84.6543 0.0297783 114.539
179.902 0.0367868 84.6545 0.0147551 114.539
