0 1.06718e-14 2.66203 0 147.452
0.1 0.152091 2.66206 0.00746864 147.452
0.2 0.304177 2.66216 0.0149373 147.451
0.3 0.456254 2.66231 0.0224059 147.451
0.4 0.608317 2.66253 0.0298744 147.451
0.5 0.760361 2.66281 0.0373428 147.451
0.6 0.912381 2.66316 0.0448112 147.45
0.7 1.06437 2.66356 0.0522795 147.45
0.8 1.21633 2.66403 0.0597476 147.45
0.9 1.36825 2.66456 0.0672156 147.449
1 1.52013 2.66515 0.0746835 147.448
1.1 1.67196 2.66581 0.0821511 147.448
1.2 1.82374 2.66652 0.0896186 147.447
1.3 1.97546 2.6673 0.0970858 147.446
1.4 2.12712 2.66814 0.104553 147.445
1.5 2.27872 2.66905 0.11202 147.445
1.6 2.43024 2.67002 0.119486 147.444
1.7 2.58169 2.67104 0.126952 147.443
1.8 2.73306 2.67213 0.134418 147.441
1.9 2.88434 2.67329 0.141884 147.44
2 3.03554 2.6745 0.149349 147.439
2.1 3.18664 2.67578 0.156814 147.438
2.2 3.33764 2.67712 0.164278 147.436
2.3 3.48854 2.67853 0.171743 147.435
2.4 3.63933 2.67999 0.179206 147.434
2.5 3.79001 2.68152 0.18667 147.432
2.6 3.94057 2.68311 0.194132 147.431
2.7 4.09101 2.68476 0.201595 147.429
2.8 4.24133 2.68647 0.209057 147.427
2.9 4.39151 2.68825 0.216518 147.425
3 4.54156 2.69009 0.223979 147.424
3.1 4.69147 2.69199 0.231439 147.422
3.2 4.84124 2.69395 0.238899 147.42
3.3 4.99086 2.69598 0.246358 147.418
3.4 5.14033 2.69807 0.253817 147.416
3.5 5.28964 2.70022 0.261275 147.413
3.6 5.43879 2.70243 0.268732 147.411
3.7 5.58777 2.7047 0.276189 147.409
3.8 5.73659 2.70704 0.283645 147.407
3.9 5.88523 2.70944 0.2911 147.404
4 6.03369 2.7119 0.298555 147.402
4.1 6.18197 2.71442 0.306009 147.399
4.2 6.33006 2.71701 0.313462 147.397
4.3 6.47796 2.71966 0.320915 147.394
4.4 6.62567 2.72237 0.328367 147.391
4.5 6.77318 2.72514 0.335818 147.388
4.6 6.92048 2.72797 0.343268 147.386
4.7 7.06758 2.73087 0.350717 147.383
4.8 7.21446 2.73383 0.358166 147.38
4.9 7.36113 2.73685 0.365613 147.377
5 7.50758 2.73993 0.37306 147.374
5.1 7.65381 2.74308 0.380506 147.371
5.2 7.79981 2.74629 0.387951 147.367
5.3 7.94558 2.74956 0.395395 147.364
5.4 8.09111 2.75289 0.402838 147.361
5.5 8.2364 2.75628 0.41028 147.357
5.6 8.38146 2.75974 0.417721 147.354
5.7 8.52626 2.76325 0.425161 147.35
5.8 8.67081 2.76683 0.4326 147.347
5.9 8.81512 2.77048 0.440038 147.343
6 8.95916 2.77418 0.447475 147.339
6.1 9.10294 2.77794 0.454911 147.336
6.2 9.24646 2.78177 0.462346 147.332
6.3 9.3897 2.78566 0.46978 147.328
6.4 9.53268 2.78961 0.477213 147.324
6.5 9.67538 2.79363 0.484644 147.32
6.6 9.8178 2.7977 0.492074 147.316
6.7 9.95994 2.80184 0.499504 147.312
6.8 10.1018 2.80604 0.506932 147.308
6.9 10.2434 2.8103 0.514358 147.303
7 10.3846 2.81463 0.521784 147.299
7.1 10.5256 2.81901 0.529208 147.295
7.2 10.6663 2.82346 0.536631 147.29
7.3 10.8066 2.82797 0.544053 147.286
7.4 10.9467 2.83254 0.551473 147.281
7.5 11.0865 2.83717 0.558892 147.276
7.6 11.2259 2.84187 0.56631 147.272
7.7 11.365 2.84662 0.573726 147.267
7.79999 11.5039 2.85144 0.581141 147.262
7.89999 11.6424 2.85632 0.588555 147.257
7.99999 11.7805 2.86126 0.595967 147.252
8.09999 11.9184 2.86626 0.603378 147.247
8.2 12.0559 2.87133 0.610787 147.242
8.3 12.193 2.87646 0.618195 147.237
8.4 12.3299 2.88165 0.625602 147.232
8.5 12.4664 2.8869 0.633007 147.227
8.6 12.6026 2.89221 0.64041 147.221
8.7 12.7384 2.89758 0.647812 147.216
8.8 12.8738 2.90302 0.655212 147.211
8.9 13.009 2.90851 0.662611 147.205
9 13.1437 2.91407 0.670008 147.2
9.1 13.2781 2.91969 0.677404 147.194
9.2 13.4122 2.92537 0.684798 147.188
9.3 13.5459 2.93112 0.69219 147.182
9.4 13.6792 2.93692 0.69958 147.177
9.5 13.8122 2.94279 0.706969 147.171
9.6 13.9448 2.94872 0.714357 147.165
9.7 14.0771 2.95471 0.721742 147.159
9.8 14.2089 2.96076 0.729126 147.153
9.9 14.3404 2.96687 0.736508 147.147
10 14.4715 2.97304 0.743888 147.141
10.1 14.6023 2.97928 0.751267 147.134
10.2 14.7326 2.98557 0.758644 147.128
10.3 14.8626 2.99193 0.766018 147.122
10.4 14.9922 2.99835 0.773392 147.115
10.5 15.1214 3.00483 0.780763 147.109
10.6 15.2502 3.01137 0.788132 147.102
10.7 15.3786 3.01798 0.795499 147.096
10.8 15.5067 3.02464 0.802865 147.089
10.9 15.6343 3.03137 0.810229 147.082
11 15.7616 3.03815 0.81759 147.075
11.1 15.8884 3.045 0.82495 147.069
11.2 16.0148 3.05191 0.832308 147.062
11.3 16.1409 3.05888 0.839663 147.055
11.4 16.2665 3.06591 0.847017 147.048
11.5 16.3918 3.07301 0.854369 147.041
11.6 16.5166 3.08016 0.861718 147.033
11.7 16.641 3.08738 0.869066 147.026
11.8 16.765 3.09465 0.876411 147.019
11.9 16.8886 3.10199 0.883755 147.012
12 17.0118 3.10939 0.891096 147.004
12.1 17.1346 3.11685 0.898435 146.997
12.2 17.257 3.12437 0.905772 146.989
12.3 17.3789 3.13195 0.913106 146.982
12.4 17.5004 3.13959 0.920439 146.974
12.5 17.6216 3.14729 0.927769 146.966
12.6 17.7422 3.15506 0.935097 146.959
12.7 17.8625 3.16288 0.942423 146.951
12.8 17.9823 3.17077 0.949747 146.943
12.9 18.1018 3.17871 0.957068 146.935
13 18.2208 3.18672 0.964387 146.927
13.1 18.3393 3.19479 0.971704 146.919
13.2 18.4575 3.20292 0.979018 146.911
13.3 18.5752 3.21111 0.98633 146.903
13.4 18.6925 3.21936 0.99364 146.894
13.5 18.8093 3.22767 1.00095 146.886
13.6 18.9257 3.23604 1.00825 146.878
13.7 19.0417 3.24447 1.01555 146.869
13.8 19.1573 3.25296 1.02285 146.861
13.9 19.2724 3.26152 1.03015 146.852
14 19.3871 3.27013 1.03745 146.843
14.1 19.5013 3.2788 1.04474 146.835
14.2 19.6152 3.28754 1.05203 146.826
14.3 19.7285 3.29633 1.05932 146.817
14.4 19.8415 3.30519 1.0666 146.808
14.5 19.954 3.3141 1.07388 146.8
14.6 20.066 3.32308 1.08116 146.791
14.7 20.1777 3.33212 1.08844 146.782
14.8 20.2889 3.34121 1.09572 146.772
14.9 20.3996 3.35037 1.10299 146.763
15 20.5099 3.35959 1.11026 146.754
15.1 20.6198 3.36887 1.11752 146.745
15.2 20.7292 3.3782 1.12479 146.735
15.3 20.8382 3.3876 1.13205 146.726
15.4 20.9467 3.39706 1.13931 146.717
15.5 21.0548 3.40658 1.14656 146.707
15.6 21.1625 3.41616 1.15382 146.697
15.7 21.2697 3.4258 1.16107 146.688
15.8 21.3764 3.43549 1.16831 146.678
15.9 21.4828 3.44525 1.17556 146.668
16 21.5886 3.45507 1.1828 146.659
16.1 21.6941 3.46495 1.19004 146.649
16.2 21.7991 3.47489 1.19727 146.639
16.3 21.9036 3.48489 1.20451 146.629
16.4 22.0077 3.49494 1.21174 146.619
16.5 22.1113 3.50506 1.21896 146.609
16.6 22.2146 3.51524 1.22619 146.598
16.7 22.3173 3.52548 1.23341 146.588
16.8 22.4196 3.53577 1.24063 146.578
16.9 22.5215 3.54613 1.24784 146.567
17 22.6229 3.55655 1.25506 146.557
17.1 22.7239 3.56702 1.26227 146.547
17.2 22.8245 3.57756 1.26947 146.536
17.3 22.9246 3.58816 1.27668 146.525
17.4 23.0242 3.59881 1.28388 146.515
17.5 23.1234 3.60953 1.29107 146.504
17.6 23.2222 3.6203 1.29827 146.493
17.7 23.3205 3.63113 1.30546 146.482
17.8 23.4184 3.64203 1.31265 146.472
17.9 23.5158 3.65298 1.31983 146.461
18 23.6128 3.66399 1.32701 146.45
18.1 23.7093 3.67506 1.33419 146.439
18.2 23.8055 3.68619 1.34136 146.427
18.3 23.9011 3.69738 1.34854 146.416
18.4 23.9963 3.70863 1.3557 146.405
18.5 24.0911 3.71994 1.36287 146.394
18.6 24.1854 3.7313 1.37003 146.382
18.7 24.2793 3.74273 1.37719 146.371
18.8 24.3728 3.75421 1.38434 146.359
18.9 24.4658 3.76576 1.3915 146.348
19 24.5584 3.77736 1.39865 146.336
19.1 24.6505 3.78902 1.40579 146.325
19.2 24.7422 3.80074 1.41293 146.313
19.3 24.8335 3.81252 1.42007 146.301
19.4 24.9243 3.82436 1.42721 146.289
19.5 25.0147 3.83626 1.43434 146.277
19.6 25.1046 3.84822 1.44146 146.265
19.7 25.1942 3.86023 1.44859 146.253
19.8 25.2832 3.8723 1.45571 146.241
19.9 25.3719 3.88444 1.46283 146.229
20 25.4601 3.89663 1.46994 146.217
20.1 25.5479 3.90888 1.47705 146.205
20.2 25.6352 3.92119 1.48416 146.192
20.3 25.7221 3.93355 1.49126 146.18
20.4 25.8086 3.94598 1.49836 146.168
20.5 25.8946 3.95846 1.50546 146.155
20.6 25.9803 3.971 1.51255 146.143
20.7 26.0654 3.9836 1.51964 146.13
20.8 26.1502 3.99626 1.52672 146.117
20.9 26.2345 4.00898 1.5338 146.105
21 26.3184 4.02175 1.54088 146.092
21.1 26.4019 4.03459 1.54795 146.079
21.2 26.485 4.04748 1.55502 146.066
21.3 26.5676 4.06043 1.56209 146.053
21.4 26.6498 4.07344 1.56915 146.04
21.5 26.7316 4.0865 1.57621 146.027
21.6 26.813 4.09963 1.58327 146.014
21.7 26.8939 4.11281 1.59032 146.001
21.8 26.9744 4.12605 1.59736 145.988
21.9 27.0545 4.13935 1.60441 145.974
22 27.1342 4.1527 1.61145 145.961
22.1 27.2135 4.16612 1.61848 145.948
22.2 27.2923 4.17959 1.62551 145.934
22.3 27.3707 4.19312 1.63254 145.92
22.4 27.4487 4.2067 1.63956 145.907
22.5 27.5263 4.22035 1.64658 145.893
22.6 27.6035 4.23405 1.6536 145.88
22.7001 27.6803 4.24781 1.66061 145.866
22.8001 27.7567 4.26163 1.66762 145.852
22.9001 27.8326 4.2755 1.67462 145.838
23.0001 27.9082 4.28943 1.68162 145.824
23.1001 27.9833 4.30342 1.68862 145.81
23.2001 28.058 4.31747 1.69561 145.796
23.3001 28.1323 4.33157 1.70259 145.782
23.4001 28.2063 4.34574 1.70958 145.768
23.5001 28.2798 4.35995 1.71656 145.754
23.6001 28.3529 4.37423 1.72353 145.739
23.7001 28.4256 4.38856 1.7305 145.725
23.8001 28.4979 4.40295 1.73747 145.711
23.9001 28.5698 4.4174 1.74443 145.696
24.0001 28.6413 4.43191 1.75139 145.682
24.1001 28.7124 4.44647 1.75834 145.667
24.2001 28.7831 4.46108 1.76529 145.653
24.3001 28.8534 4.47576 1.77223 145.638
24.4001 28.9233 4.49049 1.77917 145.623
24.5001 28.9928 4.50528 1.78611 145.608
24.6001 29.062 4.52012 1.79304 145.593
24.7001 29.1307 4.53503 1.79997 145.579
24.8001 29.199 4.54999 1.80689 145.564
24.9001 29.267 4.565 1.81381 145.549
25.0001 29.3346 4.58007 1.82073 145.534
25.1001 29.4017 4.5952 1.82764 145.518
25.2001 29.4685 4.61039 1.83454 145.503
25.3001 29.5349 4.62563 1.84144 145.488
25.4001 29.601 4.64092 1.84834 145.473
25.5001 29.6666 4.65628 1.85523 145.457
25.6001 29.7319 4.67169 1.86212 145.442
25.7001 29.7967 4.68716 1.869 145.426
25.8001 29.8612 4.70268 1.87588 145.411
25.9001 29.9253 4.71826 1.88275 145.395
26.0001 29.9891 4.73389 1.88962 145.38
26.1001 30.0525 4.74958 1.89649 145.364
26.2001 30.1154 4.76533 1.90335 145.348
26.3001 30.1781 4.78113 1.9102 145.332
26.4001 30.2403 4.79699 1.91705 145.317
26.5001 30.3022 4.81291 1.9239 145.301
26.6001 30.3637 4.82888 1.93074 145.285
26.7001 30.4248 4.8449 1.93757 145.269
26.8001 30.4856 4.86099 1.94441 145.253
26.9001 30.546 4.87712 1.95123 145.236
27.0001 30.606 4.89332 1.95806 145.22
27.1001 30.6657 4.90956 1.96487 145.204
27.2001 30.725 4.92587 1.97169 145.188
27.3001 30.7839 4.94223 1.97849 145.171
27.4001 30.8425 4.95864 1.9853 145.155
27.5001 30.9007 4.97511 1.99209 145.139
27.6001 30.9585 4.99164 1.99889 145.122
27.7001 31.016 5.00822 2.00567 145.105
27.8001 31.0732 5.02486 2.01246 145.089
27.9001 31.13 5.04155 2.01924 145.072
28.0001 31.1864 5.0583 2.02601 145.055
28.1001 31.2425 5.0751 2.03278 145.039
28.2001 31.2982 5.09195 2.03954 145.022
28.3001 31.3536 5.10887 2.0463 145.005
28.4001 31.4086 5.12583 2.05305 144.988
28.5001 31.4633 5.14285 2.0598 144.971
28.6001 31.5177 5.15993 2.06655 144.954
28.7001 31.5716 5.17706 2.07328 144.937
28.8001 31.6253 5.19425 2.08002 144.919
28.9001 31.6786 5.21149 2.08674 144.902
29.0001 31.7316 5.22878 2.09347 144.885
29.1001 31.7842 5.24613 2.10019 144.867
29.2001 31.8364 5.26354 2.1069 144.85
29.3001 31.8884 5.28099 2.11361 144.833
29.4001 31.94 5.29851 2.12031 144.815
29.5001 31.9913 5.31607 2.12701 144.798
29.6001 32.0422 5.3337 2.1337 144.78
29.7001 32.0928 5.35137 2.14038 144.762
29.8001 32.143 5.3691 2.14707 144.745
29.9001 32.193 5.38689 2.15374 144.727
30.0001 32.2426 5.40472 2.16041 144.709
30.1001 32.2919 5.42261 2.16708 144.691
30.2001 32.3408 5.44056 2.17374 144.673
30.3001 32.3894 5.45856 2.18039 144.655
30.4001 32.4377 5.47661 2.18704 144.637
30.5001 32.4857 5.49472 2.19369 144.619
30.6001 32.5333 5.51288 2.20032 144.601
30.7001 32.5806 5.5311 2.20696 144.583
30.8001 32.6276 5.54937 2.21359 144.564
30.9001 32.6743 5.56769 2.22021 144.546
31.0001 32.7207 5.58606 2.22682 144.528
31.1001 32.7667 5.60449 2.23344 144.509
31.2001 32.8125 5.62298 2.24004 144.491
31.3001 32.8579 5.64151 2.24664 144.472
31.4001 32.903 5.6601 2.25324 144.454
31.5001 32.9478 5.67874 2.25983 144.435
31.6001 32.9922 5.69744 2.26641 144.416
31.7001 33.0364 5.71619 2.27299 144.397
31.8001 33.0803 5.73499 2.27956 144.379
31.9001 33.1238 5.75384 2.28613 144.36
32.0001 33.167 5.77275 2.29269 144.341
32.1001 33.21 5.79171 2.29924 144.322
32.2001 33.2526 5.81072 2.30579 144.303
32.3001 33.2949 5.82979 2.31234 144.284
32.4001 33.337 5.84891 2.31888 144.265
32.5001 33.3787 5.86808 2.32541 144.246
32.6001 33.4201 5.8873 2.33194 144.226
32.7001 33.4612 5.90658 2.33846 144.207
32.8001 33.502 5.92591 2.34497 144.188
32.9001 33.5426 5.94529 2.35148 144.168
33.0001 33.5828 5.96472 2.35799 144.149
33.1001 33.6227 5.98421 2.36448 144.129
33.2001 33.6624 6.00374 2.37098 144.11
33.3001 33.7017 6.02333 2.37746 144.09
33.4001 33.7408 6.04298 2.38394 144.071
33.5001 33.7796 6.06267 2.39042 144.051
33.6001 33.8181 6.08242 2.39688 144.031
33.7001 33.8563 6.10221 2.40335 144.011
33.8001 33.8942 6.12206 2.4098 143.992
33.9001 33.9318 6.14197 2.41625 143.972
34.0001 33.9691 6.16192 2.4227 143.952
34.1001 34.0062 6.18193 2.42914 143.932
34.2001 34.043 6.20198 2.43557 143.912
34.3 34.0795 6.22209 2.442 143.892
34.4 34.1157 6.24225 2.44842 143.871
34.5 34.1516 6.26246 2.45483 143.851
34.6 34.1873 6.28273 2.46124 143.831
34.7 34.2227 6.30304 2.46764 143.811
34.8 34.2578 6.32341 2.47404 143.79
34.9 34.2926 6.34382 2.48043 143.77
35 34.3271 6.36429 2.48681 143.749
35.1 34.3614 6.38481 2.49319 143.729
35.2 34.3954 6.40538 2.49956 143.708
35.3 34.4292 6.426 2.50593 143.688
35.4 34.4627 6.44667 2.51228 143.667
35.5 34.4959 6.46739 2.51864 143.646
35.6 34.5288 6.48817 2.52498 143.625
35.7 34.5615 6.50899 2.53132 143.605
35.8 34.5939 6.52987 2.53766 143.584
35.9 34.626 6.55079 2.54399 143.563
36 34.6579 6.57177 2.55031 143.542
36.1 34.6895 6.59279 2.55662 143.521
36.2 34.7209 6.61387 2.56293 143.5
36.3 34.752 6.635 2.56923 143.479
36.4 34.7828 6.65617 2.57553 143.457
36.5 34.8134 6.6774 2.58182 143.436
36.6 34.8438 6.69868 2.5881 143.415
36.7 34.8738 6.72001 2.59438 143.394
36.8 34.9036 6.74139 2.60065 143.372
36.9 34.9332 6.76281 2.60691 143.351
37 34.9625 6.78429 2.61317 143.329
37.1 34.9916 6.80582 2.61942 143.308
37.2 35.0204 6.82739 2.62566 143.286
37.3 35.049 6.84902 2.6319 143.265
37.4 35.0773 6.8707 2.63813 143.243
37.5 35.1053 6.89242 2.64435 143.221
37.6 35.1332 6.9142 2.65057 143.199
37.7 35.1607 6.93602 2.65678 143.178
37.8 35.1881 6.9579 2.66299 143.156
37.9 35.2151 6.97982 2.66918 143.134
38 35.242 7.00179 2.67537 143.112
38.1 35.2686 7.02381 2.68156 143.09
38.2 35.295 7.04589 2.68774 143.068
38.3 35.3211 7.068 2.69391 143.046
38.4 35.347 7.09017 2.70007 143.023
38.5 35.3726 7.11239 2.70623 143.001
38.6 35.398 7.13466 2.71238 142.979
38.7 35.4232 7.15697 2.71852 142.957
38.8 35.4481 7.17934 2.72466 142.934
38.9 35.4728 7.20175 2.73079 142.912
39 35.4973 7.22421 2.73691 142.889
39.1 35.5216 7.24672 2.74303 142.867
39.2 35.5456 7.26928 2.74914 142.844
39.3 35.5693 7.29188 2.75524 142.822
39.4 35.5929 7.31454 2.76134 142.799
39.5 35.6162 7.33724 2.76743 142.776
39.6 35.6393 7.35999 2.77351 142.754
39.7 35.6622 7.38279 2.77958 142.731
39.8 35.6848 7.40563 2.78565 142.708
39.9 35.7073 7.42853 2.79171 142.685
40 35.7295 7.45147 2.79777 142.662
40.1 35.7514 7.47446 2.80381 142.639
40.2 35.7732 7.4975 2.80985 142.616
40.3 35.7947 7.52058 2.81589 142.593
40.4 35.816 7.54372 2.82191 142.57
40.5 35.8371 7.5669 2.82793 142.547
40.6 35.858 7.59013 2.83394 142.523
40.7 35.8787 7.6134 2.83995 142.5
40.7999 35.8991 7.63672 2.84594 142.477
40.8999 35.9193 7.66009 2.85193 142.454
40.9999 35.9393 7.68351 2.85792 142.43
41.0999 35.9591 7.70697 2.86389 142.407
41.1999 35.9787 7.73049 2.86986 142.383
41.2999 35.9981 7.75404 2.87582 142.36
41.3999 36.0173 7.77765 2.88178 142.336
41.4999 36.0362 7.8013 2.88772 142.312
41.5999 36.055 7.825 2.89366 142.289
41.6999 36.0735 7.84874 2.89959 142.265
41.7999 36.0918 7.87253 2.90552 142.241
41.8999 36.1099 7.89637 2.91144 142.217
41.9999 36.1279 7.92026 2.91735 142.193
42.0999 36.1456 7.94419 2.92325 142.169
42.1999 36.1631 7.96816 2.92914 142.145
42.2999 36.1804 7.99219 2.93503 142.121
42.3999 36.1975 8.01626 2.94091 142.097
42.4999 36.2144 8.04037 2.94679 142.073
42.5999 36.2311 8.06453 2.95265 142.049
42.6999 36.2476 8.08874 2.95851 142.025
42.7999 36.2639 8.11299 2.96436 142.001
42.8999 36.28 8.13729 2.9702 141.976
42.9999 36.2959 8.16163 2.97604 141.952
43.0999 36.3116 8.18602 2.98187 141.928
43.1999 36.3271 8.21046 2.98769 141.903
43.2999 36.3424 8.23494 2.9935 141.879
43.3999 36.3575 8.25947 2.99931 141.854
43.4999 36.3725 8.28404 3.00511 141.83
43.5999 36.3872 8.30866 3.0109 141.805
43.6999 36.4018 8.33332 3.01668 141.78
43.7999 36.4161 8.35803 3.02245 141.756
43.8999 36.4303 8.38278 3.02822 141.731
43.9999 36.4442 8.40757 3.03398 141.706
44.0999 36.458 8.43242 3.03973 141.681
44.1999 36.4716 8.4573 3.04548 141.656
44.2999 36.485 8.48223 3.05121 141.631
44.3999 36.4982 8.50721 3.05694 141.606
44.4999 36.5113 8.53223 3.06266 141.581
44.5999 36.5241 8.5573 3.06838 141.556
44.6999 36.5368 8.58241 3.07408 141.531
44.7999 36.5493 8.60756 3.07978 141.506
44.8999 36.5616 8.63276 3.08547 141.481
44.9999 36.5737 8.658 3.09115 141.456
45.0999 36.5856 8.68329 3.09682 141.43
45.1999 36.5974 8.70862 3.10249 141.405
45.2999 36.609 8.73399 3.10815 141.38
45.3999 36.6204 8.75941 3.1138 141.354
45.4999 36.6316 8.78487 3.11944 141.329
45.5999 36.6426 8.81038 3.12508 141.303
45.6999 36.6535 8.83593 3.1307 141.278
45.7999 36.6642 8.86152 3.13632 141.252
45.8999 36.6747 8.88715 3.14193 141.226
45.9999 36.685 8.91283 3.14753 141.201
46.0999 36.6952 8.93856 3.15313 141.175
46.1999 36.7052 8.96432 3.15871 141.149
46.2999 36.715 8.99013 3.16429 141.123
46.3999 36.7247 9.01599 3.16986 141.098
46.4999 36.7341 9.04188 3.17543 141.072
46.5999 36.7435 9.06782 3.18098 141.046
46.6999 36.7526 9.0938 3.18653 141.02
46.7999 36.7616 9.11982 3.19206 140.994
46.8999 36.7704 9.14589 3.19759 140.968
46.9999 36.779 9.172 3.20311 140.942
47.0999 36.7875 9.19815 3.20863 140.915
47.1999 36.7958 9.22435 3.21413 140.889
47.2999 36.8039 9.25058 3.21963 140.863
47.3998 36.8119 9.27686 3.22512 140.837
47.4998 36.8197 9.30318 3.2306 140.81
47.5998 36.8273 9.32955 3.23607 140.784
47.6998 36.8348 9.35595 3.24153 140.758
47.7998 36.8421 9.3824 3.24699 140.731
47.8998 36.8492 9.40889 3.25244 140.705
47.9998 36.8562 9.43542 3.25787 140.678
48.0998 36.8631 9.46199 3.26331 140.652
48.1998 36.8697 9.48861 3.26873 140.625
48.2998 36.8763 9.51526 3.27414 140.598
48.3998 36.8826 9.54196 3.27955 140.572
48.4998 36.8888 9.5687 3.28494 140.545
48.5998 36.8948 9.59548 3.29033 140.518
48.6998 36.9007 9.6223 3.29571 140.491
48.7998 36.9065 9.64916 3.30108 140.464
48.8998 36.912 9.67607 3.30645 140.438
48.9998 36.9174 9.70301 3.3118 140.411
49.0998 36.9227 9.73 3.31715 140.384
49.1998 36.9278 9.75702 3.32248 140.357
49.2998 36.9328 9.78409 3.32781 140.33
49.3998 36.9376 9.8112 3.33313 140.302
49.4998 36.9422 9.83835 3.33844 140.275
49.5998 36.9467 9.86553 3.34375 140.248
49.6998 36.9511 9.89276 3.34904 140.221
49.7998 36.9553 9.92003 3.35433 140.194
49.8998 36.9594 9.94734 3.3596 140.166
49.9998 36.9633 9.97469 3.36487 140.139
50.0998 36.967 10.0021 3.37013 140.112
50.1998 36.9706 10.0295 3.37538 140.084
50.2998 36.9741 10.057 3.38063 140.057
50.3998 36.9774 10.0845 3.38586 140.029
50.4998 36.9806 10.112 3.39108 140.002
50.5998 36.9836 10.1396 3.3963 139.974
50.6998 36.9865 10.1673 3.40151 139.946
50.7998 36.9892 10.1949 3.40671 139.919
50.8998 36.9918 10.2226 3.4119 139.891
50.9998 36.9943 10.2504 3.41708 139.863
51.0998 36.9966 10.2782 3.42225 139.835
51.1998 36.9988 10.306 3.42741 139.808
51.2998 37.0008 10.3339 3.43257 139.78
51.3998 37.0027 10.3618 3.43771 139.752
51.4998 37.0044 10.3897 3.44285 139.724
51.5998 37.0061 10.4177 3.44798 139.696
51.6998 37.0075 10.4457 3.45309 139.668
51.7998 37.0089 10.4738 3.4582 139.64
51.8998 37.0101 10.5019 3.4633 139.612
51.9998 37.0111 10.53 3.4684 139.584
52.0998 37.012 10.5582 3.47348 139.555
52.1998 37.0128 10.5864 3.47855 139.527
52.2998 37.0135 10.6146 3.48362 139.499
52.3998 37.014 10.6429 3.48867 139.471
52.4998 37.0144 10.6713 3.49372 139.442
52.5998 37.0146 10.6996 3.49876 139.414
52.6998 37.0148 10.728 3.50379 139.386
52.7998 37.0147 10.7565 3.5088 139.357
52.8998 37.0146 10.7849 3.51381 139.329
52.9998 37.0143 10.8135 3.51882 139.3
53.0998 37.0139 10.842 3.52381 139.272
53.1998 37.0134 10.8706 3.52879 139.243
53.2998 37.0127 10.8992 3.53376 139.214
53.3998 37.0119 10.9279 3.53873 139.186
53.4998 37.011 10.9566 3.54368 139.157
53.5998 37.0099 10.9853 3.54863 139.128
53.6998 37.0087 11.0141 3.55357 139.1
53.7998 37.0074 11.0429 3.55849 139.071
53.8997 37.006 11.0718 3.56341 139.042
53.9997 37.0044 11.1007 3.56832 139.013
54.0997 37.0027 11.1296 3.57322 138.984
54.1997 37.0009 11.1585 3.57811 138.955
54.2997 36.9989 11.1875 3.58299 138.926
54.3997 36.9969 11.2166 3.58786 138.897
54.4997 36.9947 11.2456 3.59272 138.868
54.5997 36.9924 11.2747 3.59757 138.839
54.6997 36.9899 11.3039 3.60242 138.81
54.7997 36.9874 11.3331 3.60725 138.781
54.8997 36.9847 11.3623 3.61208 138.751
54.9997 36.9819 11.3915 3.61689 138.722
55.0997 36.9789 11.4208 3.6217 138.693
55.1997 36.9759 11.4501 3.62649 138.663
55.2997 36.9727 11.4795 3.63128 138.634
55.3997 36.9694 11.5089 3.63605 138.605
55.4997 36.966 11.5383 3.64082 138.575
55.5997 36.9625 11.5678 3.64558 138.546
55.6997 36.9589 11.5973 3.65033 138.516
55.7997 36.9551 11.6268 3.65507 138.487
55.8997 36.9512 11.6564 3.65979 138.457
55.9997 36.9472 11.686 3.66451 138.428
56.0997 36.9431 11.7156 3.66922 138.398
56.1997 36.9389 11.7453 3.67392 138.368
56.2997 36.9345 11.775 3.67861 138.339
56.3997 36.9301 11.8047 3.68329 138.309
56.4997 36.9255 11.8345 3.68796 138.279
56.5997 36.9208 11.8643 3.69263 138.249
56.6997 36.916 11.8942 3.69728 138.219
56.7997 36.9111 11.9241 3.70192 138.19
56.8997 36.9061 11.954 3.70655 138.16
56.9997 36.9009 11.9839 3.71117 138.13
57.0997 36.8957 12.0139 3.71579 138.1
57.1997 36.8903 12.0439 3.72039 138.07
57.2997 36.8849 12.074 3.72498 138.04
57.3997 36.8793 12.104 3.72956 138.01
57.4997 36.8736 12.1342 3.73414 137.979
57.5997 36.8678 12.1643 3.7387 137.949
57.6997 36.8619 12.1945 3.74325 137.919
57.7997 36.8558 12.2247 3.7478 137.889
57.8997 36.8497 12.255 3.75233 137.859
57.9997 36.8435 12.2852 3.75685 137.828
58.0997 36.8371 12.3156 3.76137 137.798
58.1997 36.8307 12.3459 3.76587 137.768
58.2997 36.8241 12.3763 3.77037 137.737
58.3997 36.8174 12.4067 3.77485 137.707
58.4997 36.8107 12.4372 3.77932 137.676
58.5997 36.8038 12.4676 3.78379 137.646
58.6997 36.7968 12.4982 3.78824 137.615
58.7997 36.7897 12.5287 3.79268 137.585
58.8997 36.7825 12.5593 3.79712 137.554
58.9997 36.7752 12.5899 3.80154 137.524
59.0997 36.7678 12.6205 3.80596 137.493
59.1997 36.7603 12.6512 3.81036 137.462
59.2997 36.7527 12.6819 3.81475 137.432
59.3997 36.745 12.7126 3.81913 137.401
59.4997 36.7372 12.7434 3.82351 137.37
59.5997 36.7292 12.7742 3.82787 137.339
59.6997 36.7212 12.805 3.83222 137.309
59.7997 36.7131 12.8359 3.83657 137.278
59.8997 36.7049 12.8668 3.8409 137.247
59.9997 36.6966 12.8977 3.84522 137.216
60.0997 36.6882 12.9287 3.84953 137.185
60.1997 36.6796 12.9597 3.85383 137.154
60.2997 36.671 12.9907 3.85812 137.123
60.3997 36.6623 13.0217 3.8624 137.092
60.4996 36.6535 13.0528 3.86668 137.061
60.5996 36.6446 13.0839 3.87094 137.03
60.6996 36.6356 13.1151 3.87519 136.999
60.7996 36.6265 13.1463 3.87943 136.967
60.8996 36.6173 13.1775 3.88365 136.936
60.9996 36.608 13.2087 3.88787 136.905
61.0996 36.5986 13.24 3.89208 136.874
61.1996 36.5891 13.2713 3.89628 136.842
61.2996 36.5795 13.3026 3.90047 136.811
61.3996 36.5698 13.3339 3.90464 136.78
61.4996 36.56 13.3653 3.90881 136.748
61.5996 36.5502 13.3967 3.91297 136.717
61.6996 36.5402 13.4282 3.91711 136.685
61.7996 36.5301 13.4597 3.92125 136.654
61.8996 36.52 13.4912 3.92537 136.622
61.9996 36.5098 13.5227 3.92949 136.591
62.0996 36.4994 13.5542 3.93359 136.559
62.1996 36.489 13.5858 3.93769 136.528
62.2996 36.4785 13.6175 3.94177 136.496
62.3996 36.4679 13.6491 3.94584 136.465
62.4996 36.4572 13.6808 3.9499 136.433
62.5996 36.4464 13.7125 3.95395 136.401
62.6996 36.4355 13.7442 3.95799 136.369
62.7996 36.4245 13.776 3.96202 136.338
62.8996 36.4134 13.8078 3.96604 136.306
62.9996 36.4023 13.8396 3.97005 136.274
63.0996 36.391 13.8715 3.97405 136.242
63.1996 36.3797 13.9033 3.97803 136.21
63.2996 36.3683 13.9352 3.98201 136.178
63.3996 36.3568 13.9672 3.98597 136.146
63.4996 36.3452 13.9991 3.98993 136.114
63.5996 36.3335 14.0311 3.99387 136.083
63.6996 36.3217 14.0631 3.99781 136.05
63.7996 36.3099 14.0952 4.00173 136.018
63.8996 36.2979 14.1273 4.00564 135.986
63.9996 36.2859 14.1593 4.00954 135.954
64.0996 36.2738 14.1915 4.01343 135.922
64.1996 36.2616 14.2236 4.01731 135.89
64.2996 36.2493 14.2558 4.02118 135.858
64.3996 36.2369 14.288 4.02504 135.826
64.4996 36.2245 14.3203 4.02888 135.793
64.5996 36.2119 14.3525 4.03272 135.761
64.6996 36.1993 14.3848 4.03654 135.729
64.7996 36.1866 14.4171 4.04036 135.696
64.8996 36.1738 14.4495 4.04416 135.664
64.9996 36.1609 14.4818 4.04795 135.632
65.0996 36.148 14.5142 4.05173 135.599
65.1996 36.1349 14.5466 4.0555 135.567
65.2996 36.1218 14.5791 4.05926 135.535
65.3996 36.1086 14.6116 4.06301 135.502
65.4996 36.0953 14.6441 4.06675 135.47
65.5996 36.082 14.6766 4.07047 135.437
65.6996 36.0685 14.7091 4.07419 135.404
65.7996 36.055 14.7417 4.07789 135.372
65.8996 36.0414 14.7743 4.08158 135.339
65.9996 36.0277 14.8069 4.08526 135.307
66.0996 36.0139 14.8396 4.08893 135.274
66.1996 36.0001 14.8723 4.09259 135.241
66.2996 35.9862 14.905 4.09624 135.209
66.3996 35.9721 14.9377 4.09988 135.176
66.4996 35.9581 14.9705 4.1035 135.143
66.5996 35.9439 15.0032 4.10712 135.11
66.6996 35.9297 15.036 4.11072 135.078
66.7996 35.9153 15.0689 4.11431 135.045
66.8996 35.9009 15.1017 4.11789 135.012
66.9995 35.8865 15.1346 4.12146 134.979
67.0995 35.8719 15.1675 4.12502 134.946
67.1995 35.8573 15.2004 4.12857 134.913
67.2995 35.8426 15.2334 4.13211 134.88
67.3995 35.8278 15.2663 4.13563 134.847
67.4995 35.813 15.2993 4.13914 134.814
67.5995 35.798 15.3324 4.14265 134.781
67.6995 35.783 15.3654 4.14614 134.748
67.7995 35.7679 15.3985 4.14962 134.715
67.8995 35.7528 15.4316 4.15308 134.682
67.9995 35.7376 15.4647 4.15654 134.649
68.0995 35.7223 15.4978 4.15999 134.616
68.1995 35.7069 15.531 4.16342 134.583
68.2995 35.6914 15.5642 4.16684 134.549
68.3995 35.6759 15.5974 4.17025 134.516
68.4995 35.6603 15.6306 4.17365 134.483
68.5995 35.6446 15.6639 4.17704 134.45
68.6995 35.6289 15.6971 4.18042 134.416
68.7995 35.6131 15.7304 4.18378 134.383
68.8995 35.5972 15.7638 4.18713 134.35
68.9995 35.5812 15.7971 4.19048 134.317
69.0995 35.5652 15.8305 4.19381 134.283
69.1995 35.5491 15.8639 4.19713 134.25
69.2995 35.5329 15.8973 4.20043 134.216
69.3995 35.5167 15.9307 4.20373 134.183
69.4995 35.5004 15.9642 4.20701 134.149
69.5995 35.484 15.9976 4.21029 134.116
69.6995 35.4675 16.0311 4.21355 134.082
69.7995 35.451 16.0647 4.2168 134.049
69.8995 35.4344 16.0982 4.22004 134.015
69.9995 35.4177 16.1318 4.22326 133.982
70.0995 35.401 16.1654 4.22648 133.948
70.1995 35.3842 16.199 4.22968 133.915
70.2995 35.3673 16.2326 4.23287 133.881
70.3995 35.3504 16.2662 4.23605 133.847
70.4995 35.3334 16.2999 4.23922 133.814
70.5995 35.3163 16.3336 4.24237 133.78
70.6995 35.2992 16.3673 4.24552 133.746
70.7995 35.282 16.401 4.24865 133.713
70.8995 35.2647 16.4348 4.25177 133.679
70.9995 35.2473 16.4686 4.25488 133.645
71.0995 35.2299 16.5024 4.25798 133.611
71.1995 35.2125 16.5362 4.26106 133.577
71.2995 35.1949 16.57 4.26414 133.544
71.3995 35.1773 16.6039 4.2672 133.51
71.4995 35.1596 16.6377 4.27025 133.476
71.5995 35.1419 16.6716 4.27329 133.442
71.6995 35.1241 16.7055 4.27631 133.408
71.7995 35.1062 16.7395 4.27933 133.374
71.8995 35.0883 16.7734 4.28233 133.34
71.9995 35.0703 16.8074 4.28532 133.306
72.0995 35.0522 16.8414 4.2883 133.272
72.1995 35.0341 16.8754 4.29126 133.238
72.2995 35.0159 16.9094 4.29422 133.204
72.3995 34.9976 16.9435 4.29716 133.17
72.4995 34.9793 16.9775 4.30009 133.136
72.5995 34.9609 17.0116 4.30301 133.102
72.6995 34.9425 17.0457 4.30592 133.068
72.7995 34.924 17.0798 4.30881 133.034
72.8995 34.9054 17.114 4.3117 133
72.9995 34.8868 17.1481 4.31457 132.965
73.0995 34.8681 17.1823 4.31742 132.931
73.1995 34.8493 17.2165 4.32027 132.897
73.2995 34.8305 17.2507 4.32311 132.863
73.3995 34.8116 17.285 4.32593 132.829
73.4995 34.7927 17.3192 4.32874 132.794
73.5994 34.7737 17.3535 4.33154 132.76
73.6994 34.7546 17.3878 4.33432 132.726
73.7994 34.7355 17.4221 4.3371 132.692
73.8994 34.7163 17.4564 4.33986 132.657
73.9994 34.6971 17.4907 4.34261 132.623
74.0994 34.6778 17.5251 4.34535 132.589
74.1994 34.6584 17.5594 4.34807 132.554
74.2994 34.639 17.5938 4.35078 132.52
74.3994 34.6195 17.6282 4.35349 132.485
74.4994 34.6 17.6626 4.35617 132.451
74.5994 34.5804 17.6971 4.35885 132.417
74.6994 34.5607 17.7315 4.36151 132.382
74.7994 34.541 17.766 4.36417 132.348
74.8994 34.5212 17.8005 4.36681 132.313
74.9994 34.5014 17.835 4.36943 132.279
75.0994 34.4815 17.8695 4.37205 132.244
75.1994 34.4615 17.9041 4.37465 132.21
75.2994 34.4415 17.9386 4.37724 132.175
75.3994 34.4214 17.9732 4.37982 132.14
75.4994 34.4013 18.0078 4.38239 132.106
75.5994 34.3811 18.0424 4.38494 132.071
75.6994 34.3609 18.077 4.38748 132.037
75.7994 34.3406 18.1116 4.39001 132.002
75.8994 34.3203 18.1462 4.39253 131.967
75.9994 34.2998 18.1809 4.39503 131.933
76.0994 34.2794 18.2156 4.39752 131.898
76.1994 34.2589 18.2503 4.4 131.863
76.2994 34.2383 18.285 4.40247 131.829
76.3994 34.2177 18.3197 4.40492 131.794
76.4994 34.197 18.3544 4.40736 131.759
76.5994 34.1762 18.3892 4.40979 131.724
76.6994 34.1554 18.4239 4.41221 131.69
76.7994 34.1346 18.4587 4.41461 131.655
76.8994 34.1137 18.4935 4.417 131.62
76.9994 34.0927 18.5283 4.41938 131.585
77.0994 34.0717 18.5631 4.42175 131.55
77.1994 34.0507 18.598 4.4241 131.516
77.2994 34.0295 18.6328 4.42644 131.481
77.3994 34.0084 18.6677 4.42877 131.446
77.4994 33.9871 18.7026 4.43109 131.411
77.5994 33.9659 18.7375 4.43339 131.376
77.6994 33.9445 18.7724 4.43568 131.341
77.7994 33.9231 18.8073 4.43796 131.306
77.8994 33.9017 18.8422 4.44023 131.271
77.9994 33.8802 18.8771 4.44248 131.236
78.0994 33.8587 18.9121 4.44472 131.202
78.1994 33.8371 18.9471 4.44695 131.167
78.2994 33.8154 18.982 4.44917 131.132
78.3994 33.7937 19.017 4.45137 131.097
78.4994 33.772 19.052 4.45356 131.062
78.5994 33.7502 19.0871 4.45574 131.027
78.6994 33.7283 19.1221 4.4579 130.992
78.7994 33.7064 19.1571 4.46005 130.956
78.8994 33.6844 19.1922 4.46219 130.921
78.9994 33.6624 19.2273 4.46432 130.886
79.0994 33.6404 19.2623 4.46643 130.851
79.1994 33.6183 19.2974 4.46853 130.816
79.2994 33.5961 19.3325 4.47062 130.781
79.3994 33.5739 19.3676 4.47269 130.746
79.4994 33.5516 19.4028 4.47476 130.711
79.5994 33.5293 19.4379 4.47681 130.676
79.6994 33.507 19.473 4.47884 130.641
79.7994 33.4846 19.5082 4.48087 130.605
79.8994 33.4621 19.5434 4.48288 130.57
79.9994 33.4396 19.5786 4.48488 130.535
80.0993 33.417 19.6137 4.48686 130.5
80.1993 33.3944 19.649 4.48883 130.465
80.2993 33.3718 19.6842 4.49079 130.429
80.3993 33.3491 19.7194 4.49274 130.394
80.4993 33.3263 19.7546 4.49467 130.359
80.5993 33.3035 19.7899 4.49659 130.324
80.6993 33.2807 19.8251 4.4985 130.288
80.7993 33.2578 19.8604 4.5004 130.253
80.8993 33.2348 19.8957 4.50228 130.218
80.9993 33.2119 19.9309 4.50415 130.183
81.0993 33.1888 19.9662 4.506 130.147
81.1993 33.1657 20.0015 4.50784 130.112
81.2993 33.1426 20.0369 4.50967 130.077
81.3993 33.1194 20.0722 4.51149 130.041
81.4993 33.0962 20.1075 4.51329 130.006
81.5993 33.0729 20.1428 4.51509 129.971
81.6993 33.0496 20.1782 4.51686 129.935
81.7993 33.0262 20.2136 4.51863 129.9
81.8993 33.0028 20.2489 4.52038 129.865
81.9993 32.9794 20.2843 4.52212 129.829
82.0993 32.9559 20.3197 4.52384 129.794
82.1993 32.9323 20.3551 4.52556 129.759
82.2993 32.9087 20.3905 4.52725 129.723
82.3993 32.8851 20.4259 4.52894 129.688
82.4993 32.8614 20.4613 4.53061 129.652
82.5993 32.8377 20.4967 4.53227 129.617
82.6993 32.8139 20.5322 4.53392 129.581
82.7993 32.7901 20.5676 4.53555 129.546
82.8993 32.7662 20.6031 4.53717 129.511
82.9993 32.7423 20.6385 4.53878 129.475
83.0993 32.7184 20.674 4.54038 129.44
83.1993 32.6944 20.7095 4.54196 129.404
83.2993 32.6703 20.745 4.54352 129.369
83.3993 32.6462 20.7804 4.54508 129.333
83.4993 32.6221 20.8159 4.54662 129.298
83.5993 32.5979 20.8514 4.54815 129.262
83.6993 32.5737 20.887 4.54966 129.227
83.7993 32.5495 20.9225 4.55116 129.191
83.8993 32.5252 20.958 4.55265 129.156
83.9993 32.5008 20.9935 4.55413 129.12
84.0993 32.4764 21.0291 4.55559 129.085
84.1993 32.452 21.0646 4.55703 129.049
84.2993 32.4275 21.1002 4.55847 129.013
84.3993 32.403 21.1357 4.55989 128.978
84.4993 32.3785 21.1713 4.5613 128.942
84.5993 32.3539 21.2068 4.56269 128.907
84.6993 32.3292 21.2424 4.56408 128.871
84.7993 32.3045 21.278 4.56544 128.836
84.8993 32.2798 21.3136 4.5668 128.8
84.9993 32.255 21.3492 4.56814 128.764
85.0993 32.2302 21.3848 4.56947 128.729
85.1993 32.2054 21.4204 4.57078 128.693
85.2993 32.1805 21.456 4.57208 128.658
85.3993 32.1555 21.4916 4.57337 128.622
85.4993 32.1306 21.5272 4.57465 128.586
85.5993 32.1055 21.5628 4.57591 128.551
85.6993 32.0805 21.5984 4.57715 128.515
85.7993 32.0554 21.6341 4.57839 128.48
85.8993 32.0302 21.6697 4.57961 128.444
85.9993 32.0051 21.7054 4.58082 128.408
86.0993 31.9799 21.741 4.58201 128.373
86.1993 31.9546 21.7766 4.58319 128.337
86.2993 31.9293 21.8123 4.58436 128.301
86.3993 31.904 21.848 4.58551 128.266
86.4993 31.8786 21.8836 4.58665 128.23
86.5993 31.8532 21.9193 4.58778 128.194
86.6992 31.8277 21.9549 4.58889 128.159
86.7992 31.8022 21.9906 4.58999 128.123
86.8992 31.7767 22.0263 4.59107 128.087
86.9992 31.7511 22.062 4.59214 128.052
87.0992 31.7255 22.0977 4.5932 128.016
87.1992 31.6998 22.1333 4.59425 127.98
87.2992 31.6741 22.169 4.59528 127.945
87.3992 31.6484 22.2047 4.5963 127.909
87.4992 31.6226 22.2404 4.5973 127.873
87.5992 31.5968 22.2761 4.59829 127.838
87.6992 31.571 22.3118 4.59927 127.802
87.7992 31.5451 22.3475 4.60023 127.766
87.8992 31.5192 22.3832 4.60118 127.73
87.9992 31.4932 22.4189 4.60212 127.695
88.0992 31.4672 22.4546 4.60304 127.659
88.1992 31.4412 22.4903 4.60395 127.623
88.2992 31.4151 22.526 4.60484 127.588
88.3992 31.389 22.5618 4.60572 127.552
88.4992 31.3628 22.5975 4.60659 127.516
88.5992 31.3366 22.6332 4.60744 127.48
88.6992 31.3104 22.6689 4.60828 127.445
88.7992 31.2842 22.7046 4.60911 127.409
88.8992 31.2579 22.7404 4.60992 127.373
88.9992 31.2315 22.7761 4.61072 127.338
89.0992 31.2052 22.8118 4.61151 127.302
89.1992 31.1788 22.8475 4.61228 127.266
89.2992 31.1523 22.8833 4.61304 127.23
89.3992 31.1258 22.919 4.61378 127.195
89.4992 31.0993 22.9547 4.61451 127.159
89.5992 31.0728 22.9904 4.61523 127.123
89.6992 31.0462 23.0262 4.61593 127.087
89.7992 31.0196 23.0619 4.61662 127.052
89.8992 30.9929 23.0976 4.61729 127.016
89.9992 30.9662 23.1334 4.61795 126.98
90.0992 30.9395 23.1691 4.6186 126.945
90.1992 30.9127 23.2048 4.61923 126.909
90.2992 30.8859 23.2405 4.61985 126.873
90.3992 30.8591 23.2763 4.62046 126.837
90.4992 30.8322 23.312 4.62105 126.802
90.5992 30.8053 23.3477 4.62163 126.766
90.6992 30.7784 23.3835 4.62219 126.73
90.7992 30.7514 23.4192 4.62274 126.694
90.8992 30.7244 23.4549 4.62328 126.659
90.9992 30.6973 23.4906 4.6238 126.623
91.0992 30.6702 23.5264 4.62431 126.587
91.1992 30.6431 23.5621 4.62481 126.552
91.2992 30.616 23.5978 4.62529 126.516
91.3992 30.5888 23.6335 4.62575 126.48
91.4992 30.5616 23.6692 4.62621 126.444
91.5992 30.5343 23.7049 4.62664 126.409
91.6992 30.5071 23.7407 4.62707 126.373
91.7992 30.4797 23.7764 4.62748 126.337
91.8992 30.4524 23.8121 4.62788 126.302
91.9992 30.425 23.8478 4.62826 126.266
92.0992 30.3976 23.8835 4.62863 126.23
92.1992 30.3701 23.9192 4.62899 126.194
92.2992 30.3427 23.9549 4.62933 126.159
92.3992 30.3151 23.9906 4.62965 126.123
92.4992 30.2876 24.0263 4.62997 126.087
92.5992 30.26 24.062 4.63027 126.052
92.6992 30.2324 24.0977 4.63055 126.016
92.7992 30.2047 24.1334 4.63082 125.98
92.8992 30.1771 24.1691 4.63108 125.945
92.9992 30.1494 24.2047 4.63132 125.909
93.0992 30.1216 24.2404 4.63155 125.873
93.1992 30.0938 24.2761 4.63177 125.838
93.2991 30.066 24.3118 4.63197 125.802
93.3991 30.0382 24.3474 4.63216 125.766
93.4991 30.0103 24.3831 4.63233 125.731
93.5991 29.9824 24.4188 4.63249 125.695
93.6991 29.9545 24.4544 4.63263 125.659
93.7991 29.9265 24.4901 4.63276 125.624
93.8991 29.8985 24.5257 4.63288 125.588
93.9991 29.8705 24.5614 4.63298 125.552
94.0991 29.8424 24.597 4.63307 125.517
94.1991 29.8143 24.6326 4.63315 125.481
94.2991 29.7862 24.6683 4.63321 125.445
94.3991 29.758 24.7039 4.63325 125.41
94.4991 29.7298 24.7395 4.63328 125.374
94.5991 29.7016 24.7751 4.6333 125.338
94.6991 29.6734 24.8107 4.6333 125.303
94.7991 29.6451 24.8464 4.63329 125.267
94.8991 29.6168 24.882 4.63327 125.232
94.9991 29.5884 24.9175 4.63323 125.196
95.0991 29.5601 24.9531 4.63318 125.16
95.1991 29.5317 24.9887 4.63311 125.125
95.2991 29.5032 25.0243 4.63303 125.089
95.3991 29.4748 25.0599 4.63293 125.054
95.4991 29.4463 25.0954 4.63282 125.018
95.5991 29.4178 25.131 4.6327 124.983
95.6991 29.3892 25.1666 4.63256 124.947
95.7991 29.3606 25.2021 4.63241 124.912
95.8991 29.332 25.2377 4.63224 124.876
95.9991 29.3034 25.2732 4.63206 124.84
96.0991 29.2747 25.3087 4.63187 124.805
96.1991 29.246 25.3442 4.63166 124.769
96.2991 29.2173 25.3798 4.63144 124.734
96.3991 29.1885 25.4153 4.6312 124.698
96.4991 29.1597 25.4508 4.63095 124.663
96.5991 29.1309 25.4863 4.63068 124.627
96.6991 29.1021 25.5218 4.6304 124.592
96.7991 29.0732 25.5572 4.6301 124.556
96.8991 29.0443 25.5927 4.6298 124.521
96.9991 29.0154 25.6282 4.62947 124.485
97.0991 28.9864 25.6636 4.62913 124.45
97.1991 28.9574 25.6991 4.62878 124.415
97.2991 28.9284 25.7345 4.62842 124.379
97.3991 28.8994 25.77 4.62804 124.344
97.4991 28.8703 25.8054 4.62764 124.308
97.5991 28.8412 25.8408 4.62723 124.273
97.6991 28.812 25.8762 4.62681 124.237
97.7991 28.7829 25.9116 4.62637 124.202
97.8991 28.7537 25.947 4.62592 124.167
97.9991 28.7245 25.9824 4.62545 124.131
98.0991 28.6952 26.0178 4.62497 124.096
98.1991 28.666 26.0532 4.62448 124.06
98.2991 28.6367 26.0885 4.62397 124.025
98.3991 28.6074 26.1239 4.62345 123.99
98.4991 28.578 26.1592 4.62291 123.954
98.5991 28.5486 26.1945 4.62236 123.919
98.6991 28.5192 26.2299 4.62179 123.884
98.7991 28.4898 26.2652 4.62121 123.848
98.8991 28.4603 26.3005 4.62061 123.813
98.9991 28.4308 26.3358 4.62 123.778
99.0991 28.4013 26.3711 4.61938 123.743
99.1991 28.3718 26.4063 4.61874 123.707
99.2991 28.3422 26.4416 4.61809 123.672
99.3991 28.3126 26.4769 4.61742 123.637
99.4991 28.283 26.5121 4.61674 123.602
99.5991 28.2533 26.5473 4.61604 123.566
99.6991 28.2237 26.5826 4.61533 123.531
99.799 28.194 26.6178 4.61461 123.496
99.899 28.1642 26.653 4.61387 123.461
99.999 28.1345 26.6882 4.61312 123.425
100.099 28.1047 26.7233 4.61235 123.39
100.199 28.0749 26.7585 4.61157 123.355
100.299 28.0451 26.7937 4.61077 123.32
100.399 28.0152 26.8288 4.60996 123.285
100.499 27.9853 26.864 4.60913 123.25
100.599 27.9554 26.8991 4.60829 123.215
100.699 27.9255 26.9342 4.60744 123.179
100.799 27.8955 26.9693 4.60657 123.144
100.899 27.8655 27.0044 4.60569 123.109
100.999 27.8355 27.0395 4.60479 123.074
101.099 27.8055 27.0745 4.60388 123.039
101.199 27.7754 27.1096 4.60295 123.004
101.299 27.7453 27.1446 4.60201 122.969
101.399 27.7152 27.1797 4.60105 122.934
101.499 27.6851 27.2147 4.60008 122.899
101.599 27.6549 27.2497 4.5991 122.864
101.699 27.6247 27.2847 4.5981 122.829
101.799 27.5945 27.3197 4.59709 122.794
101.899 27.5643 27.3546 4.59606 122.759
101.999 27.534 27.3896 4.59502 122.724
102.099 27.5037 27.4245 4.59396 122.689
102.199 27.4734 27.4595 4.59289 122.654
102.299 27.4431 27.4944 4.5918 122.619
102.399 27.4127 27.5293 4.5907 122.584
102.499 27.3823 27.5642 4.58959 122.549
102.599 27.3519 27.599 4.58846 122.515
102.699 27.3215 27.6339 4.58731 122.48
102.799 27.291 27.6687 4.58616 122.445
102.899 27.2606 27.7036 4.58498 122.41
102.999 27.2301 27.7384 4.58379 122.375
103.099 27.1995 27.7732 4.58259 122.34
103.199 27.169 27.808 4.58138 122.306
103.299 27.1384 27.8428 4.58015 122.271
103.399 27.1078 27.8775 4.5789 122.236
103.499 27.0772 27.9123 4.57764 122.201
103.599 27.0465 27.947 4.57637 122.167
103.699 27.0159 27.9817 4.57508 122.132
103.799 26.9852 28.0165 4.57377 122.097
103.899 26.9544 28.0511 4.57246 122.062
103.999 26.9237 28.0858 4.57112 122.028
104.099 26.8929 28.1205 4.56978 121.993
104.199 26.8622 28.1551 4.56842 121.958
104.299 26.8313 28.1898 4.56704 121.924
104.399 26.8005 28.2244 4.56565 121.889
104.499 26.7697 28.259 4.56424 121.855
104.599 26.7388 28.2936 4.56282 121.82
104.699 26.7079 28.3281 4.56139 121.785
104.799 26.6769 28.3627 4.55994 121.751
104.899 26.646 28.3972 4.55848 121.716
104.999 26.615 28.4317 4.557 121.682
105.099 26.584 28.4662 4.55551 121.647
105.199 26.553 28.5007 4.554 121.613
105.299 26.522 28.5352 4.55248 121.578
105.399 26.4909 28.5696 4.55094 121.544
105.499 26.4598 28.6041 4.54939 121.51
105.599 26.4287 28.6385 4.54783 121.475
105.699 26.3976 28.6729 4.54625 121.441
105.799 26.3665 28.7073 4.54465 121.406
105.899 26.3353 28.7417 4.54305 121.372
105.999 26.3041 28.776 4.54142 121.338
106.099 26.2729 28.8104 4.53979 121.303
106.199 26.2416 28.8447 4.53813 121.269
106.299 26.2104 28.879 4.53647 121.235
106.399 26.1791 28.9133 4.53478 121.2
106.499 26.1478 28.9475 4.53309 121.166
106.599 26.1165 28.9818 4.53138 121.132
106.699 26.0851 29.016 4.52965 121.098
106.799 26.0538 29.0502 4.52791 121.063
106.899 26.0224 29.0844 4.52616 121.029
106.999 25.991 29.1186 4.52439 120.995
107.099 25.9595 29.1528 4.52261 120.961
107.199 25.9281 29.1869 4.52081 120.927
107.299 25.8966 29.221 4.519 120.893
107.399 25.8651 29.2551 4.51717 120.858
107.499 25.8336 29.2892 4.51533 120.824
107.599 25.8021 29.3233 4.51347 120.79
107.699 25.7705 29.3573 4.5116 120.756
107.799 25.7389 29.3914 4.50971 120.722
107.899 25.7073 29.4254 4.50781 120.688
107.999 25.6757 29.4594 4.5059 120.654
108.099 25.6441 29.4933 4.50397 120.62
108.199 25.6124 29.5273 4.50203 120.586
108.299 25.5807 29.5612 4.50007 120.552
108.399 25.549 29.5951 4.4981 120.518
108.499 25.5173 29.629 4.49611 120.485
108.599 25.4856 29.6629 4.49411 120.451
108.699 25.4538 29.6967 4.49209 120.417
108.799 25.422 29.7306 4.49006 120.383
108.899 25.3902 29.7644 4.48801 120.349
108.999 25.3584 29.7982 4.48595 120.315
109.099 25.3266 29.832 4.48388 120.282
109.199 25.2947 29.8657 4.48179 120.248
109.299 25.2628 29.8994 4.47969 120.214
109.399 25.2309 29.9331 4.47757 120.18
109.499 25.199 29.9668 4.47543 120.147
109.599 25.1671 30.0005 4.47329 120.113
109.699 25.1351 30.0342 4.47113 120.079
109.799 25.1031 30.0678 4.46895 120.046
109.899 25.0711 30.1014 4.46676 120.012
109.999 25.0391 30.135 4.46455 119.979
110.099 25.0071 30.1685 4.46233 119.945
110.199 24.975 30.2021 4.4601 119.912
110.299 24.9429 30.2356 4.45785 119.878
110.399 24.9108 30.2691 4.45558 119.845
110.499 24.8787 30.3026 4.4533 119.811
110.599 24.8466 30.336 4.45101 119.778
110.699 24.8144 30.3695 4.4487 119.744
110.799 24.7822 30.4029 4.44638 119.711
110.899 24.75 30.4363 4.44405 119.677
110.999 24.7178 30.4696 4.44169 119.644
111.099 24.6856 30.503 4.43933 119.611
111.199 24.6533 30.5363 4.43695 119.577
111.299 24.6211 30.5696 4.43455 119.544
111.399 24.5888 30.6029 4.43214 119.511
111.499 24.5565 30.6361 4.42972 119.477
111.599 24.5242 30.6694 4.42728 119.444
111.699 24.4918 30.7026 4.42483 119.411
111.799 24.4595 30.7358 4.42236 119.378
111.899 24.4271 30.7689 4.41988 119.345
111.999 24.3947 30.8021 4.41738 119.312
112.099 24.3623 30.8352 4.41487 119.278
112.199 24.3298 30.8683 4.41235 119.245
112.299 24.2974 30.9013 4.40981 119.212
112.399 24.2649 30.9344 4.40725 119.179
112.499 24.2324 30.9674 4.40468 119.146
112.599 24.1999 31.0004 4.4021 119.113
112.699 24.1674 31.0334 4.3995 119.08
112.799 24.1348 31.0663 4.39689 119.047
112.899 24.1023 31.0993 4.39426 119.014
112.999 24.0697 31.1322 4.39162 118.981
113.099 24.0371 31.165 4.38896 118.949
113.199 24.0045 31.1979 4.38629 118.916
113.299 23.9718 31.2307 4.38361 118.883
113.399 23.9392 31.2635 4.38091 118.85
113.499 23.9065 31.2963 4.37819 118.817
113.599 23.8738 31.3291 4.37546 118.785
113.699 23.8411 31.3618 4.37272 118.752
113.799 23.8084 31.3945 4.36996 118.719
113.899 23.7757 31.4272 4.36719 118.686
113.999 23.7429 31.4598 4.3644 118.654
114.099 23.7101 31.4924 4.3616 118.621
114.199 23.6773 31.525 4.35879 118.589
114.299 23.6445 31.5576 4.35596 118.556
114.399 23.6117 31.5902 4.35311 118.523
114.499 23.5789 31.6227 4.35025 118.491
114.599 23.546 31.6552 4.34738 118.458
114.699 23.5131 31.6877 4.34449 118.426
114.799 23.4802 31.7201 4.34159 118.393
114.899 23.4473 31.7525 4.33867 118.361
114.999 23.4144 31.7849 4.33574 118.329
115.099 23.3814 31.8173 4.3328 118.296
115.199 23.3485 31.8496 4.32984 118.264
115.299 23.3155 31.882 4.32686 118.232
115.399 23.2825 31.9143 4.32388 118.199
115.499 23.2495 31.9465 4.32087 118.167
115.599 23.2165 31.9787 4.31785 118.135
115.699 23.1834 32.011 4.31482 118.103
115.799 23.1504 32.0431 4.31178 118.07
115.899 23.1173 32.0753 4.30871 118.038
115.999 23.0842 32.1074 4.30564 118.006
116.099 23.0511 32.1395 4.30255 117.974
116.199 23.018 32.1716 4.29945 117.942
116.299 22.9848 32.2036 4.29633 117.91
116.399 22.9517 32.2357 4.29319 117.878
116.499 22.9185 32.2676 4.29005 117.846
116.599 22.8853 32.2996 4.28689 117.814
116.699 22.8521 32.3315 4.28371 117.782
116.799 22.8189 32.3634 4.28052 117.75
116.899 22.7856 32.3953 4.27732 117.718
116.999 22.7524 32.4272 4.2741 117.686
117.099 22.7191 32.459 4.27086 117.655
117.199 22.6858 32.4908 4.26762 117.623
117.299 22.6525 32.5225 4.26435 117.591
117.399 22.6192 32.5543 4.26108 117.559
117.499 22.5858 32.586 4.25779 117.528
117.599 22.5525 32.6177 4.25448 117.496
117.699 22.5191 32.6493 4.25116 117.464
117.799 22.4858 32.6809 4.24783 117.433
117.899 22.4524 32.7125 4.24448 117.401
117.999 22.4189 32.7441 4.24112 117.37
118.099 22.3855 32.7756 4.23774 117.338
118.199 22.3521 32.8071 4.23435 117.306
118.299 22.3186 32.8386 4.23095 117.275
118.399 22.2851 32.87 4.22753 117.244
118.499 22.2517 32.9015 4.22409 117.212
118.599 22.2181 32.9328 4.22065 117.181
118.699 22.1846 32.9642 4.21718 117.149
118.799 22.1511 32.9955 4.21371 117.118
118.899 22.1175 33.0268 4.21022 117.087
118.999 22.084 33.0581 4.20671 117.056
119.099 22.0504 33.0893 4.20319 117.024
119.199 22.0168 33.1205 4.19966 116.993
119.299 21.9832 33.1517 4.19611 116.962
119.399 21.9496 33.1828 4.19255 116.931
119.499 21.9159 33.214 4.18897 116.9
119.599 21.8823 33.245 4.18538 116.869
119.699 21.8486 33.2761 4.18178 116.838
119.799 21.8149 33.3071 4.17816 116.807
119.899 21.7812 33.3381 4.17453 116.776
119.999 21.7475 33.3691 4.17088 116.745
120.099 21.7138 33.4 4.16722 116.714
120.199 21.68 33.4309 4.16355 116.683
120.299 21.6463 33.4617 4.15986 116.652
120.399 21.6125 33.4926 4.15615 116.621
120.499 21.5787 33.5234 4.15243 116.59
120.599 21.5449 33.5541 4.1487 116.559
120.699 21.5111 33.5849 4.14496 116.529
120.799 21.4773 33.6156 4.1412 116.498
120.899 21.4435 33.6463 4.13742 116.467
120.999 21.4096 33.6769 4.13363 116.437
121.099 21.3757 33.7075 4.12983 116.406
121.199 21.3418 33.7381 4.12602 116.376
121.299 21.3079 33.7686 4.12218 116.345
121.399 21.274 33.7992 4.11834 116.314
121.499 21.2401 33.8296 4.11448 116.284
121.599 21.2062 33.8601 4.11061 116.254
121.699 21.1722 33.8905 4.10672 116.223
121.799 21.1382 33.9209 4.10282 116.193
121.899 21.1043 33.9512 4.09891 116.162
121.999 21.0703 33.9816 4.09498 116.132
122.099 21.0363 34.0118 4.09103 116.102
122.199 21.0022 34.0421 4.08708 116.072
122.299 20.9682 34.0723 4.08311 116.041
122.399 20.9341 34.1025 4.07912 116.011
122.499 20.9001 34.1326 4.07512 115.981
122.599 20.866 34.1628 4.07111 115.951
122.699 20.8319 34.1928 4.06708 115.921
122.799 20.7978 34.2229 4.06304 115.891
122.899 20.7637 34.2529 4.05899 115.861
122.999 20.7296 34.2829 4.05492 115.831
123.099 20.6954 34.3128 4.05083 115.801
123.199 20.6612 34.3428 4.04674 115.771
123.299 20.6271 34.3726 4.04263 115.741
123.399 20.5929 34.4025 4.0385 115.711
123.499 20.5587 34.4323 4.03436 115.681
123.599 20.5245 34.4621 4.03021 115.652
123.699 20.4903 34.4918 4.02605 115.622
123.799 20.456 34.5215 4.02187 115.592
123.899 20.4218 34.5512 4.01767 115.562
123.999 20.3875 34.5808 4.01346 115.533
124.099 20.3532 34.6104 4.00924 115.503
124.199 20.3189 34.64 4.00501 115.474
124.299 20.2846 34.6695 4.00076 115.444
124.399 20.2503 34.699 3.99649 115.415
124.499 20.216 34.7285 3.99222 115.385
124.599 20.1817 34.7579 3.98793 115.356
124.699 20.1473 34.7873 3.98362 115.326
124.799 20.1129 34.8167 3.9793 115.297
124.899 20.0786 34.846 3.97497 115.268
124.999 20.0442 34.8753 3.97062 115.238
125.099 20.0098 34.9045 3.96627 115.209
125.199 19.9754 34.9337 3.96189 115.18
125.299 19.9409 34.9629 3.9575 115.151
125.399 19.9065 34.9921 3.9531 115.122
125.499 19.872 35.0212 3.94869 115.092
125.599 19.8376 35.0502 3.94426 115.063
125.699 19.8031 35.0793 3.93982 115.034
125.799 19.7686 35.1083 3.93536 115.005
125.899 19.7341 35.1372 3.93089 114.976
125.999 19.6996 35.1662 3.92641 114.947
126.099 19.665 35.195 3.92191 114.919
126.199 19.6305 35.2239 3.9174 114.89
126.299 19.596 35.2527 3.91288 114.861
126.399 19.5614 35.2815 3.90834 114.832
126.499 19.5268 35.3102 3.90379 114.803
126.599 19.4922 35.3389 3.89923 114.775
126.699 19.4576 35.3676 3.89465 114.746
126.799 19.423 35.3962 3.89005 114.717
126.899 19.3884 35.4248 3.88545 114.689
126.999 19.3538 35.4534 3.88083 114.66
127.099 19.3191 35.4819 3.8762 114.632
127.199 19.2845 35.5104 3.87155 114.603
127.299 19.2498 35.5388 3.86689 114.575
127.399 19.2151 35.5672 3.86222 114.546
127.499 19.1804 35.5956 3.85753 114.518
127.599 19.1457 35.6239 3.85283 114.49
127.699 19.111 35.6522 3.84812 114.461
127.799 19.0763 35.6804 3.84339 114.433
127.899 19.0415 35.7087 3.83865 114.405
127.999 19.0068 35.7368 3.8339 114.377
128.099 18.972 35.765 3.82913 114.349
128.199 18.9372 35.7931 3.82435 114.321
128.299 18.9024 35.8211 3.81955 114.292
128.399 18.8676 35.8492 3.81474 114.264
128.499 18.8328 35.8771 3.80992 114.236
128.599 18.798 35.9051 3.80509 114.209
128.699 18.7632 35.933 3.80024 114.181
128.799 18.7283 35.9609 3.79538 114.153
128.899 18.6934 35.9887 3.7905 114.125
128.999 18.6586 36.0165 3.78561 114.097
129.099 18.6237 36.0442 3.78071 114.069
129.199 18.5888 36.0719 3.7758 114.042
129.299 18.5539 36.0996 3.77087 114.014
129.399 18.519 36.1272 3.76593 113.986
129.499 18.4841 36.1548 3.76097 113.959
129.599 18.4491 36.1824 3.756 113.931
129.699 18.4142 36.2099 3.75102 113.904
129.799 18.3792 36.2374 3.74603 113.876
129.899 18.3443 36.2648 3.74102 113.849
129.999 18.3093 36.2922 3.736 113.821
130.099 18.2743 36.3195 3.73097 113.794
130.199 18.2393 36.3469 3.72592 113.767
130.299 18.2043 36.3741 3.72086 113.739
130.399 18.1693 36.4014 3.71578 113.712
130.499 18.1342 36.4286 3.7107 113.685
130.599 18.0992 36.4557 3.7056 113.658
130.699 18.0641 36.4828 3.70048 113.631
130.799 18.0291 36.5099 3.69536 113.604
130.899 17.994 36.5369 3.69022 113.577
130.999 17.9589 36.5639 3.68507 113.55
131.099 17.9238 36.5908 3.6799 113.523
131.199 17.8887 36.6178 3.67472 113.496
131.299 17.8536 36.6446 3.66953 113.469
131.399 17.8185 36.6714 3.66433 113.442
131.499 17.7833 36.6982 3.65911 113.415
131.599 17.7482 36.725 3.65388 113.389
131.699 17.713 36.7517 3.64864 113.362
131.799 17.6778 36.7783 3.64338 113.335
131.899 17.6427 36.8049 3.63811 113.309
131.999 17.6075 36.8315 3.63283 113.282
132.099 17.5723 36.8581 3.62753 113.256
132.199 17.5371 36.8845 3.62222 113.229
132.299 17.5018 36.911 3.6169 113.203
132.399 17.4666 36.9374 3.61157 113.176
132.499 17.4314 36.9638 3.60622 113.15
132.599 17.3961 36.9901 3.60086 113.124
132.699 17.3609 37.0164 3.59549 113.097
132.799 17.3256 37.0426 3.59011 113.071
132.899 17.2903 37.0688 3.58471 113.045
132.999 17.255 37.095 3.5793 113.019
133.099 17.2197 37.1211 3.57387 112.993
133.199 17.1844 37.1471 3.56844 112.966
133.299 17.1491 37.1732 3.56299 112.94
133.399 17.1138 37.1992 3.55753 112.914
133.499 17.0784 37.2251 3.55205 112.889
133.599 17.0431 37.251 3.54656 112.863
133.699 17.0077 37.2768 3.54107 112.837
133.799 16.9723 37.3027 3.53555 112.811
133.899 16.937 37.3284 3.53003 112.785
133.999 16.9016 37.3542 3.52449 112.759
134.099 16.8662 37.3798 3.51894 112.734
134.199 16.8308 37.4055 3.51338 112.708
134.299 16.7954 37.4311 3.5078 112.683
134.399 16.7599 37.4566 3.50221 112.657
134.499 16.7245 37.4821 3.49661 112.631
134.599 16.6891 37.5076 3.491 112.606
134.699 16.6536 37.533 3.48537 112.581
134.799 16.6181 37.5584 3.47973 112.555
134.899 16.5827 37.5837 3.47408 112.53
134.999 16.5472 37.609 3.46842 112.505
135.099 16.5117 37.6343 3.46274 112.479
135.199 16.4762 37.6595 3.45706 112.454
135.299 16.4407 37.6846 3.45135 112.429
135.399 16.4052 37.7097 3.44564 112.404
135.499 16.3696 37.7348 3.43992 112.379
135.599 16.3341 37.7598 3.43418 112.354
135.699 16.2986 37.7848 3.42843 112.329
135.799 16.263 37.8097 3.42267 112.304
135.899 16.2274 37.8346 3.41689 112.279
135.999 16.1919 37.8595 3.4111 112.254
136.099 16.1563 37.8843 3.4053 112.229
136.199 16.1207 37.909 3.39949 112.205
136.299 16.0851 37.9337 3.39367 112.18
136.399 16.0495 37.9584 3.38783 112.155
136.499 16.0139 37.983 3.38198 112.131
136.599 15.9782 38.0076 3.37612 112.106
136.699 15.9426 38.0321 3.37025 112.082
136.799 15.9069 38.0566 3.36436 112.057
136.899 15.8713 38.081 3.35847 112.033
136.999 15.8356 38.1054 3.35256 112.008
137.099 15.8 38.1298 3.34664 111.984
137.199 15.7643 38.1541 3.3407 111.96
137.299 15.7286 38.1783 3.33476 111.935
137.399 15.6929 38.2025 3.3288 111.911
137.499 15.6572 38.2267 3.32283 111.887
137.599 15.6215 38.2508 3.31685 111.863
137.699 15.5857 38.2749 3.31085 111.839
137.799 15.55 38.2989 3.30485 111.815
137.899 15.5143 38.3229 3.29883 111.791
137.999 15.4785 38.3468 3.2928 111.767
138.099 15.4428 38.3707 3.28676 111.743
138.199 15.407 38.3946 3.2807 111.719
138.299 15.3712 38.4183 3.27464 111.695
138.399 15.3355 38.4421 3.26856 111.672
138.499 15.2997 38.4658 3.26247 111.648
138.599 15.2639 38.4894 3.25637 111.624
138.699 15.2281 38.5131 3.25025 111.601
138.799 15.1922 38.5366 3.24413 111.577
138.899 15.1564 38.5601 3.23799 111.553
138.999 15.1206 38.5836 3.23184 111.53
139.099 15.0847 38.607 3.22568 111.507
139.199 15.0489 38.6304 3.21951 111.483
139.299 15.013 38.6537 3.21333 111.46
139.399 14.9772 38.677 3.20713 111.437
139.499 14.9413 38.7002 3.20092 111.413
139.599 14.9054 38.7234 3.1947 111.39
139.699 14.8695 38.7465 3.18847 111.367
139.799 14.8336 38.7696 3.18223 111.344
139.899 14.7977 38.7927 3.17598 111.321
139.999 14.7618 38.8157 3.16971 111.298
140.099 14.7259 38.8386 3.16344 111.275
140.199 14.69 38.8615 3.15715 111.252
140.299 14.654 38.8843 3.15085 111.229
140.399 14.6181 38.9071 3.14453 111.206
140.499 14.5821 38.9299 3.13821 111.184
140.599 14.5462 38.9526 3.13188 111.161
140.699 14.5102 38.9753 3.12553 111.138
140.799 14.4742 38.9979 3.11917 111.116
140.899 14.4383 39.0204 3.1128 111.093
140.999 14.4023 39.0429 3.10642 111.071
141.099 14.3663 39.0654 3.10003 111.048
141.199 14.3303 39.0878 3.09363 111.026
141.299 14.2943 39.1102 3.08721 111.003
141.399 14.2582 39.1325 3.08079 110.981
141.499 14.2222 39.1548 3.07435 110.959
141.599 14.1862 39.177 3.0679 110.937
141.699 14.1501 39.1992 3.06144 110.914
141.799 14.1141 39.2213 3.05497 110.892
141.899 14.078 39.2433 3.04849 110.87
141.999 14.0419 39.2654 3.042 110.848
142.099 14.0059 39.2873 3.03549 110.826
142.199 13.9698 39.3093 3.02898 110.804
142.299 13.9337 39.3311 3.02245 110.782
142.399 13.8976 39.353 3.01591 110.761
142.499 13.8615 39.3748 3.00936 110.739
142.6 13.8254 39.3965 3.0028 110.717
142.7 13.7893 39.4182 2.99623 110.695
142.8 13.7532 39.4398 2.98965 110.674
142.9 13.717 39.4614 2.98306 110.652
143 13.6809 39.4829 2.97645 110.631
143.1 13.6447 39.5044 2.96984 110.609
143.2 13.6086 39.5258 2.96321 110.588
143.3 13.5724 39.5472 2.95657 110.566
143.4 13.5363 39.5685 2.94993 110.545
143.5 13.5001 39.5898 2.94327 110.524
143.6 13.4639 39.611 2.9366 110.503
143.7 13.4277 39.6322 2.92992 110.481
143.8 13.3915 39.6533 2.92323 110.46
143.9 13.3553 39.6744 2.91652 110.439
144 13.3191 39.6954 2.90981 110.418
144.1 13.2829 39.7164 2.90309 110.397
144.2 13.2467 39.7373 2.89635 110.376
144.3 13.2104 39.7582 2.88961 110.355
144.4 13.1742 39.779 2.88285 110.335
144.5 13.138 39.7998 2.87608 110.314
144.6 13.1017 39.8205 2.86931 110.293
144.7 13.0655 39.8412 2.86252 110.272
144.8 13.0292 39.8618 2.85572 110.252
144.9 12.9929 39.8824 2.84891 110.231
145 12.9567 39.9029 2.84209 110.211
145.1 12.9204 39.9234 2.83526 110.19
145.2 12.8841 39.9438 2.82842 110.17
145.3 12.8478 39.9642 2.82157 110.149
145.4 12.8115 39.9845 2.81471 110.129
145.5 12.7752 40.0048 2.80784 110.109
145.6 12.7389 40.025 2.80096 110.089
145.7 12.7025 40.0451 2.79406 110.068
145.8 12.6662 40.0653 2.78716 110.048
145.9 12.6299 40.0853 2.78025 110.028
146 12.5935 40.1053 2.77332 110.008
146.1 12.5572 40.1253 2.76639 109.988
146.2 12.5208 40.1452 2.75944 109.968
146.3 12.4845 40.165 2.75249 109.949
146.4 12.4481 40.1848 2.74552 109.929
146.5 12.4117 40.2046 2.73855 109.909
146.6 12.3753 40.2243 2.73156 109.889
146.7 12.3389 40.2439 2.72457 109.87
146.8 12.3026 40.2635 2.71756 109.85
146.9 12.2662 40.283 2.71055 109.831
147 12.2297 40.3025 2.70352 109.811
147.1 12.1933 40.322 2.69648 109.792
147.2 12.1569 40.3414 2.68944 109.772
147.3 12.1205 40.3607 2.68238 109.753
147.4 12.0841 40.38 2.67532 109.734
147.5 12.0476 40.3992 2.66824 109.714
147.6 12.0112 40.4184 2.66115 109.695
147.7 11.9747 40.4375 2.65406 109.676
147.8 11.9383 40.4565 2.64695 109.657
147.9 11.9018 40.4756 2.63984 109.638
148 11.8654 40.4945 2.63271 109.619
148.1 11.8289 40.5134 2.62557 109.6
148.2 11.7924 40.5323 2.61843 109.581
148.3 11.7559 40.5511 2.61127 109.563
148.4 11.7194 40.5698 2.60411 109.544
148.5 11.6829 40.5885 2.59693 109.525
148.6 11.6464 40.6072 2.58975 109.506
148.7 11.6099 40.6258 2.58256 109.488
148.8 11.5734 40.6443 2.57535 109.469
148.9 11.5369 40.6628 2.56814 109.451
149 11.5004 40.6812 2.56092 109.432
149.1 11.4638 40.6996 2.55368 109.414
149.2 11.4273 40.7179 2.54644 109.396
149.3 11.3908 40.7362 2.53919 109.377
149.4 11.3542 40.7544 2.53193 109.359
149.5 11.3177 40.7726 2.52466 109.341
149.6 11.2811 40.7907 2.51738 109.323
149.7 11.2445 40.8087 2.51009 109.305
149.8 11.208 40.8267 2.50279 109.287
149.9 11.1714 40.8447 2.49548 109.269
150 11.1348 40.8626 2.48816 109.251
150.1 11.0982 40.8804 2.48083 109.233
150.2 11.0616 40.8982 2.4735 109.215
150.3 11.025 40.9159 2.46615 109.198
150.4 10.9884 40.9336 2.4588 109.18
150.5 10.9518 40.9512 2.45143 109.162
150.6 10.9152 40.9688 2.44406 109.145
150.7 10.8786 40.9863 2.43668 109.127
150.8 10.8419 41.0038 2.42928 109.11
150.9 10.8053 41.0212 2.42188 109.092
151 10.7687 41.0385 2.41447 109.075
151.1 10.732 41.0558 2.40705 109.058
151.2 10.6954 41.0731 2.39963 109.041
151.3 10.6587 41.0902 2.39219 109.023
151.4 10.6221 41.1074 2.38474 109.006
151.5 10.5854 41.1245 2.37729 108.989
151.6 10.5488 41.1415 2.36982 108.972
151.7 10.5121 41.1584 2.36235 108.955
151.8 10.4754 41.1754 2.35487 108.938
151.9 10.4387 41.1922 2.34738 108.921
152 10.402 41.209 2.33988 108.905
152.1 10.3653 41.2258 2.33237 108.888
152.2 10.3286 41.2425 2.32485 108.871
152.3 10.2919 41.2591 2.31732 108.855
152.4 10.2552 41.2757 2.30979 108.838
152.5 10.2185 41.2922 2.30224 108.821
152.6 10.1818 41.3087 2.29469 108.805
152.7 10.1451 41.3251 2.28713 108.789
152.8 10.1083 41.3414 2.27956 108.772
152.9 10.0716 41.3578 2.27198 108.756
153 10.0349 41.374 2.2644 108.74
153.1 9.99812 41.3902 2.2568 108.723
153.2 9.96138 41.4063 2.2492 108.707
153.3 9.92462 41.4224 2.24158 108.691
153.4 9.88786 41.4384 2.23396 108.675
153.5 9.8511 41.4544 2.22633 108.659
153.6 9.81433 41.4703 2.21869 108.643
153.7 9.77756 41.4862 2.21105 108.627
153.8 9.74079 41.502 2.20339 108.612
153.9 9.704 41.5177 2.19573 108.596
154 9.66722 41.5334 2.18806 108.58
154.1 9.63043 41.5491 2.18038 108.565
154.2 9.59363 41.5646 2.17269 108.549
154.3 9.55683 41.5802 2.16499 108.533
154.4 9.52002 41.5956 2.15729 108.518
154.5 9.48322 41.6111 2.14958 108.503
154.6 9.4464 41.6264 2.14185 108.487
154.7 9.40958 41.6417 2.13413 108.472
154.8 9.37276 41.6569 2.12639 108.457
154.9 9.33593 41.6721 2.11864 108.441
155 9.2991 41.6873 2.11089 108.426
155.1 9.26226 41.7023 2.10313 108.411
155.2 9.22542 41.7173 2.09536 108.396
155.3 9.18857 41.7323 2.08758 108.381
155.4 9.15172 41.7472 2.0798 108.366
155.5 9.11487 41.7621 2.072 108.352
155.6 9.07801 41.7768 2.0642 108.337
155.7 9.04115 41.7916 2.05639 108.322
155.8 9.00428 41.8063 2.04858 108.307
155.9 8.96741 41.8209 2.04075 108.293
156 8.93053 41.8354 2.03292 108.278
156.1 8.89365 41.8499 2.02508 108.264
156.2 8.85677 41.8644 2.01723 108.249
156.3 8.81988 41.8788 2.00938 108.235
156.4 8.78298 41.8931 2.00151 108.221
156.5 8.74609 41.9074 1.99364 108.206
156.6 8.70918 41.9216 1.98577 108.192
156.7 8.67228 41.9358 1.97788 108.178
156.8 8.63537 41.9499 1.96999 108.164
156.9 8.59845 41.9639 1.96209 108.15
157 8.56154 41.9779 1.95418 108.136
157.1 8.52461 41.9918 1.94626 108.122
157.2 8.48769 42.0057 1.93834 108.108
157.3 8.45076 42.0195 1.93041 108.094
157.4 8.41382 42.0333 1.92247 108.08
157.5 8.37688 42.047 1.91452 108.067
157.6 8.33994 42.0606 1.90657 108.053
157.7 8.303 42.0742 1.89861 108.039
157.8 8.26605 42.0878 1.89064 108.026
157.9 8.22909 42.1012 1.88267 108.012
158 8.19213 42.1146 1.87469 107.999
158.1 8.15517 42.128 1.8667 107.986
158.2 8.1182 42.1413 1.8587 107.972
158.3 8.08123 42.1545 1.8507 107.959
158.4 8.04426 42.1677 1.84269 107.946
158.5 8.00728 42.1808 1.83467 107.933
158.6 7.9703 42.1939 1.82665 107.92
158.7 7.93332 42.2069 1.81862 107.907
158.8 7.89633 42.2199 1.81058 107.894
158.9 7.85934 42.2328 1.80253 107.881
159.001 7.82234 42.2456 1.79448 107.868
159.101 7.78534 42.2584 1.78642 107.855
159.201 7.74834 42.2711 1.77836 107.843
159.301 7.71133 42.2838 1.77028 107.83
159.401 7.67432 42.2964 1.7622 107.817
159.501 7.6373 42.3089 1.75412 107.805
159.601 7.60029 42.3214 1.74603 107.792
159.701 7.56326 42.3338 1.73793 107.78
159.801 7.52624 42.3462 1.72982 107.767
159.901 7.48921 42.3585 1.72171 107.755
160.001 7.45218 42.3707 1.71359 107.743
160.101 7.41514 42.3829 1.70546 107.731
160.201 7.3781 42.3951 1.69733 107.719
160.301 7.34106 42.4071 1.68919 107.706
160.401 7.30401 42.4191 1.68104 107.694
160.501 7.26696 42.4311 1.67289 107.683
160.601 7.22991 42.443 1.66473 107.671
160.701 7.19285 42.4548 1.65657 107.659
160.801 7.15579 42.4666 1.6484 107.647
160.901 7.11873 42.4783 1.64022 107.635
161.001 7.08166 42.49 1.63204 107.624
161.101 7.04459 42.5016 1.62385 107.612
161.201 7.00752 42.5131 1.61565 107.6
161.301 6.97044 42.5246 1.60745 107.589
161.401 6.93336 42.5361 1.59924 107.578
161.501 6.89628 42.5474 1.59102 107.566
161.601 6.8592 42.5587 1.5828 107.555
161.701 6.82211 42.57 1.57458 107.544
161.801 6.78501 42.5812 1.56634 107.532
161.901 6.74792 42.5923 1.5581 107.521
162.001 6.71082 42.6034 1.54986 107.51
162.101 6.67372 42.6144 1.54161 107.499
162.201 6.63661 42.6253 1.53335 107.488
162.301 6.5995 42.6362 1.52509 107.477
162.401 6.56239 42.6471 1.51682 107.467
162.501 6.52528 42.6578 1.50854 107.456
162.601 6.48816 42.6686 1.50026 107.445
162.701 6.45104 42.6792 1.49198 107.434
162.801 6.41392 42.6898 1.48369 107.424
162.901 6.37679 42.7003 1.47539 107.413
163.001 6.33966 42.7108 1.46708 107.403
163.101 6.30253 42.7212 1.45878 107.392
163.201 6.26539 42.7316 1.45046 107.382
163.301 6.22825 42.7419 1.44214 107.372
163.401 6.19111 42.7521 1.43381 107.361
163.501 6.15397 42.7623 1.42548 107.351
163.601 6.11682 42.7724 1.41715 107.341
163.701 6.07967 42.7825 1.4088 107.331
163.801 6.04252 42.7925 1.40046 107.321
163.901 6.00537 42.8024 1.3921 107.311
164.001 5.96821 42.8123 1.38374 107.301
164.101 5.93105 42.8221 1.37538 107.292
164.201 5.89388 42.8319 1.36701 107.282
164.301 5.85672 42.8416 1.35864 107.272
164.401 5.81955 42.8512 1.35026 107.262
164.501 5.78238 42.8608 1.34187 107.253
164.601 5.7452 42.8703 1.33348 107.243
164.701 5.70802 42.8798 1.32509 107.234
164.801 5.67084 42.8892 1.31669 107.224
164.901 5.63366 42.8985 1.30828 107.215
165.001 5.59648 42.9078 1.29987 107.206
165.101 5.55929 42.917 1.29145 107.197
165.201 5.5221 42.9262 1.28303 107.187
165.301 5.48491 42.9352 1.27461 107.178
165.401 5.44771 42.9443 1.26618 107.169
165.501 5.41051 42.9533 1.25774 107.16
165.601 5.37331 42.9622 1.2493 107.151
165.701 5.33611 42.971 1.24086 107.143
165.801 5.29891 42.9798 1.23241 107.134
165.901 5.2617 42.9886 1.22395 107.125
166.001 5.22449 42.9972 1.21549 107.116
166.101 5.18728 43.0059 1.20703 107.108
166.201 5.15006 43.0144 1.19856 107.099
166.301 5.11284 43.0229 1.19009 107.091
166.401 5.07563 43.0313 1.18161 107.082
166.501 5.0384 43.0397 1.17313 107.074
166.601 5.00118 43.048 1.16464 107.066
166.701 4.96395 43.0563 1.15615 107.057
166.801 4.92672 43.0644 1.14765 107.049
166.901 4.88949 43.0726 1.13915 107.041
167.001 4.85226 43.0806 1.13065 107.033
167.101 4.81502 43.0887 1.12214 107.025
167.201 4.77779 43.0966 1.11362 107.017
167.301 4.74055 43.1045 1.1051 107.009
167.401 4.7033 43.1123 1.09658 107.001
167.501 4.66606 43.1201 1.08806 106.994
167.601 4.62881 43.1278 1.07952 106.986
167.701 4.59157 43.1354 1.07099 106.978
167.801 4.55432 43.143 1.06245 106.971
167.901 4.51706 43.1505 1.05391 106.963
168.001 4.47981 43.158 1.04536 106.956
168.101 4.44255 43.1654 1.03681 106.948
168.201 4.40529 43.1727 1.02825 106.941
168.301 4.36803 43.18 1.01969 106.934
168.401 4.33077 43.1872 1.01113 106.926
168.501 4.2935 43.1944 1.00256 106.919
168.601 4.25624 43.2014 0.993991 106.912
168.701 4.21897 43.2085 0.985416 106.905
168.801 4.1817 43.2154 0.976838 106.898
168.901 4.14443 43.2224 0.968255 106.891
169.001 4.10715 43.2292 0.959668 106.884
169.101 4.06988 43.236 0.951078 106.878
169.201 4.0326 43.2427 0.942484 106.871
169.301 3.99532 43.2494 0.933887 106.864
169.401 3.95804 43.256 0.925286 106.858
169.501 3.92075 43.2625 0.916681 106.851
169.601 3.88347 43.269 0.908073 106.845
169.701 3.84618 43.2754 0.899461 106.838
169.801 3.80889 43.2818 0.890845 106.832
169.901 3.7716 43.2881 0.882227 106.826
170.001 3.73431 43.2943 0.873604 106.819
170.101 3.69701 43.3005 0.864979 106.813
170.201 3.65972 43.3066 0.85635 106.807
170.301 3.62242 43.3126 0.847718 106.801
170.401 3.58512 43.3186 0.839082 106.795
170.501 3.54782 43.3246 0.830443 106.789
170.601 3.51052 43.3304 0.821801 106.783
170.701 3.47321 43.3362 0.813156 106.777
170.801 3.43591 43.342 0.804507 106.772
170.901 3.3986 43.3477 0.795856 106.766
171.001 3.36129 43.3533 0.787201 106.76
171.101 3.32398 43.3588 0.778543 106.755
171.201 3.28667 43.3643 0.769882 106.749
171.301 3.24936 43.3698 0.761219 106.744
171.401 3.21204 43.3751 0.752552 106.738
171.501 3.17473 43.3805 0.743882 106.733
171.601 3.13741 43.3857 0.73521 106.728
171.701 3.10009 43.3909 0.726534 106.723
171.801 3.06277 43.396 0.717856 106.718
171.901 3.02545 43.4011 0.709175 106.713
172.001 2.98812 43.4061 0.700491 106.708
172.101 2.9508 43.411 0.691805 106.703
172.201 2.91347 43.4159 0.683115 106.698
172.301 2.87615 43.4207 0.674424 106.693
172.401 2.83882 43.4255 0.665729 106.688
172.501 2.80149 43.4302 0.657032 106.683
172.601 2.76416 43.4348 0.648332 106.679
172.701 2.72683 43.4394 0.63963 106.674
172.801 2.68949 43.4439 0.630925 106.67
172.901 2.65216 43.4483 0.622218 106.665
173.001 2.61482 43.4527 0.613509 106.661
173.101 2.57748 43.457 0.604797 106.657
173.201 2.54015 43.4613 0.596082 106.652
173.301 2.50281 43.4655 0.587366 106.648
173.401 2.46547 43.4696 0.578647 106.644
173.501 2.42812 43.4737 0.569926 106.64
173.601 2.39078 43.4777 0.561202 106.636
173.701 2.35344 43.4817 0.552477 106.632
173.801 2.31609 43.4856 0.543749 106.628
173.901 2.27875 43.4894 0.535019 106.624
174.001 2.2414 43.4932 0.526287 106.62
174.101 2.20405 43.4969 0.517553 106.617
174.201 2.1667 43.5005 0.508817 106.613
174.301 2.12935 43.5041 0.500079 106.61
174.401 2.092 43.5076 0.491339 106.606
174.501 2.05465 43.5111 0.482597 106.603
174.601 2.0173 43.5144 0.473854 106.599
174.701 1.97994 43.5178 0.465108 106.596
174.801 1.94259 43.521 0.456361 106.593
174.901 1.90523 43.5243 0.447611 106.589
175.001 1.86788 43.5274 0.43886 106.586
175.101 1.83052 43.5305 0.430108 106.583
175.201 1.79316 43.5335 0.421353 106.58
175.301 1.7558 43.5365 0.412598 106.577
175.402 1.71844 43.5394 0.40384 106.574
175.502 1.68108 43.5422 0.395081 106.571
175.602 1.64372 43.545 0.38632 106.569
175.702 1.60636 43.5477 0.377558 106.566
175.802 1.569 43.5503 0.368794 106.563
175.902 1.53163 43.5529 0.360029 106.561
176.002 1.49427 43.5554 0.351263 106.558
176.102 1.4569 43.5579 0.342495 106.556
176.202 1.41954 43.5603 0.333726 106.553
176.302 1.38217 43.5626 0.324955 106.551
176.402 1.34481 43.5649 0.316183 106.549
176.502 1.30744 43.5671 0.30741 106.547
176.602 1.27007 43.5693 0.298636 106.544
176.702 1.2327 43.5713 0.289861 106.542
176.802 1.19533 43.5734 0.281084 106.54
176.902 1.15796 43.5753 0.272306 106.538
177.002 1.12059 43.5772 0.263528 106.536
177.102 1.08322 43.5791 0.254748 106.535
177.202 1.04585 43.5808 0.245967 106.533
177.302 1.00848 43.5826 0.237186 106.531
177.402 0.971109 43.5842 0.228403 106.529
177.502 0.933736 43.5858 0.21962 106.528
177.602 0.896364 43.5873 0.210835 106.526
177.702 0.85899 43.5888 0.20205 106.525
177.802 0.821617 43.5902 0.193264 106.523
177.902 0.784243 43.5915 0.184477 106.522
178.002 0.746868 43.5928 0.17569 106.521
178.102 0.709494 43.594 0.166902 106.52
178.202 0.672119 43.5952 0.158113 106.518
178.302 0.634743 43.5963 0.149324 106.517
178.402 0.597368 43.5973 0.140534 106.516
178.502 0.559992 43.5983 0.131743 106.515
178.602 0.522616 43.5992 0.122952 106.514
178.702 0.485239 43.6 0.114161 106.514
178.802 0.447863 43.6008 0.105369 106.513
178.902 0.410486 43.6015 0.0965764 106.512
179.002 0.373109 43.6021 0.0877836 106.511
179.102 0.335732 43.6027 0.0789905 106.511
179.202 0.298355 43.6033 0.0701971 106.51
179.302 0.260977 43.6037 0.0614035 106.51
179.402 0.2236 43.6041 0.0526096 106.509
179.502 0.186222 43.6045 0.0438155 106.509
179.602 0.148844 43.6048 0.0350212 106.509
179.702 0.111466 43.605 0.0262268 106.509
179.802 0.0740886 43.6051 0.0174322 106.508
179.902 0.0367107 43.6052 0.00863764 106.508
