0 5.93336e-15 8.99253 0 172.096
0.1 0.0845602 8.99257 0.00894636 172.096
0.2 0.169119 8.9927 0.0178927 172.096
0.3 0.253675 8.99292 0.026839 172.096
0.4 0.338228 8.99322 0.0357852 172.095
0.5 0.422775 8.9936 0.0447314 172.095
0.6 0.507316 8.99408 0.0536774 172.094
0.7 0.591849 8.99463 0.0626234 172.094
0.8 0.676373 8.99528 0.0715691 172.093
0.9 0.760887 8.99601 0.0805148 172.092
1 0.84539 8.99682 0.0894602 172.092
1.1 0.929879 8.99772 0.0984055 172.091
1.2 1.01435 8.99871 0.10735 172.09
1.3 1.09881 8.99979 0.116295 172.089
1.4 1.18326 9.00094 0.12524 172.087
1.5 1.26768 9.00219 0.134184 172.086
1.6 1.35209 9.00352 0.143128 172.085
1.7 1.43647 9.00494 0.152072 172.083
1.8 1.52084 9.00644 0.161015 172.082
1.9 1.60518 9.00803 0.169958 172.08
2 1.68949 9.0097 0.1789 172.079
2.1 1.77379 9.01146 0.187842 172.077
2.2 1.85805 9.01331 0.196784 172.075
2.3 1.94228 9.01524 0.205725 172.073
2.4 2.02649 9.01726 0.214666 172.071
2.5 2.11067 9.01936 0.223606 172.069
2.6 2.19481 9.02155 0.232546 172.067
2.7 2.27892 9.02382 0.241485 172.065
2.8 2.36299 9.02618 0.250424 172.062
2.9 2.44703 9.02863 0.259362 172.06
3 2.53104 9.03116 0.268299 172.057
3.1 2.615 9.03378 0.277236 172.055
3.2 2.69893 9.03648 0.286173 172.052
3.3 2.78281 9.03927 0.295108 172.049
3.4 2.86665 9.04215 0.304043 172.046
3.5 2.95045 9.04511 0.312977 172.043
3.6 3.03421 9.04815 0.321911 172.04
3.7 3.11792 9.05129 0.330844 172.037
3.8 3.20158 9.0545 0.339776 172.034
3.9 3.28519 9.05781 0.348707 172.031
4 3.36876 9.0612 0.357638 172.027
4.1 3.45227 9.06467 0.366567 172.024
4.2 3.53573 9.06823 0.375496 172.02
4.3 3.61914 9.07188 0.384424 172.017
4.4 3.7025 9.07561 0.393352 172.013
4.5 3.7858 9.07943 0.402278 172.009
4.6 3.86904 9.08333 0.411203 172.005
4.7 3.95222 9.08732 0.420128 172.001
4.8 4.03535 9.09139 0.429051 171.997
4.9 4.11841 9.09555 0.437973 171.993
5 4.20142 9.0998 0.446895 171.989
5.1 4.28436 9.10413 0.455815 171.984
5.2 4.36723 9.10855 0.464735 171.98
5.3 4.45004 9.11305 0.473653 171.975
5.4 4.53279 9.11763 0.482571 171.971
5.5 4.61547 9.12231 0.491487 171.966
5.6 4.69808 9.12707 0.500402 171.961
5.7 4.78062 9.13191 0.509316 171.957
5.8 4.86308 9.13684 0.518229 171.952
5.9 4.94548 9.14185 0.52714 171.947
6 5.0278 9.14695 0.536051 171.941
6.1 5.11005 9.15214 0.54496 171.936
6.2 5.19222 9.15741 0.553868 171.931
6.3 5.27432 9.16277 0.562775 171.926
6.4 5.35634 9.16821 0.57168 171.92
6.5 5.43828 9.17373 0.580584 171.915
6.6 5.52014 9.17935 0.589487 171.909
6.7 5.60191 9.18504 0.598388 171.903
6.8 5.68361 9.19083 0.607289 171.898
6.9 5.76522 9.1967 0.616187 171.892
7 5.84675 9.20265 0.625085 171.886
7.1 5.92819 9.20869 0.633981 171.88
7.2 6.00954 9.21481 0.642875 171.874
7.3 6.09081 9.22102 0.651768 171.867
7.4 6.17198 9.22731 0.66066 171.861
7.5 6.25307 9.23369 0.66955 171.855
7.6 6.33407 9.24016 0.678438 171.848
7.7 6.41497 9.24671 0.687325 171.842
7.79999 6.49578 9.25334 0.69621 171.835
7.89999 6.5765 9.26006 0.705094 171.828
7.99999 6.65712 9.26687 0.713976 171.822
8.09999 6.73764 9.27376 0.722857 171.815
8.2 6.81807 9.28073 0.731736 171.808
8.3 6.89839 9.28779 0.740613 171.801
8.4 6.97862 9.29494 0.749489 171.793
8.5 7.05875 9.30217 0.758363 171.786
8.6 7.13877 9.30948 0.767235 171.779
8.7 7.21869 9.31688 0.776106 171.772
8.8 7.29851 9.32436 0.784974 171.764
8.9 7.37823 9.33193 0.793841 171.756
9 7.45783 9.33959 0.802706 171.749
9.1 7.53733 9.34733 0.81157 171.741
9.2 7.61673 9.35515 0.820431 171.733
9.3 7.69601 9.36306 0.829291 171.725
9.4 7.77519 9.37105 0.838148 171.717
9.5 7.85425 9.37913 0.847004 171.709
9.6 7.9332 9.38729 0.855858 171.701
9.7 8.01204 9.39554 0.86471 171.693
9.8 8.09076 9.40387 0.87356 171.685
9.9 8.16937 9.41229 0.882408 171.676
10 8.24787 9.42079 0.891254 171.668
10.1 8.32624 9.42938 0.900098 171.659
10.2 8.4045 9.43805 0.908939 171.65
10.3 8.48265 9.4468 0.917779 171.642
10.4 8.56067 9.45564 0.926617 171.633
10.5 8.63857 9.46456 0.935453 171.624
10.6 8.71635 9.47357 0.944286 171.615
10.7 8.79401 9.48266 0.953117 171.606
10.8 8.87155 9.49184 0.961946 171.597
10.9 8.94896 9.5011 0.970773 171.587
11 9.02624 9.51045 0.979598 171.578
11.1 9.1034 9.51988 0.988421 171.569
11.2 9.18044 9.52939 0.997241 171.559
11.3 9.25734 9.53899 1.00606 171.549
11.4 9.33412 9.54867 1.01487 171.54
11.5 9.41077 9.55844 1.02369 171.53
11.6 9.48729 9.56829 1.0325 171.52
11.7 9.56368 9.57823 1.04131 171.51
11.8 9.63994 9.58825 1.05011 171.5
11.9 9.71606 9.59835 1.05892 171.49
12 9.79205 9.60854 1.06772 171.48
12.1 9.86791 9.61881 1.07652 171.47
12.2 9.94363 9.62916 1.08531 171.459
12.3 10.0192 9.6396 1.09411 171.449
12.4 10.0947 9.65013 1.1029 171.438
12.5 10.17 9.66073 1.11169 171.428
12.6 10.2451 9.67142 1.12048 171.417
12.7 10.3202 9.6822 1.12926 171.406
12.8 10.3951 9.69306 1.13804 171.395
12.9 10.4698 9.704 1.14682 171.384
13 10.5444 9.71502 1.1556 171.373
13.1 10.6189 9.72613 1.16437 171.362
13.2 10.6932 9.73733 1.17314 171.351
13.3 10.7674 9.7486 1.18191 171.34
13.4 10.8415 9.75996 1.19068 171.328
13.5 10.9154 9.77141 1.19944 171.317
13.6 10.9891 9.78293 1.2082 171.305
13.7 11.0627 9.79454 1.21696 171.294
13.8 11.1362 9.80624 1.22571 171.282
13.9 11.2095 9.81802 1.23446 171.27
14 11.2826 9.82988 1.24321 171.259
14.1 11.3556 9.84182 1.25196 171.247
14.2 11.4285 9.85385 1.2607 171.235
14.3 11.5012 9.86596 1.26944 171.222
14.4 11.5738 9.87815 1.27818 171.21
14.5 11.6462 9.89043 1.28691 171.198
14.6 11.7184 9.90279 1.29564 171.186
14.7 11.7905 9.91523 1.30437 171.173
14.8 11.8625 9.92776 1.3131 171.161
14.9 11.9343 9.94037 1.32182 171.148
15 12.0059 9.95306 1.33054 171.135
15.1 12.0774 9.96584 1.33926 171.123
15.2 12.1487 9.9787 1.34797 171.11
15.3 12.2199 9.99164 1.35668 171.097
15.4 12.2909 10.0047 1.36539 171.084
15.5 12.3617 10.0178 1.37409 171.071
15.6 12.4324 10.031 1.38279 171.057
15.7 12.503 10.0442 1.39149 171.044
15.8 12.5733 10.0576 1.40019 171.031
15.9 12.6436 10.071 1.40888 171.017
16 12.7136 10.0845 1.41757 171.004
16.1 12.7835 10.0981 1.42625 170.99
16.2 12.8532 10.1118 1.43493 170.977
16.3 12.9228 10.1256 1.44361 170.963
16.4 12.9922 10.1394 1.45229 170.949
16.5 13.0614 10.1534 1.46096 170.935
16.6 13.1305 10.1674 1.46963 170.921
16.7 13.1994 10.1815 1.47829 170.907
16.8 13.2682 10.1957 1.48695 170.893
16.9 13.3368 10.2099 1.49561 170.878
17 13.4052 10.2243 1.50427 170.864
17.1 13.4734 10.2387 1.51292 170.85
17.2 13.5415 10.2532 1.52157 170.835
17.3 13.6094 10.2678 1.53021 170.821
17.4 13.6772 10.2825 1.53885 170.806
17.5 13.7447 10.2972 1.54749 170.791
17.6 13.8121 10.3121 1.55612 170.776
17.7 13.8794 10.327 1.56475 170.761
17.8 13.9464 10.342 1.57338 170.746
17.9 14.0133 10.3571 1.582 170.731
18 14.0801 10.3722 1.59062 170.716
18.1 14.1466 10.3875 1.59924 170.701
18.2 14.213 10.4028 1.60785 170.686
18.3 14.2792 10.4182 1.61646 170.67
18.4 14.3453 10.4337 1.62506 170.655
18.5 14.4111 10.4493 1.63366 170.639
18.6 14.4768 10.4649 1.64226 170.624
18.7 14.5423 10.4806 1.65086 170.608
18.8 14.6077 10.4965 1.65945 170.592
18.9 14.6728 10.5124 1.66803 170.576
19 14.7378 10.5283 1.67661 170.56
19.1 14.8027 10.5444 1.68519 170.544
19.2 14.8673 10.5605 1.69377 170.528
19.3 14.9318 10.5768 1.70234 170.512
19.4 14.9961 10.5931 1.7109 170.495
19.5 15.0602 10.6094 1.71947 170.479
19.6 15.1241 10.6259 1.72802 170.463
19.7 15.1879 10.6424 1.73658 170.446
19.8 15.2515 10.6591 1.74513 170.429
19.9 15.3149 10.6758 1.75368 170.413
20 15.3781 10.6926 1.76222 170.396
20.1 15.4412 10.7094 1.77076 170.379
20.2 15.5041 10.7264 1.77929 170.362
20.3 15.5667 10.7434 1.78782 170.345
20.4 15.6293 10.7605 1.79635 170.328
20.5 15.6916 10.7777 1.80487 170.311
20.6 15.7538 10.795 1.81339 170.293
20.7 15.8157 10.8123 1.8219 170.276
20.8 15.8775 10.8298 1.83041 170.259
20.9 15.9391 10.8473 1.83892 170.241
21 16.0006 10.8649 1.84742 170.224
21.1 16.0618 10.8825 1.85591 170.206
21.2 16.1229 10.9003 1.86441 170.188
21.3 16.1838 10.9181 1.8729 170.17
21.4 16.2445 10.936 1.88138 170.152
21.5 16.305 10.954 1.88986 170.134
21.6 16.3654 10.9721 1.89833 170.116
21.7 16.4256 10.9902 1.90681 170.098
21.8 16.4855 11.0085 1.91527 170.08
21.9 16.5453 11.0268 1.92373 170.062
22 16.605 11.0452 1.93219 170.043
22.1 16.6644 11.0637 1.94064 170.025
22.2 16.7236 11.0822 1.94909 170.006
22.3 16.7827 11.1008 1.95754 169.988
22.4 16.8416 11.1195 1.96598 169.969
22.5 16.9003 11.1383 1.97441 169.95
22.6 16.9588 11.1572 1.98284 169.931
22.7001 17.0171 11.1761 1.99127 169.912
22.8001 17.0753 11.1952 1.99969 169.893
22.9001 17.1333 11.2143 2.00811 169.874
23.0001 17.191 11.2335 2.01652 169.855
23.1001 17.2486 11.2527 2.02493 169.836
23.2001 17.306 11.2721 2.03333 169.816
23.3001 17.3633 11.2915 2.04173 169.797
23.4001 17.4203 11.311 2.05012 169.777
23.5001 17.4772 11.3306 2.05851 169.758
23.6001 17.5338 11.3502 2.06689 169.738
23.7001 17.5903 11.37 2.07527 169.718
23.8001 17.6466 11.3898 2.08365 169.699
23.9001 17.7027 11.4097 2.09201 169.679
24.0001 17.7587 11.4296 2.10038 169.659
24.1001 17.8144 11.4497 2.10874 169.639
24.2001 17.87 11.4698 2.11709 169.619
24.3001 17.9253 11.49 2.12544 169.598
24.4001 17.9805 11.5103 2.13379 169.578
24.5001 18.0355 11.5307 2.14213 169.558
24.6001 18.0904 11.5511 2.15046 169.537
24.7001 18.145 11.5716 2.15879 169.517
24.8001 18.1994 11.5922 2.16712 169.496
24.9001 18.2537 11.6129 2.17544 169.476
25.0001 18.3078 11.6337 2.18375 169.455
25.1001 18.3616 11.6545 2.19206 169.434
25.2001 18.4153 11.6754 2.20037 169.413
25.3001 18.4689 11.6964 2.20867 169.392
25.4001 18.5222 11.7175 2.21696 169.371
25.5001 18.5753 11.7386 2.22525 169.35
25.6001 18.6283 11.7598 2.23354 169.329
25.7001 18.681 11.7811 2.24181 169.307
25.8001 18.7336 11.8025 2.25009 169.286
25.9001 18.786 11.8239 2.25836 169.264
26.0001 18.8382 11.8455 2.26662 169.243
26.1001 18.8903 11.8671 2.27488 169.221
26.2001 18.9421 11.8888 2.28313 169.2
26.3001 18.9938 11.9105 2.29138 169.178
26.4001 19.0452 11.9324 2.29962 169.156
26.5001 19.0965 11.9543 2.30786 169.134
26.6001 19.1476 11.9763 2.31609 169.112
26.7001 19.1985 11.9983 2.32431 169.09
26.8001 19.2492 12.0205 2.33253 169.068
26.9001 19.2998 12.0427 2.34075 169.046
27.0001 19.3501 12.065 2.34896 169.023
27.1001 19.4003 12.0874 2.35716 169.001
27.2001 19.4502 12.1098 2.36536 168.979
27.3001 19.5 12.1324 2.37356 168.956
27.4001 19.5496 12.155 2.38174 168.933
27.5001 19.5991 12.1776 2.38993 168.911
27.6001 19.6483 12.2004 2.3981 168.888
27.7001 19.6974 12.2232 2.40627 168.865
27.8001 19.7462 12.2461 2.41444 168.842
27.9001 19.7949 12.2691 2.4226 168.819
28.0001 19.8434 12.2922 2.43075 168.796
28.1001 19.8917 12.3153 2.4389 168.773
28.2001 19.9398 12.3385 2.44704 168.75
28.3001 19.9878 12.3618 2.45518 168.727
28.4001 20.0355 12.3852 2.46331 168.703
28.5001 20.0831 12.4086 2.47144 168.68
28.6001 20.1305 12.4321 2.47956 168.656
28.7001 20.1777 12.4557 2.48767 168.633
28.8001 20.2247 12.4794 2.49578 168.609
28.9001 20.2715 12.5031 2.50388 168.585
29.0001 20.3182 12.5269 2.51198 168.561
29.1001 20.3646 12.5508 2.52007 168.538
29.2001 20.4109 12.5748 2.52815 168.514
29.3001 20.457 12.5988 2.53623 168.49
29.4001 20.5029 12.623 2.5443 168.465
29.5001 20.5487 12.6471 2.55237 168.441
29.6001 20.5942 12.6714 2.56043 168.417
29.7001 20.6396 12.6957 2.56849 168.393
29.8001 20.6848 12.7202 2.57653 168.368
29.9001 20.7297 12.7447 2.58458 168.344
30.0001 20.7746 12.7692 2.59261 168.319
30.1001 20.8192 12.7939 2.60064 168.295
30.2001 20.8636 12.8186 2.60867 168.27
30.3001 20.9079 12.8433 2.61669 168.245
30.4001 20.952 12.8682 2.6247 168.22
30.5001 20.9959 12.8931 2.63271 168.195
30.6001 21.0396 12.9181 2.64071 168.17
30.7001 21.0831 12.9432 2.6487 168.145
30.8001 21.1265 12.9684 2.65669 168.12
30.9001 21.1697 12.9936 2.66467 168.095
31.0001 21.2127 13.0189 2.67264 168.07
31.1001 21.2555 13.0443 2.68061 168.044
31.2001 21.2981 13.0697 2.68857 168.019
31.3001 21.3406 13.0953 2.69653 167.993
31.4001 21.3828 13.1209 2.70448 167.968
31.5001 21.4249 13.1465 2.71242 167.942
31.6001 21.4668 13.1723 2.72036 167.916
31.7001 21.5086 13.1981 2.72829 167.89
31.8001 21.5501 13.224 2.73621 167.864
31.9001 21.5915 13.25 2.74413 167.838
32.0001 21.6327 13.276 2.75204 167.812
32.1001 21.6737 13.3021 2.75995 167.786
32.2001 21.7145 13.3283 2.76785 167.76
32.3001 21.7552 13.3545 2.77574 167.734
32.4001 21.7957 13.3809 2.78362 167.708
32.5001 21.836 13.4073 2.7915 167.681
32.6001 21.8761 13.4337 2.79937 167.655
32.7001 21.916 13.4603 2.80724 167.628
32.8001 21.9558 13.4869 2.8151 167.602
32.9001 21.9954 13.5136 2.82295 167.575
33.0001 22.0348 13.5403 2.83079 167.548
33.1001 22.074 13.5672 2.83863 167.521
33.2001 22.1131 13.5941 2.84646 167.494
33.3001 22.152 13.621 2.85429 167.467
33.4001 22.1907 13.6481 2.86211 167.44
33.5001 22.2292 13.6752 2.86992 167.413
33.6001 22.2675 13.7024 2.87773 167.386
33.7001 22.3057 13.7297 2.88552 167.359
33.8001 22.3437 13.757 2.89331 167.331
33.9001 22.3815 13.7844 2.9011 167.304
34.0001 22.4192 13.8119 2.90888 167.277
34.1001 22.4567 13.8394 2.91665 167.249
34.2001 22.494 13.867 2.92441 167.221
34.3 22.5311 13.8947 2.93217 167.194
34.4 22.5681 13.9225 2.93992 167.166
34.5 22.6048 13.9503 2.94766 167.138
34.6 22.6414 13.9782 2.9554 167.11
34.7 22.6779 14.0062 2.96313 167.082
34.8 22.7141 14.0342 2.97085 167.054
34.9 22.7502 14.0624 2.97856 167.026
35 22.7861 14.0905 2.98627 166.998
35.1 22.8219 14.1188 2.99397 166.97
35.2 22.8575 14.1471 3.00167 166.941
35.3 22.8929 14.1755 3.00935 166.913
35.4 22.9281 14.204 3.01703 166.884
35.5 22.9632 14.2325 3.0247 166.856
35.6 22.998 14.2611 3.03237 166.827
35.7 23.0328 14.2898 3.04003 166.799
35.8 23.0673 14.3185 3.04768 166.77
35.9 23.1017 14.3474 3.05532 166.741
36 23.1359 14.3762 3.06296 166.712
36.1 23.1699 14.4052 3.07059 166.683
36.2 23.2038 14.4342 3.07821 166.654
36.3 23.2375 14.4633 3.08582 166.625
36.4 23.271 14.4925 3.09343 166.596
36.5 23.3044 14.5217 3.10103 166.567
36.6 23.3376 14.551 3.10862 166.537
36.7 23.3706 14.5804 3.1162 166.508
36.8 23.4035 14.6098 3.12378 166.479
36.9 23.4362 14.6393 3.13135 166.449
37 23.4687 14.6689 3.13891 166.42
37.1 23.5011 14.6985 3.14647 166.39
37.2 23.5333 14.7282 3.15402 166.36
37.3 23.5653 14.758 3.16156 166.33
37.4 23.5971 14.7879 3.16909 166.301
37.5 23.6288 14.8178 3.17661 166.271
37.6 23.6604 14.8478 3.18413 166.241
37.7 23.6917 14.8778 3.19164 166.211
37.8 23.7229 14.9079 3.19914 166.18
37.9 23.754 14.9381 3.20663 166.15
38 23.7849 14.9684 3.21412 166.12
38.1 23.8156 14.9987 3.2216 166.09
38.2 23.8461 15.0291 3.22907 166.059
38.3 23.8765 15.0596 3.23653 166.029
38.4 23.9067 15.0901 3.24399 165.998
38.5 23.9368 15.1207 3.25144 165.968
38.6 23.9667 15.1513 3.25888 165.937
38.7 23.9964 15.1821 3.26631 165.906
38.8 24.026 15.2129 3.27374 165.876
38.9 24.0554 15.2437 3.28115 165.845
39 24.0847 15.2746 3.28856 165.814
39.1 24.1137 15.3056 3.29596 165.783
39.2 24.1427 15.3367 3.30335 165.752
39.3 24.1714 15.3678 3.31074 165.721
39.4 24.2001 15.399 3.31812 165.689
39.5 24.2285 15.4303 3.32549 165.658
39.6 24.2568 15.4616 3.33285 165.627
39.7 24.2849 15.493 3.3402 165.595
39.8 24.3129 15.5245 3.34755 165.564
39.9 24.3407 15.556 3.35488 165.532
40 24.3684 15.5876 3.36221 165.501
40.1 24.3959 15.6192 3.36953 165.469
40.2 24.4232 15.651 3.37685 165.437
40.3 24.4504 15.6828 3.38415 165.406
40.4 24.4775 15.7146 3.39145 165.374
40.5 24.5043 15.7465 3.39874 165.342
40.6 24.5311 15.7785 3.40602 165.31
40.7 24.5576 15.8106 3.41329 165.278
40.7999 24.584 15.8427 3.42055 165.246
40.8999 24.6103 15.8749 3.42781 165.214
40.9999 24.6364 15.9071 3.43505 165.181
41.0999 24.6623 15.9394 3.44229 165.149
41.1999 24.6881 15.9718 3.44952 165.117
41.2999 24.7138 16.0042 3.45675 165.084
41.3999 24.7392 16.0367 3.46396 165.052
41.4999 24.7646 16.0693 3.47117 165.019
41.5999 24.7897 16.1019 3.47836 164.986
41.6999 24.8148 16.1346 3.48555 164.954
41.7999 24.8396 16.1674 3.49273 164.921
41.8999 24.8644 16.2002 3.4999 164.888
41.9999 24.8889 16.2331 3.50707 164.855
42.0999 24.9134 16.2661 3.51422 164.822
42.1999 24.9376 16.2991 3.52137 164.789
42.2999 24.9617 16.3322 3.52851 164.756
42.3999 24.9857 16.3653 3.53564 164.723
42.4999 25.0095 16.3985 3.54276 164.69
42.5999 25.0332 16.4318 3.54987 164.657
42.6999 25.0567 16.4651 3.55697 164.623
42.7999 25.0801 16.4985 3.56407 164.59
42.8999 25.1033 16.532 3.57115 164.556
42.9999 25.1264 16.5655 3.57823 164.523
43.0999 25.1493 16.5991 3.5853 164.489
43.1999 25.1721 16.6327 3.59236 164.456
43.2999 25.1947 16.6664 3.59941 164.422
43.3999 25.2172 16.7002 3.60646 164.388
43.4999 25.2395 16.734 3.61349 164.354
43.5999 25.2617 16.7679 3.62052 164.32
43.6999 25.2838 16.8019 3.62753 164.287
43.7999 25.3057 16.8359 3.63454 164.253
43.8999 25.3274 16.87 3.64154 164.218
43.9999 25.349 16.9041 3.64853 164.184
44.0999 25.3705 16.9383 3.65551 164.15
44.1999 25.3918 16.9726 3.66248 164.116
44.2999 25.413 17.0069 3.66945 164.081
44.3999 25.434 17.0413 3.6764 164.047
44.4999 25.4549 17.0758 3.68335 164.013
44.5999 25.4756 17.1103 3.69028 163.978
44.6999 25.4962 17.1449 3.69721 163.944
44.7999 25.5167 17.1795 3.70413 163.909
44.8999 25.537 17.2142 3.71104 163.874
44.9999 25.5572 17.249 3.71794 163.839
45.0999 25.5772 17.2838 3.72483 163.805
45.1999 25.5971 17.3187 3.73171 163.77
45.2999 25.6169 17.3536 3.73858 163.735
45.3999 25.6365 17.3886 3.74545 163.7
45.4999 25.656 17.4237 3.7523 163.665
45.5999 25.6753 17.4588 3.75915 163.63
45.6999 25.6945 17.494 3.76599 163.594
45.7999 25.7135 17.5292 3.77281 163.559
45.8999 25.7324 17.5645 3.77963 163.524
45.9999 25.7512 17.5999 3.78644 163.489
46.0999 25.7699 17.6353 3.79324 163.453
46.1999 25.7884 17.6708 3.80003 163.418
46.2999 25.8067 17.7063 3.80681 163.382
46.3999 25.825 17.7419 3.81358 163.347
46.4999 25.843 17.7776 3.82034 163.311
46.5999 25.861 17.8133 3.8271 163.275
46.6999 25.8788 17.8491 3.83384 163.239
46.7999 25.8965 17.8849 3.84057 163.204
46.8999 25.914 17.9208 3.8473 163.168
46.9999 25.9314 17.9568 3.85401 163.132
47.0999 25.9487 17.9928 3.86072 163.096
47.1999 25.9659 18.0288 3.86741 163.06
47.2999 25.9829 18.065 3.8741 163.023
47.3998 25.9997 18.1012 3.88078 162.987
47.4998 26.0165 18.1374 3.88745 162.951
47.5998 26.0331 18.1737 3.8941 162.915
47.6998 26.0495 18.2101 3.90075 162.878
47.7998 26.0659 18.2465 3.90739 162.842
47.8998 26.0821 18.283 3.91402 162.805
47.9998 26.0982 18.3195 3.92064 162.769
48.0998 26.1141 18.3561 3.92725 162.732
48.1998 26.1299 18.3927 3.93385 162.696
48.2998 26.1456 18.4294 3.94044 162.659
48.3998 26.1611 18.4662 3.94702 162.622
48.4998 26.1766 18.503 3.95359 162.585
48.5998 26.1918 18.5399 3.96015 162.549
48.6998 26.207 18.5768 3.9667 162.512
48.7998 26.222 18.6138 3.97325 162.475
48.8998 26.2369 18.6509 3.97978 162.438
48.9998 26.2517 18.688 3.9863 162.4
49.0998 26.2663 18.7251 3.99281 162.363
49.1998 26.2809 18.7623 3.99931 162.326
49.2998 26.2952 18.7996 4.00581 162.289
49.3998 26.3095 18.8369 4.01229 162.251
49.4998 26.3236 18.8743 4.01876 162.214
49.5998 26.3376 18.9118 4.02522 162.177
49.6998 26.3515 18.9492 4.03167 162.139
49.7998 26.3653 18.9868 4.03812 162.102
49.8998 26.3789 19.0244 4.04455 162.064
49.9998 26.3924 19.0621 4.05097 162.026
50.0998 26.4058 19.0998 4.05738 161.989
50.1998 26.419 19.1376 4.06379 161.951
50.2998 26.4321 19.1754 4.07018 161.913
50.3998 26.4451 19.2133 4.07656 161.875
50.4998 26.458 19.2512 4.08293 161.837
50.5998 26.4708 19.2892 4.08929 161.799
50.6998 26.4834 19.3272 4.09565 161.761
50.7998 26.4959 19.3653 4.10199 161.723
50.8998 26.5083 19.4035 4.10832 161.685
50.9998 26.5205 19.4417 4.11464 161.647
51.0998 26.5327 19.48 4.12095 161.608
51.1998 26.5447 19.5183 4.12725 161.57
51.2998 26.5566 19.5566 4.13354 161.532
51.3998 26.5683 19.5951 4.13982 161.493
51.4998 26.58 19.6335 4.14609 161.455
51.5998 26.5915 19.6721 4.15235 161.416
51.6998 26.6029 19.7107 4.1586 161.378
51.7998 26.6142 19.7493 4.16484 161.339
51.8998 26.6254 19.788 4.17106 161.3
51.9998 26.6364 19.8267 4.17728 161.262
52.0998 26.6474 19.8655 4.18349 161.223
52.1998 26.6582 19.9044 4.18969 161.184
52.2998 26.6689 19.9433 4.19587 161.145
52.3998 26.6795 19.9822 4.20205 161.106
52.4998 26.6899 20.0212 4.20821 161.067
52.5998 26.7003 20.0603 4.21437 161.028
52.6998 26.7105 20.0994 4.22051 160.989
52.7998 26.7206 20.1386 4.22664 160.95
52.8998 26.7306 20.1778 4.23277 160.911
52.9998 26.7404 20.217 4.23888 160.871
53.0998 26.7502 20.2564 4.24498 160.832
53.1998 26.7598 20.2957 4.25107 160.793
53.2998 26.7694 20.3351 4.25715 160.753
53.3998 26.7788 20.3746 4.26322 160.714
53.4998 26.7881 20.4141 4.26928 160.674
53.5998 26.7972 20.4537 4.27533 160.635
53.6998 26.8063 20.4933 4.28137 160.595
53.7998 26.8153 20.533 4.28739 160.555
53.8997 26.8241 20.5727 4.29341 160.516
53.9997 26.8328 20.6125 4.29941 160.476
54.0997 26.8414 20.6523 4.30541 160.436
54.1997 26.8499 20.6922 4.31139 160.396
54.2997 26.8583 20.7322 4.31736 160.356
54.3997 26.8666 20.7721 4.32333 160.316
54.4997 26.8747 20.8122 4.32928 160.276
54.5997 26.8828 20.8522 4.33522 160.236
54.6997 26.8907 20.8924 4.34114 160.196
54.7997 26.8986 20.9325 4.34706 160.156
54.8997 26.9063 20.9728 4.35297 160.116
54.9997 26.9139 21.0131 4.35887 160.075
55.0997 26.9214 21.0534 4.36475 160.035
55.1997 26.9288 21.0938 4.37062 159.995
55.2997 26.936 21.1342 4.37649 159.954
55.3997 26.9432 21.1746 4.38234 159.914
55.4997 26.9502 21.2152 4.38818 159.873
55.5997 26.9572 21.2557 4.39401 159.833
55.6997 26.964 21.2964 4.39983 159.792
55.7997 26.9708 21.337 4.40563 159.751
55.8997 26.9774 21.3777 4.41143 159.711
55.9997 26.9839 21.4185 4.41721 159.67
56.0997 26.9903 21.4593 4.42299 159.629
56.1997 26.9966 21.5002 4.42875 159.588
56.2997 27.0028 21.5411 4.4345 159.547
56.3997 27.0089 21.582 4.44024 159.506
56.4997 27.0149 21.623 4.44597 159.465
56.5997 27.0207 21.6641 4.45169 159.424
56.6997 27.0265 21.7052 4.45739 159.383
56.7997 27.0322 21.7463 4.46309 159.342
56.8997 27.0377 21.7875 4.46877 159.301
56.9997 27.0432 21.8288 4.47444 159.26
57.0997 27.0485 21.87 4.4801 159.218
57.1997 27.0538 21.9114 4.48575 159.177
57.2997 27.0589 21.9528 4.49139 159.136
57.3997 27.064 21.9942 4.49702 159.094
57.4997 27.0689 22.0357 4.50263 159.053
57.5997 27.0737 22.0772 4.50823 159.011
57.6997 27.0784 22.1187 4.51382 158.97
57.7997 27.0831 22.1603 4.5194 158.928
57.8997 27.0876 22.202 4.52497 158.886
57.9997 27.092 22.2437 4.53053 158.845
58.0997 27.0963 22.2854 4.53608 158.803
58.1997 27.1005 22.3272 4.54161 158.761
58.2997 27.1047 22.3691 4.54713 158.719
58.3997 27.1087 22.411 4.55264 158.677
58.4997 27.1126 22.4529 4.55814 158.636
58.5997 27.1164 22.4949 4.56363 158.594
58.6997 27.1201 22.5369 4.5691 158.552
58.7997 27.1237 22.5789 4.57457 158.509
58.8997 27.1272 22.621 4.58002 158.467
58.9997 27.1306 22.6632 4.58546 158.425
59.0997 27.134 22.7054 4.59089 158.383
59.1997 27.1372 22.7476 4.5963 158.341
59.2997 27.1403 22.7899 4.60171 158.299
59.3997 27.1433 22.8322 4.6071 158.256
59.4997 27.1462 22.8746 4.61248 158.214
59.5997 27.149 22.917 4.61785 158.171
59.6997 27.1518 22.9595 4.62321 158.129
59.7997 27.1544 23.002 4.62856 158.086
59.8997 27.1569 23.0445 4.63389 158.044
59.9997 27.1594 23.0871 4.63921 158.001
60.0997 27.1617 23.1297 4.64452 157.959
60.1997 27.1639 23.1724 4.64982 157.916
60.2997 27.1661 23.2151 4.6551 157.873
60.3997 27.1681 23.2579 4.66038 157.831
60.4996 27.1701 23.3007 4.66564 157.788
60.5996 27.1719 23.3435 4.67089 157.745
60.6996 27.1737 23.3864 4.67613 157.702
60.7996 27.1754 23.4293 4.68135 157.659
60.8996 27.1769 23.4723 4.68657 157.616
60.9996 27.1784 23.5153 4.69177 157.573
61.0996 27.1798 23.5583 4.69696 157.53
61.1996 27.1811 23.6014 4.70213 157.487
61.2996 27.1823 23.6446 4.7073 157.444
61.3996 27.1834 23.6877 4.71245 157.401
61.4996 27.1844 23.731 4.71759 157.357
61.5996 27.1853 23.7742 4.72272 157.314
61.6996 27.1862 23.8175 4.72783 157.271
61.7996 27.1869 23.8609 4.73294 157.228
61.8996 27.1875 23.9042 4.73803 157.184
61.9996 27.1881 23.9477 4.74311 157.141
62.0996 27.1886 23.9911 4.74817 157.097
62.1996 27.1889 24.0346 4.75323 157.054
62.2996 27.1892 24.0782 4.75827 157.01
62.3996 27.1894 24.1217 4.7633 156.967
62.4996 27.1895 24.1654 4.76832 156.923
62.5996 27.1895 24.209 4.77332 156.879
62.6996 27.1894 24.2527 4.77831 156.836
62.7996 27.1892 24.2965 4.78329 156.792
62.8996 27.189 24.3402 4.78826 156.748
62.9996 27.1886 24.384 4.79322 156.704
63.0996 27.1882 24.4279 4.79816 156.661
63.1996 27.1876 24.4718 4.80309 156.617
63.2996 27.187 24.5157 4.808 156.573
63.3996 27.1863 24.5597 4.81291 156.529
63.4996 27.1855 24.6037 4.8178 156.485
63.5996 27.1846 24.6478 4.82268 156.441
63.6996 27.1837 24.6918 4.82755 156.397
63.7996 27.1826 24.736 4.8324 156.352
63.8996 27.1815 24.7801 4.83724 156.308
63.9996 27.1802 24.8243 4.84207 156.264
64.0996 27.1789 24.8686 4.84689 156.22
64.1996 27.1775 24.9129 4.85169 156.176
64.2996 27.176 24.9572 4.85648 156.131
64.3996 27.1745 25.0015 4.86126 156.087
64.4996 27.1728 25.0459 4.86603 156.043
64.5996 27.1711 25.0903 4.87078 155.998
64.6996 27.1692 25.1348 4.87552 155.954
64.7996 27.1673 25.1793 4.88024 155.909
64.8996 27.1653 25.2238 4.88496 155.865
64.9996 27.1632 25.2684 4.88966 155.82
65.0996 27.161 25.313 4.89435 155.775
65.1996 27.1588 25.3576 4.89902 155.731
65.2996 27.1564 25.4023 4.90369 155.686
65.3996 27.154 25.447 4.90834 155.641
65.4996 27.1515 25.4918 4.91297 155.597
65.5996 27.1489 25.5366 4.9176 155.552
65.6996 27.1463 25.5814 4.92221 155.507
65.7996 27.1435 25.6263 4.9268 155.462
65.8996 27.1407 25.6712 4.93139 155.417
65.9996 27.1378 25.7161 4.93596 155.372
66.0996 27.1348 25.761 4.94052 155.327
66.1996 27.1317 25.806 4.94506 155.282
66.2996 27.1285 25.8511 4.9496 155.237
66.3996 27.1253 25.8961 4.95412 155.192
66.4996 27.1219 25.9412 4.95862 155.147
66.5996 27.1185 25.9864 4.96311 155.102
66.6996 27.115 26.0315 4.96759 155.057
66.7996 27.1115 26.0767 4.97206 155.012
66.8996 27.1078 26.122 4.97651 154.966
66.9995 27.1041 26.1673 4.98096 154.921
67.0995 27.1003 26.2126 4.98538 154.876
67.1995 27.0964 26.2579 4.9898 154.831
67.2995 27.0924 26.3033 4.9942 154.785
67.3995 27.0884 26.3487 4.99858 154.74
67.4995 27.0843 26.3941 5.00296 154.694
67.5995 27.0801 26.4396 5.00732 154.649
67.6995 27.0758 26.4851 5.01167 154.603
67.7995 27.0714 26.5306 5.016 154.558
67.8995 27.067 26.5762 5.02032 154.512
67.9995 27.0625 26.6218 5.02463 154.467
68.0995 27.0579 26.6674 5.02892 154.421
68.1995 27.0532 26.7131 5.0332 154.375
68.2995 27.0484 26.7588 5.03747 154.33
68.3995 27.0436 26.8045 5.04172 154.284
68.4995 27.0387 26.8503 5.04596 154.238
68.5995 27.0337 26.8961 5.05019 154.192
68.6995 27.0287 26.9419 5.0544 154.147
68.7995 27.0235 26.9877 5.0586 154.101
68.8995 27.0183 27.0336 5.06279 154.055
68.9995 27.0131 27.0795 5.06696 154.009
69.0995 27.0077 27.1255 5.07112 153.963
69.1995 27.0023 27.1715 5.07526 153.917
69.2995 26.9968 27.2175 5.0794 153.871
69.3995 26.9912 27.2635 5.08351 153.825
69.4995 26.9855 27.3096 5.08762 153.779
69.5995 26.9798 27.3557 5.09171 153.733
69.6995 26.974 27.4018 5.09579 153.687
69.7995 26.9681 27.448 5.09985 153.64
69.8995 26.9621 27.4941 5.1039 153.594
69.9995 26.9561 27.5404 5.10793 153.548
70.0995 26.95 27.5866 5.11196 153.502
70.1995 26.9438 27.6329 5.11596 153.456
70.2995 26.9376 27.6792 5.11996 153.409
70.3995 26.9312 27.7255 5.12394 153.363
70.4995 26.9249 27.7719 5.12791 153.317
70.5995 26.9184 27.8183 5.13186 153.27
70.6995 26.9118 27.8647 5.1358 153.224
70.7995 26.9052 27.9111 5.13972 153.177
70.8995 26.8986 27.9576 5.14364 153.131
70.9995 26.8918 28.0041 5.14753 153.084
71.0995 26.885 28.0507 5.15142 153.038
71.1995 26.8781 28.0972 5.15529 152.991
71.2995 26.8711 28.1438 5.15914 152.945
71.3995 26.8641 28.1904 5.16298 152.898
71.4995 26.857 28.2371 5.16681 152.851
71.5995 26.8498 28.2837 5.17063 152.805
71.6995 26.8425 28.3304 5.17443 152.758
71.7995 26.8352 28.3772 5.17821 152.711
71.8995 26.8278 28.4239 5.18198 152.665
71.9995 26.8203 28.4707 5.18574 152.618
72.0995 26.8128 28.5175 5.18949 152.571
72.1995 26.8052 28.5643 5.19321 152.524
72.2995 26.7975 28.6112 5.19693 152.477
72.3995 26.7898 28.6581 5.20063 152.43
72.4995 26.782 28.705 5.20432 152.383
72.5995 26.7741 28.7519 5.20799 152.337
72.6995 26.7662 28.7989 5.21165 152.29
72.7995 26.7582 28.8459 5.21529 152.243
72.8995 26.7501 28.8929 5.21893 152.196
72.9995 26.7419 28.9399 5.22254 152.149
73.0995 26.7337 28.987 5.22614 152.101
73.1995 26.7254 29.034 5.22973 152.054
73.2995 26.7171 29.0812 5.2333 152.007
73.3995 26.7087 29.1283 5.23686 151.96
73.4995 26.7002 29.1755 5.24041 151.913
73.5994 26.6916 29.2226 5.24394 151.866
73.6994 26.683 29.2699 5.24745 151.819
73.7994 26.6743 29.3171 5.25096 151.771
73.8994 26.6656 29.3643 5.25444 151.724
73.9994 26.6568 29.4116 5.25792 151.677
74.0994 26.6479 29.4589 5.26137 151.629
74.1994 26.6389 29.5063 5.26482 151.582
74.2994 26.6299 29.5536 5.26825 151.535
74.3994 26.6208 29.601 5.27166 151.487
74.4994 26.6117 29.6484 5.27506 151.44
74.5994 26.6025 29.6958 5.27845 151.393
74.6994 26.5932 29.7432 5.28182 151.345
74.7994 26.5839 29.7907 5.28518 151.298
74.8994 26.5745 29.8382 5.28852 151.25
74.9994 26.565 29.8857 5.29185 151.203
75.0994 26.5555 29.9332 5.29516 151.155
75.1994 26.5459 29.9808 5.29846 151.108
75.2994 26.5362 30.0284 5.30175 151.06
75.3994 26.5265 30.076 5.30501 151.012
75.4994 26.5167 30.1236 5.30827 150.965
75.5994 26.5068 30.1712 5.31151 150.917
75.6994 26.4969 30.2189 5.31474 150.87
75.7994 26.487 30.2666 5.31795 150.822
75.8994 26.4769 30.3143 5.32114 150.774
75.9994 26.4668 30.362 5.32432 150.726
76.0994 26.4567 30.4098 5.32749 150.679
76.1994 26.4464 30.4575 5.33064 150.631
76.2994 26.4361 30.5053 5.33378 150.583
76.3994 26.4258 30.5531 5.3369 150.535
76.4994 26.4154 30.601 5.34001 150.487
76.5994 26.4049 30.6488 5.3431 150.44
76.6994 26.3944 30.6967 5.34618 150.392
76.7994 26.3838 30.7446 5.34924 150.344
76.8994 26.3731 30.7925 5.35229 150.296
76.9994 26.3624 30.8404 5.35533 150.248
77.0994 26.3516 30.8884 5.35834 150.2
77.1994 26.3408 30.9363 5.36135 150.152
77.2994 26.3299 30.9843 5.36434 150.104
77.3994 26.3189 31.0323 5.36731 150.056
77.4994 26.3079 31.0803 5.37027 150.008
77.5994 26.2968 31.1284 5.37321 149.96
77.6994 26.2857 31.1764 5.37614 149.912
77.7994 26.2745 31.2245 5.37906 149.864
77.8994 26.2632 31.2726 5.38195 149.816
77.9994 26.2519 31.3207 5.38484 149.768
78.0994 26.2406 31.3689 5.38771 149.72
78.1994 26.2291 31.417 5.39056 149.671
78.2994 26.2176 31.4652 5.3934 149.623
78.3994 26.2061 31.5134 5.39622 149.575
78.4994 26.1945 31.5616 5.39903 149.527
78.5994 26.1828 31.6098 5.40183 149.479
78.6994 26.1711 31.658 5.4046 149.43
78.7994 26.1593 31.7063 5.40737 149.382
78.8994 26.1475 31.7546 5.41011 149.334
78.9994 26.1356 31.8028 5.41285 149.286
79.0994 26.1236 31.8511 5.41556 149.237
79.1994 26.1116 31.8995 5.41827 149.189
79.2994 26.0995 31.9478 5.42095 149.141
79.3994 26.0874 31.9962 5.42363 149.092
79.4994 26.0752 32.0445 5.42628 149.044
79.5994 26.063 32.0929 5.42892 148.996
79.6994 26.0507 32.1413 5.43155 148.947
79.7994 26.0383 32.1897 5.43416 148.899
79.8994 26.0259 32.2381 5.43676 148.85
79.9994 26.0134 32.2866 5.43934 148.802
80.0993 26.0009 32.335 5.4419 148.753
80.1993 25.9883 32.3835 5.44445 148.705
80.2993 25.9757 32.432 5.44698 148.656
80.3993 25.963 32.4805 5.4495 148.608
80.4993 25.9503 32.529 5.452 148.559
80.5993 25.9375 32.5776 5.45449 148.511
80.6993 25.9246 32.6261 5.45696 148.462
80.7993 25.9117 32.6747 5.45942 148.414
80.8993 25.8987 32.7232 5.46186 148.365
80.9993 25.8857 32.7718 5.46429 148.317
81.0993 25.8726 32.8204 5.4667 148.268
81.1993 25.8595 32.869 5.46909 148.219
81.2993 25.8463 32.9177 5.47147 148.171
81.3993 25.8331 32.9663 5.47384 148.122
81.4993 25.8198 33.015 5.47619 148.073
81.5993 25.8065 33.0636 5.47852 148.025
81.6993 25.7931 33.1123 5.48084 147.976
81.7993 25.7796 33.161 5.48314 147.927
81.8993 25.7661 33.2097 5.48542 147.879
81.9993 25.7525 33.2584 5.48769 147.83
82.0993 25.7389 33.3071 5.48995 147.781
82.1993 25.7253 33.3559 5.49219 147.733
82.2993 25.7116 33.4046 5.49441 147.684
82.3993 25.6978 33.4534 5.49662 147.635
82.4993 25.684 33.5021 5.49881 147.586
82.5993 25.6701 33.5509 5.50099 147.537
82.6993 25.6562 33.5997 5.50315 147.489
82.7993 25.6422 33.6485 5.50529 147.44
82.8993 25.6282 33.6973 5.50742 147.391
82.9993 25.6141 33.7462 5.50953 147.342
83.0993 25.6 33.795 5.51163 147.293
83.1993 25.5858 33.8439 5.51371 147.245
83.2993 25.5715 33.8927 5.51578 147.196
83.3993 25.5573 33.9416 5.51783 147.147
83.4993 25.5429 33.9905 5.51986 147.098
83.5993 25.5285 34.0394 5.52188 147.049
83.6993 25.5141 34.0883 5.52388 147
83.7993 25.4996 34.1372 5.52587 146.951
83.8993 25.4851 34.1861 5.52784 146.902
83.9993 25.4705 34.235 5.5298 146.853
84.0993 25.4558 34.2839 5.53174 146.804
84.1993 25.4411 34.3329 5.53366 146.756
84.2993 25.4264 34.3818 5.53557 146.707
84.3993 25.4116 34.4308 5.53746 146.658
84.4993 25.3968 34.4798 5.53933 146.609
84.5993 25.3819 34.5287 5.54119 146.56
84.6993 25.3669 34.5777 5.54303 146.511
84.7993 25.352 34.6267 5.54486 146.462
84.8993 25.3369 34.6757 5.54667 146.413
84.9993 25.3218 34.7247 5.54847 146.364
85.0993 25.3067 34.7737 5.55025 146.315
85.1993 25.2915 34.8228 5.55201 146.266
85.2993 25.2763 34.8718 5.55376 146.217
85.3993 25.261 34.9208 5.55549 146.168
85.4993 25.2457 34.9699 5.5572 146.119
85.5993 25.2303 35.0189 5.5589 146.07
85.6993 25.2149 35.068 5.56058 146.02
85.7993 25.1994 35.117 5.56225 145.971
85.8993 25.1839 35.1661 5.5639 145.922
85.9993 25.1683 35.2152 5.56553 145.873
86.0993 25.1527 35.2643 5.56715 145.824
86.1993 25.137 35.3134 5.56875 145.775
86.2993 25.1213 35.3624 5.57034 145.726
86.3993 25.1056 35.4115 5.57191 145.677
86.4993 25.0898 35.4607 5.57346 145.628
86.5993 25.0739 35.5098 5.575 145.579
86.6992 25.058 35.5589 5.57652 145.53
86.7992 25.0421 35.608 5.57802 145.48
86.8992 25.0261 35.6571 5.57951 145.431
86.9992 25.0101 35.7062 5.58098 145.382
87.0992 24.994 35.7554 5.58244 145.333
87.1992 24.9778 35.8045 5.58388 145.284
87.2992 24.9617 35.8537 5.5853 145.235
87.3992 24.9454 35.9028 5.58671 145.186
87.4992 24.9292 35.952 5.5881 145.136
87.5992 24.9129 36.0011 5.58947 145.087
87.6992 24.8965 36.0503 5.59083 145.038
87.7992 24.8801 36.0994 5.59217 144.989
87.8992 24.8636 36.1486 5.59349 144.94
87.9992 24.8472 36.1978 5.5948 144.891
88.0992 24.8306 36.2469 5.59609 144.841
88.1992 24.814 36.2961 5.59737 144.792
88.2992 24.7974 36.3453 5.59862 144.743
88.3992 24.7807 36.3945 5.59987 144.694
88.4992 24.764 36.4436 5.60109 144.645
88.5992 24.7472 36.4928 5.6023 144.596
88.6992 24.7304 36.542 5.60349 144.546
88.7992 24.7136 36.5912 5.60467 144.497
88.8992 24.6967 36.6404 5.60583 144.448
88.9992 24.6797 36.6896 5.60697 144.399
89.0992 24.6628 36.7388 5.6081 144.35
89.1992 24.6457 36.788 5.60921 144.3
89.2992 24.6287 36.8372 5.6103 144.251
89.3992 24.6116 36.8864 5.61138 144.202
89.4992 24.5944 36.9356 5.61244 144.153
89.5992 24.5772 36.9848 5.61348 144.104
89.6992 24.5599 37.0339 5.61451 144.054
89.7992 24.5427 37.0831 5.61552 144.005
89.8992 24.5253 37.1323 5.61652 143.956
89.9992 24.508 37.1815 5.61749 143.907
90.0992 24.4905 37.2307 5.61845 143.858
90.1992 24.4731 37.2799 5.6194 143.808
90.2992 24.4556 37.3291 5.62032 143.759
90.3992 24.438 37.3783 5.62123 143.71
90.4992 24.4205 37.4275 5.62213 143.661
90.5992 24.4028 37.4767 5.62301 143.612
90.6992 24.3852 37.5259 5.62387 143.562
90.7992 24.3674 37.5751 5.62471 143.513
90.8992 24.3497 37.6243 5.62554 143.464
90.9992 24.3319 37.6735 5.62635 143.415
91.0992 24.3141 37.7227 5.62714 143.366
91.1992 24.2962 37.7719 5.62791 143.317
91.2992 24.2783 37.8211 5.62867 143.267
91.3992 24.2603 37.8703 5.62942 143.218
91.4992 24.2423 37.9194 5.63014 143.169
91.5992 24.2243 37.9686 5.63085 143.12
91.6992 24.2062 38.0178 5.63154 143.071
91.7992 24.188 38.067 5.63222 143.021
91.8992 24.1699 38.1162 5.63288 142.972
91.9992 24.1517 38.1653 5.63352 142.923
92.0992 24.1334 38.2145 5.63414 142.874
92.1992 24.1151 38.2637 5.63475 142.825
92.2992 24.0968 38.3128 5.63534 142.776
92.3992 24.0784 38.362 5.63592 142.726
92.4992 24.06 38.4111 5.63647 142.677
92.5992 24.0416 38.4603 5.63701 142.628
92.6992 24.0231 38.5094 5.63754 142.579
92.7992 24.0046 38.5586 5.63804 142.53
92.8992 23.986 38.6077 5.63853 142.481
92.9992 23.9674 38.6568 5.639 142.432
93.0992 23.9488 38.706 5.63946 142.382
93.1992 23.9301 38.7551 5.6399 142.333
93.2991 23.9113 38.8042 5.64032 142.284
93.3991 23.8926 38.8533 5.64072 142.235
93.4991 23.8738 38.9024 5.64111 142.186
93.5991 23.8549 38.9515 5.64148 142.137
93.6991 23.8361 39.0006 5.64183 142.088
93.7991 23.8171 39.0497 5.64217 142.039
93.8991 23.7982 39.0988 5.64249 141.99
93.9991 23.7792 39.1479 5.64279 141.941
94.0991 23.7602 39.197 5.64308 141.891
94.1991 23.7411 39.2461 5.64334 141.842
94.2991 23.722 39.2951 5.64359 141.793
94.3991 23.7028 39.3442 5.64383 141.744
94.4991 23.6836 39.3932 5.64404 141.695
94.5991 23.6644 39.4423 5.64424 141.646
94.6991 23.6451 39.4913 5.64442 141.597
94.7991 23.6258 39.5403 5.64459 141.548
94.8991 23.6065 39.5894 5.64474 141.499
94.9991 23.5871 39.6384 5.64487 141.45
95.0991 23.5677 39.6874 5.64498 141.401
95.1991 23.5483 39.7364 5.64508 141.352
95.2991 23.5288 39.7854 5.64516 141.303
95.3991 23.5093 39.8344 5.64522 141.254
95.4991 23.4897 39.8833 5.64526 141.205
95.5991 23.4701 39.9323 5.64529 141.156
95.6991 23.4505 39.9813 5.6453 141.107
95.7991 23.4308 40.0302 5.64529 141.058
95.8991 23.4111 40.0792 5.64527 141.009
95.9991 23.3913 40.1281 5.64522 140.96
96.0991 23.3716 40.177 5.64517 140.911
96.1991 23.3517 40.2259 5.64509 140.862
96.2991 23.3319 40.2748 5.645 140.814
96.3991 23.312 40.3237 5.64488 140.765
96.4991 23.2921 40.3726 5.64476 140.716
96.5991 23.2721 40.4215 5.64461 140.667
96.6991 23.2521 40.4704 5.64445 140.618
96.7991 23.2321 40.5192 5.64427 140.569
96.8991 23.212 40.5681 5.64407 140.52
96.9991 23.1919 40.6169 5.64385 140.472
97.0991 23.1718 40.6657 5.64362 140.423
97.1991 23.1516 40.7146 5.64337 140.374
97.2991 23.1314 40.7634 5.6431 140.325
97.3991 23.1111 40.8122 5.64282 140.276
97.4991 23.0909 40.861 5.64252 140.227
97.5991 23.0705 40.9097 5.6422 140.179
97.6991 23.0502 40.9585 5.64186 140.13
97.7991 23.0298 41.0072 5.64151 140.081
97.8991 23.0094 41.056 5.64114 140.032
97.9991 22.9889 41.1047 5.64075 139.984
98.0991 22.9685 41.1534 5.64034 139.935
98.1991 22.9479 41.2021 5.63992 139.886
98.2991 22.9274 41.2508 5.63947 139.838
98.3991 22.9068 41.2995 5.63901 139.789
98.4991 22.8862 41.3481 5.63854 139.74
98.5991 22.8655 41.3968 5.63804 139.692
98.6991 22.8448 41.4454 5.63753 139.643
98.7991 22.8241 41.4941 5.637 139.594
98.8991 22.8033 41.5427 5.63646 139.546
98.9991 22.7825 41.5913 5.63589 139.497
99.0991 22.7617 41.6399 5.63531 139.449
99.1991 22.7408 41.6884 5.63471 139.4
99.2991 22.7199 41.737 5.6341 139.351
99.3991 22.699 41.7855 5.63346 139.303
99.4991 22.678 41.8341 5.63281 139.254
99.5991 22.657 41.8826 5.63214 139.206
99.6991 22.636 41.9311 5.63145 139.157
99.799 22.6149 41.9796 5.63075 139.109
99.899 22.5938 42.0281 5.63003 139.06
99.999 22.5727 42.0765 5.62929 139.012
100.099 22.5516 42.125 5.62853 138.963
100.199 22.5304 42.1734 5.62776 138.915
100.299 22.5091 42.2218 5.62696 138.867
100.399 22.4879 42.2702 5.62615 138.818
100.499 22.4666 42.3186 5.62533 138.77
100.599 22.4453 42.367 5.62448 138.721
100.699 22.4239 42.4153 5.62362 138.673
100.799 22.4025 42.4636 5.62274 138.625
100.899 22.3811 42.512 5.62184 138.576
100.999 22.3597 42.5603 5.62092 138.528
101.099 22.3382 42.6086 5.61999 138.48
101.199 22.3167 42.6568 5.61904 138.432
101.299 22.2951 42.7051 5.61807 138.383
101.399 22.2735 42.7533 5.61708 138.335
101.499 22.2519 42.8015 5.61608 138.287
101.599 22.2303 42.8497 5.61506 138.239
101.699 22.2086 42.8979 5.61402 138.191
101.799 22.1869 42.9461 5.61296 138.142
101.899 22.1652 42.9942 5.61188 138.094
101.999 22.1434 43.0424 5.61079 138.046
102.099 22.1216 43.0905 5.60968 137.998
102.199 22.0998 43.1386 5.60855 137.95
102.299 22.0779 43.1867 5.60741 137.902
102.399 22.056 43.2347 5.60624 137.854
102.499 22.0341 43.2828 5.60506 137.806
102.599 22.0121 43.3308 5.60386 137.758
102.699 21.9902 43.3788 5.60265 137.71
102.799 21.9681 43.4268 5.60141 137.662
102.899 21.9461 43.4748 5.60016 137.614
102.999 21.924 43.5227 5.59889 137.566
103.099 21.9019 43.5706 5.5976 137.518
103.199 21.8798 43.6185 5.59629 137.47
103.299 21.8576 43.6664 5.59497 137.422
103.399 21.8354 43.7143 5.59363 137.374
103.499 21.8132 43.7621 5.59227 137.326
103.599 21.791 43.81 5.59089 137.278
103.699 21.7687 43.8578 5.5895 137.231
103.799 21.7464 43.9056 5.58808 137.183
103.899 21.724 43.9533 5.58665 137.135
103.999 21.7016 44.0011 5.58521 137.087
104.099 21.6792 44.0488 5.58374 137.04
104.199 21.6568 44.0965 5.58226 136.992
104.299 21.6343 44.1442 5.58075 136.944
104.399 21.6119 44.1919 5.57923 136.897
104.499 21.5893 44.2395 5.5777 136.849
104.599 21.5668 44.2871 5.57614 136.801
104.699 21.5442 44.3347 5.57457 136.754
104.799 21.5216 44.3823 5.57298 136.706
104.899 21.499 44.4299 5.57137 136.659
104.999 21.4763 44.4774 5.56974 136.611
105.099 21.4536 44.5249 5.5681 136.564
105.199 21.4309 44.5724 5.56643 136.516
105.299 21.4081 44.6199 5.56475 136.469
105.399 21.3854 44.6673 5.56305 136.421
105.499 21.3626 44.7147 5.56134 136.374
105.599 21.3397 44.7621 5.5596 136.326
105.699 21.3169 44.8095 5.55785 136.279
105.799 21.294 44.8569 5.55608 136.232
105.899 21.271 44.9042 5.55429 136.184
105.999 21.2481 44.9515 5.55249 136.137
106.099 21.2251 44.9988 5.55066 136.09
106.199 21.2021 45.046 5.54882 136.042
106.299 21.1791 45.0933 5.54696 135.995
106.399 21.156 45.1405 5.54508 135.948
106.499 21.1329 45.1877 5.54319 135.901
106.599 21.1098 45.2348 5.54128 135.854
106.699 21.0867 45.282 5.53934 135.806
106.799 21.0635 45.3291 5.53739 135.759
106.899 21.0403 45.3762 5.53543 135.712
106.999 21.0171 45.4232 5.53344 135.665
107.099 20.9938 45.4703 5.53144 135.618
107.199 20.9706 45.5173 5.52942 135.571
107.299 20.9473 45.5643 5.52738 135.524
107.399 20.9239 45.6112 5.52532 135.477
107.499 20.9006 45.6582 5.52325 135.43
107.599 20.8772 45.7051 5.52115 135.383
107.699 20.8538 45.752 5.51904 135.336
107.799 20.8303 45.7988 5.51691 135.29
107.899 20.8069 45.8456 5.51477 135.243
107.999 20.7834 45.8924 5.5126 135.196
108.099 20.7599 45.9392 5.51042 135.149
108.199 20.7363 45.986 5.50822 135.102
108.299 20.7127 46.0327 5.506 135.056
108.399 20.6891 46.0794 5.50376 135.009
108.499 20.6655 46.1261 5.50151 134.962
108.599 20.6419 46.1727 5.49924 134.916
108.699 20.6182 46.2193 5.49695 134.869
108.799 20.5945 46.2659 5.49464 134.823
108.899 20.5707 46.3125 5.49231 134.776
108.999 20.547 46.359 5.48997 134.729
109.099 20.5232 46.4055 5.4876 134.683
109.199 20.4994 46.452 5.48522 134.636
109.299 20.4756 46.4984 5.48283 134.59
109.399 20.4517 46.5449 5.48041 134.544
109.499 20.4278 46.5912 5.47797 134.497
109.599 20.4039 46.6376 5.47552 134.451
109.699 20.38 46.6839 5.47305 134.404
109.799 20.356 46.7303 5.47056 134.358
109.899 20.332 46.7765 5.46806 134.312
109.999 20.308 46.8228 5.46553 134.266
110.099 20.284 46.869 5.46299 134.219
110.199 20.2599 46.9152 5.46043 134.173
110.299 20.2358 46.9613 5.45785 134.127
110.399 20.2117 47.0075 5.45525 134.081
110.499 20.1876 47.0536 5.45264 134.035
110.599 20.1634 47.0996 5.45001 133.989
110.699 20.1393 47.1457 5.44735 133.943
110.799 20.115 47.1917 5.44469 133.897
110.899 20.0908 47.2377 5.442 133.851
110.999 20.0666 47.2836 5.43929 133.805
111.099 20.0423 47.3295 5.43657 133.759
111.199 20.018 47.3754 5.43383 133.713
111.299 19.9936 47.4213 5.43107 133.667
111.399 19.9693 47.4671 5.4283 133.621
111.499 19.9449 47.5129 5.4255 133.576
111.599 19.9205 47.5586 5.42269 133.53
111.699 19.8961 47.6044 5.41986 133.484
111.799 19.8716 47.6501 5.41701 133.438
111.899 19.8471 47.6957 5.41414 133.393
111.999 19.8226 47.7414 5.41126 133.347
112.099 19.7981 47.787 5.40835 133.301
112.199 19.7736 47.8325 5.40543 133.256
112.299 19.749 47.8781 5.40249 133.21
112.399 19.7244 47.9236 5.39954 133.165
112.499 19.6998 47.969 5.39656 133.119
112.599 19.6751 48.0145 5.39357 133.074
112.699 19.6505 48.0599 5.39056 133.029
112.799 19.6258 48.1053 5.38753 132.983
112.899 19.6011 48.1506 5.38448 132.938
112.999 19.5763 48.1959 5.38142 132.893
113.099 19.5516 48.2412 5.37833 132.847
113.199 19.5268 48.2864 5.37523 132.802
113.299 19.502 48.3316 5.37211 132.757
113.399 19.4771 48.3768 5.36898 132.712
113.499 19.4523 48.4219 5.36582 132.667
113.599 19.4274 48.467 5.36265 132.621
113.699 19.4025 48.5121 5.35946 132.576
113.799 19.3776 48.5571 5.35625 132.531
113.899 19.3526 48.6021 5.35302 132.486
113.999 19.3277 48.6471 5.34978 132.441
114.099 19.3027 48.692 5.34651 132.396
114.199 19.2777 48.7369 5.34323 132.352
114.299 19.2526 48.7818 5.33993 132.307
114.399 19.2276 48.8266 5.33662 132.262
114.499 19.2025 48.8714 5.33328 132.217
114.599 19.1774 48.9161 5.32993 132.172
114.699 19.1523 48.9608 5.32656 132.128
114.799 19.1271 49.0055 5.32317 132.083
114.899 19.102 49.0502 5.31976 132.038
114.999 19.0768 49.0948 5.31634 131.994
115.099 19.0516 49.1393 5.3129 131.949
115.199 19.0263 49.1839 5.30944 131.905
115.299 19.0011 49.2284 5.30596 131.86
115.399 18.9758 49.2728 5.30246 131.816
115.499 18.9505 49.3173 5.29894 131.771
115.599 18.9252 49.3617 5.29541 131.727
115.699 18.8998 49.406 5.29186 131.682
115.799 18.8745 49.4503 5.28829 131.638
115.899 18.8491 49.4946 5.28471 131.594
115.999 18.8237 49.5388 5.2811 131.55
116.099 18.7982 49.583 5.27748 131.505
116.199 18.7728 49.6272 5.27384 131.461
116.299 18.7473 49.6713 5.27018 131.417
116.399 18.7218 49.7154 5.26651 131.373
116.499 18.6963 49.7595 5.26281 131.329
116.599 18.6708 49.8035 5.2591 131.285
116.699 18.6452 49.8474 5.25537 131.241
116.799 18.6196 49.8914 5.25162 131.197
116.899 18.594 49.9353 5.24786 131.153
116.999 18.5684 49.9791 5.24407 131.109
117.099 18.5428 50.023 5.24027 131.065
117.199 18.5171 50.0667 5.23645 131.022
117.299 18.4914 50.1105 5.23261 130.978
117.399 18.4657 50.1542 5.22876 130.934
117.499 18.44 50.1978 5.22488 130.891
117.599 18.4143 50.2414 5.22099 130.847
117.699 18.3885 50.285 5.21708 130.803
117.799 18.3627 50.3286 5.21316 130.76
117.899 18.3369 50.3721 5.20921 130.716
117.999 18.3111 50.4155 5.20525 130.673
118.099 18.2852 50.459 5.20127 130.629
118.199 18.2594 50.5023 5.19727 130.586
118.299 18.2335 50.5457 5.19325 130.543
118.399 18.2076 50.589 5.18922 130.499
118.499 18.1817 50.6322 5.18517 130.456
118.599 18.1557 50.6754 5.1811 130.413
118.699 18.1297 50.7186 5.17701 130.37
118.799 18.1037 50.7618 5.17291 130.327
118.899 18.0777 50.8049 5.16878 130.284
118.999 18.0517 50.8479 5.16464 130.241
119.099 18.0257 50.8909 5.16048 130.198
119.199 17.9996 50.9339 5.15631 130.155
119.299 17.9735 50.9768 5.15211 130.112
119.399 17.9474 51.0197 5.1479 130.069
119.499 17.9213 51.0625 5.14367 130.026
119.599 17.8951 51.1053 5.13942 129.983
119.699 17.869 51.1481 5.13515 129.94
119.799 17.8428 51.1908 5.13087 129.898
119.899 17.8166 51.2335 5.12657 129.855
119.999 17.7904 51.2761 5.12225 129.812
120.099 17.7641 51.3187 5.11791 129.77
120.199 17.7379 51.3612 5.11356 129.727
120.299 17.7116 51.4037 5.10919 129.685
120.399 17.6853 51.4462 5.1048 129.642
120.499 17.659 51.4886 5.10039 129.6
120.599 17.6326 51.531 5.09596 129.557
120.699 17.6063 51.5733 5.09152 129.515
120.799 17.5799 51.6156 5.08706 129.473
120.899 17.5535 51.6578 5.08258 129.431
120.999 17.5271 51.7 5.07808 129.388
121.099 17.5007 51.7422 5.07357 129.346
121.199 17.4742 51.7843 5.06904 129.304
121.299 17.4477 51.8263 5.06449 129.262
121.399 17.4212 51.8684 5.05992 129.22
121.499 17.3947 51.9103 5.05534 129.178
121.599 17.3682 51.9523 5.05074 129.136
121.699 17.3417 51.9941 5.04612 129.094
121.799 17.3151 52.036 5.04148 129.052
121.899 17.2885 52.0778 5.03682 129.011
121.999 17.2619 52.1195 5.03215 128.969
122.099 17.2353 52.1612 5.02746 128.927
122.199 17.2087 52.2029 5.02275 128.886
122.299 17.182 52.2445 5.01802 128.844
122.399 17.1554 52.286 5.01328 128.802
122.499 17.1287 52.3276 5.00852 128.761
122.599 17.102 52.369 5.00374 128.719
122.699 17.0752 52.4105 4.99895 128.678
122.799 17.0485 52.4518 4.99413 128.637
122.899 17.0217 52.4932 4.9893 128.595
122.999 16.9949 52.5345 4.98445 128.554
123.099 16.9682 52.5757 4.97959 128.513
123.199 16.9413 52.6169 4.9747 128.472
123.299 16.9145 52.658 4.9698 128.43
123.399 16.8877 52.6991 4.96488 128.389
123.499 16.8608 52.7402 4.95995 128.348
123.599 16.8339 52.7812 4.95499 128.307
123.699 16.807 52.8221 4.95002 128.266
123.799 16.7801 52.863 4.94503 128.225
123.899 16.7531 52.9039 4.94002 128.185
123.999 16.7262 52.9447 4.935 128.144
124.099 16.6992 52.9855 4.92996 128.103
124.199 16.6722 53.0262 4.9249 128.062
124.299 16.6452 53.0669 4.91982 128.022
124.399 16.6182 53.1075 4.91473 127.981
124.499 16.5912 53.1481 4.90962 127.94
124.599 16.5641 53.1886 4.90449 127.9
124.699 16.537 53.2291 4.89935 127.859
124.799 16.5099 53.2695 4.89418 127.819
124.899 16.4828 53.3099 4.889 127.779
124.999 16.4557 53.3502 4.8838 127.738
125.099 16.4286 53.3905 4.87859 127.698
125.199 16.4014 53.4307 4.87336 127.658
125.299 16.3742 53.4709 4.86811 127.618
125.399 16.347 53.511 4.86284 127.577
125.499 16.3198 53.5511 4.85756 127.537
125.599 16.2926 53.5911 4.85225 127.497
125.699 16.2654 53.6311 4.84693 127.457
125.799 16.2381 53.671 4.8416 127.417
125.899 16.2108 53.7109 4.83624 127.378
125.999 16.1835 53.7507 4.83087 127.338
126.099 16.1562 53.7905 4.82549 127.298
126.199 16.1289 53.8302 4.82008 127.258
126.299 16.1016 53.8699 4.81466 127.219
126.399 16.0742 53.9095 4.80922 127.179
126.499 16.0468 53.9491 4.80376 127.139
126.599 16.0195 53.9886 4.79829 127.1
126.699 15.992 54.0281 4.7928 127.06
126.799 15.9646 54.0675 4.78729 127.021
126.899 15.9372 54.1069 4.78176 126.982
126.999 15.9097 54.1462 4.77622 126.942
127.099 15.8823 54.1855 4.77066 126.903
127.199 15.8548 54.2247 4.76508 126.864
127.299 15.8273 54.2639 4.75949 126.825
127.399 15.7998 54.303 4.75388 126.785
127.499 15.7722 54.342 4.74825 126.746
127.599 15.7447 54.381 4.7426 126.707
127.699 15.7171 54.42 4.73694 126.668
127.799 15.6896 54.4589 4.73126 126.63
127.899 15.662 54.4977 4.72556 126.591
127.999 15.6343 54.5365 4.71985 126.552
128.099 15.6067 54.5753 4.71412 126.513
128.199 15.5791 54.614 4.70837 126.474
128.299 15.5514 54.6526 4.70261 126.436
128.399 15.5238 54.6912 4.69683 126.397
128.499 15.4961 54.7297 4.69103 126.359
128.599 15.4684 54.7682 4.68521 126.32
128.699 15.4406 54.8066 4.67938 126.282
128.799 15.4129 54.845 4.67353 126.243
128.899 15.3852 54.8833 4.66766 126.205
128.999 15.3574 54.9216 4.66178 126.167
129.099 15.3296 54.9598 4.65588 126.129
129.199 15.3018 54.998 4.64996 126.09
129.299 15.274 55.0361 4.64403 126.052
129.399 15.2462 55.0741 4.63808 126.014
129.499 15.2183 55.1121 4.63211 125.976
129.599 15.1905 55.1501 4.62612 125.938
129.699 15.1626 55.1879 4.62012 125.9
129.799 15.1347 55.2258 4.6141 125.863
129.899 15.1068 55.2635 4.60807 125.825
129.999 15.0789 55.3013 4.60202 125.787
130.099 15.051 55.3389 4.59595 125.749
130.199 15.0231 55.3765 4.58986 125.712
130.299 14.9951 55.4141 4.58376 125.674
130.399 14.9671 55.4516 4.57764 125.637
130.499 14.9391 55.489 4.57151 125.599
130.599 14.9111 55.5264 4.56536 125.562
130.699 14.8831 55.5638 4.55919 125.525
130.799 14.8551 55.601 4.553 125.487
130.899 14.8271 55.6382 4.5468 125.45
130.999 14.799 55.6754 4.54058 125.413
131.099 14.7709 55.7125 4.53435 125.376
131.199 14.7429 55.7496 4.5281 125.339
131.299 14.7148 55.7866 4.52183 125.302
131.399 14.6866 55.8235 4.51554 125.265
131.499 14.6585 55.8604 4.50924 125.228
131.599 14.6304 55.8972 4.50292 125.191
131.699 14.6022 55.934 4.49659 125.154
131.799 14.574 55.9707 4.49024 125.118
131.899 14.5459 56.0073 4.48387 125.081
131.999 14.5177 56.0439 4.47749 125.045
132.099 14.4895 56.0805 4.47109 125.008
132.199 14.4612 56.1169 4.46467 124.971
132.299 14.433 56.1534 4.45824 124.935
132.399 14.4047 56.1897 4.45179 124.899
132.499 14.3765 56.226 4.44533 124.862
132.599 14.3482 56.2623 4.43884 124.826
132.699 14.3199 56.2985 4.43235 124.79
132.799 14.2916 56.3346 4.42583 124.754
132.899 14.2633 56.3707 4.4193 124.718
132.999 14.2349 56.4067 4.41275 124.682
133.099 14.2066 56.4426 4.40619 124.646
133.199 14.1782 56.4785 4.39961 124.61
133.299 14.1499 56.5144 4.39301 124.574
133.399 14.1215 56.5502 4.3864 124.538
133.499 14.0931 56.5859 4.37977 124.503
133.599 14.0647 56.6215 4.37313 124.467
133.699 14.0362 56.6571 4.36647 124.431
133.799 14.0078 56.6927 4.35979 124.396
133.899 13.9793 56.7282 4.3531 124.36
133.999 13.9509 56.7636 4.34639 124.325
134.099 13.9224 56.799 4.33966 124.289
134.199 13.8939 56.8343 4.33292 124.254
134.299 13.8654 56.8695 4.32617 124.219
134.399 13.8369 56.9047 4.31939 124.184
134.499 13.8084 56.9398 4.3126 124.149
134.599 13.7798 56.9749 4.3058 124.114
134.699 13.7513 57.0099 4.29898 124.079
134.799 13.7227 57.0448 4.29214 124.044
134.899 13.6941 57.0797 4.28529 124.009
134.999 13.6655 57.1145 4.27842 123.974
135.099 13.6369 57.1493 4.27153 123.939
135.199 13.6083 57.184 4.26463 123.904
135.299 13.5797 57.2186 4.25771 123.87
135.399 13.551 57.2532 4.25078 123.835
135.499 13.5224 57.2877 4.24383 123.801
135.599 13.4937 57.3222 4.23687 123.766
135.699 13.465 57.3566 4.22989 123.732
135.799 13.4363 57.3909 4.22289 123.698
135.899 13.4076 57.4252 4.21588 123.663
135.999 13.3789 57.4594 4.20885 123.629
136.099 13.3502 57.4935 4.20181 123.595
136.199 13.3214 57.5276 4.19475 123.561
136.299 13.2927 57.5617 4.18768 123.527
136.399 13.2639 57.5956 4.18059 123.493
136.499 13.2351 57.6295 4.17348 123.459
136.599 13.2063 57.6634 4.16636 123.425
136.699 13.1775 57.6971 4.15922 123.391
136.799 13.1487 57.7308 4.15207 123.358
136.899 13.1199 57.7645 4.1449 123.324
136.999 13.091 57.7981 4.13772 123.29
137.099 13.0622 57.8316 4.13052 123.257
137.199 13.0333 57.8651 4.12331 123.223
137.299 13.0045 57.8985 4.11608 123.19
137.399 12.9756 57.9318 4.10883 123.157
137.499 12.9467 57.9651 4.10157 123.123
137.599 12.9178 57.9983 4.09429 123.09
137.699 12.8888 58.0314 4.087 123.057
137.799 12.8599 58.0645 4.0797 123.024
137.899 12.831 58.0975 4.07237 122.991
137.999 12.802 58.1305 4.06504 122.958
138.099 12.773 58.1634 4.05768 122.925
138.199 12.7441 58.1962 4.05031 122.892
138.299 12.7151 58.229 4.04293 122.859
138.399 12.6861 58.2617 4.03553 122.827
138.499 12.657 58.2943 4.02812 122.794
138.599 12.628 58.3269 4.02069 122.762
138.699 12.599 58.3594 4.01324 122.729
138.799 12.5699 58.3918 4.00578 122.697
138.899 12.5409 58.4242 3.99831 122.664
138.999 12.5118 58.4565 3.99082 122.632
139.099 12.4827 58.4888 3.98331 122.6
139.199 12.4536 58.521 3.97579 122.567
139.299 12.4245 58.5531 3.96826 122.535
139.399 12.3954 58.5851 3.96071 122.503
139.499 12.3663 58.6171 3.95314 122.471
139.599 12.3372 58.649 3.94556 122.439
139.699 12.308 58.6809 3.93797 122.408
139.799 12.2789 58.7127 3.93036 122.376
139.899 12.2497 58.7444 3.92274 122.344
139.999 12.2205 58.7761 3.9151 122.312
140.099 12.1913 58.8077 3.90744 122.281
140.199 12.1621 58.8392 3.89977 122.249
140.299 12.1329 58.8707 3.89209 122.218
140.399 12.1037 58.9021 3.88439 122.186
140.499 12.0744 58.9334 3.87667 122.155
140.599 12.0452 58.9647 3.86895 122.124
140.699 12.0159 58.9958 3.8612 122.093
140.799 11.9867 59.027 3.85345 122.061
140.899 11.9574 59.058 3.84567 122.03
140.999 11.9281 59.089 3.83789 121.999
141.099 11.8988 59.12 3.83008 121.968
141.199 11.8695 59.1508 3.82227 121.938
141.299 11.8402 59.1816 3.81444 121.907
141.399 11.8109 59.2124 3.80659 121.876
141.499 11.7815 59.243 3.79873 121.845
141.599 11.7522 59.2736 3.79086 121.815
141.699 11.7228 59.3042 3.78297 121.784
141.799 11.6934 59.3346 3.77506 121.754
141.899 11.6641 59.365 3.76715 121.723
141.999 11.6347 59.3953 3.75921 121.693
142.099 11.6053 59.4256 3.75127 121.663
142.199 11.5759 59.4558 3.74331 121.633
142.299 11.5464 59.4859 3.73533 121.603
142.399 11.517 59.516 3.72734 121.572
142.499 11.4876 59.546 3.71934 121.542
142.6 11.4581 59.5759 3.71132 121.513
142.7 11.4287 59.6057 3.70329 121.483
142.8 11.3992 59.6355 3.69524 121.453
142.9 11.3697 59.6652 3.68718 121.423
143 11.3402 59.6949 3.6791 121.394
143.1 11.3107 59.7244 3.67102 121.364
143.2 11.2812 59.754 3.66291 121.334
143.3 11.2517 59.7834 3.6548 121.305
143.4 11.2222 59.8128 3.64666 121.276
143.5 11.1926 59.8421 3.63852 121.246
143.6 11.1631 59.8713 3.63036 121.217
143.7 11.1335 59.9005 3.62219 121.188
143.8 11.104 59.9296 3.614 121.159
143.9 11.0744 59.9586 3.6058 121.13
144 11.0448 59.9875 3.59758 121.101
144.1 11.0152 60.0164 3.58935 121.072
144.2 10.9856 60.0452 3.58111 121.043
144.3 10.956 60.074 3.57286 121.014
144.4 10.9263 60.1027 3.56458 120.986
144.5 10.8967 60.1313 3.5563 120.957
144.6 10.8671 60.1598 3.548 120.929
144.7 10.8374 60.1883 3.53969 120.9
144.8 10.8078 60.2167 3.53137 120.872
144.9 10.7781 60.245 3.52303 120.843
145 10.7484 60.2733 3.51468 120.815
145.1 10.7187 60.3014 3.50631 120.787
145.2 10.689 60.3296 3.49793 120.759
145.3 10.6593 60.3576 3.48954 120.731
145.4 10.6296 60.3856 3.48113 120.703
145.5 10.5999 60.4135 3.47271 120.675
145.6 10.5701 60.4413 3.46428 120.647
145.7 10.5404 60.4691 3.45583 120.619
145.8 10.5106 60.4968 3.44737 120.592
145.9 10.4809 60.5244 3.4389 120.564
146 10.4511 60.5519 3.43041 120.536
146.1 10.4213 60.5794 3.42191 120.509
146.2 10.3915 60.6068 3.4134 120.482
146.3 10.3617 60.6342 3.40487 120.454
146.4 10.3319 60.6614 3.39633 120.427
146.5 10.3021 60.6886 3.38778 120.4
146.6 10.2723 60.7157 3.37921 120.373
146.7 10.2425 60.7428 3.37063 120.346
146.8 10.2126 60.7698 3.36204 120.319
146.9 10.1828 60.7967 3.35343 120.292
147 10.1529 60.8235 3.34481 120.265
147.1 10.123 60.8503 3.33618 120.238
147.2 10.0932 60.877 3.32754 120.211
147.3 10.0633 60.9036 3.31888 120.185
147.4 10.0334 60.9301 3.31021 120.158
147.5 10.0035 60.9566 3.30152 120.132
147.6 9.97359 60.983 3.29283 120.105
147.7 9.94367 61.0093 3.28412 120.079
147.8 9.91375 61.0356 3.27539 120.053
147.9 9.88382 61.0618 3.26666 120.027
148 9.85387 61.0879 3.25791 120.001
148.1 9.82392 61.1139 3.24915 119.975
148.2 9.79397 61.1399 3.24038 119.949
148.3 9.764 61.1658 3.23159 119.923
148.4 9.73403 61.1916 3.22279 119.897
148.5 9.70404 61.2173 3.21398 119.871
148.6 9.67405 61.243 3.20516 119.845
148.7 9.64405 61.2686 3.19632 119.82
148.8 9.61405 61.2941 3.18747 119.794
148.9 9.58403 61.3196 3.17861 119.769
149 9.55401 61.345 3.16974 119.743
149.1 9.52398 61.3703 3.16085 119.718
149.2 9.49394 61.3955 3.15196 119.693
149.3 9.46389 61.4206 3.14304 119.668
149.4 9.43384 61.4457 3.13412 119.643
149.5 9.40378 61.4707 3.12519 119.618
149.6 9.37371 61.4957 3.11624 119.593
149.7 9.34363 61.5205 3.10728 119.568
149.8 9.31354 61.5453 3.09831 119.543
149.9 9.28345 61.57 3.08932 119.518
150 9.25335 61.5947 3.08033 119.494
150.1 9.22324 61.6192 3.07132 119.469
150.2 9.19312 61.6437 3.0623 119.445
150.3 9.163 61.6681 3.05326 119.42
150.4 9.13287 61.6925 3.04422 119.396
150.5 9.10273 61.7168 3.03516 119.372
150.6 9.07258 61.7409 3.02609 119.347
150.7 9.04243 61.7651 3.01701 119.323
150.8 9.01227 61.7891 3.00792 119.299
150.9 8.9821 61.8131 2.99882 119.275
151 8.95193 61.837 2.9897 119.251
151.1 8.92174 61.8608 2.98057 119.228
151.2 8.89155 61.8845 2.97143 119.204
151.3 8.86135 61.9082 2.96228 119.18
151.4 8.83115 61.9318 2.95312 119.157
151.5 8.80094 61.9553 2.94394 119.133
151.6 8.77072 61.9787 2.93476 119.11
151.7 8.74049 62.0021 2.92556 119.086
151.8 8.71025 62.0254 2.91635 119.063
151.9 8.68001 62.0486 2.90713 119.04
152 8.64977 62.0717 2.8979 119.017
152.1 8.61951 62.0948 2.88865 118.994
152.2 8.58925 62.1178 2.8794 118.971
152.3 8.55898 62.1407 2.87013 118.948
152.4 8.5287 62.1635 2.86085 118.925
152.5 8.49842 62.1863 2.85156 118.902
152.6 8.46813 62.209 2.84226 118.879
152.7 8.43783 62.2316 2.83295 118.857
152.8 8.40753 62.2541 2.82363 118.834
152.9 8.37722 62.2765 2.81429 118.812
153 8.3469 62.2989 2.80495 118.79
153.1 8.31657 62.3212 2.79559 118.767
153.2 8.28624 62.3434 2.78622 118.745
153.3 8.25591 62.3656 2.77684 118.723
153.4 8.22556 62.3877 2.76745 118.701
153.5 8.19521 62.4096 2.75805 118.679
153.6 8.16485 62.4316 2.74864 118.657
153.7 8.13449 62.4534 2.73922 118.635
153.8 8.10412 62.4752 2.72978 118.613
153.9 8.07374 62.4969 2.72034 118.592
154 8.04335 62.5185 2.71088 118.57
154.1 8.01296 62.54 2.70142 118.548
154.2 7.98257 62.5614 2.69194 118.527
154.3 7.95216 62.5828 2.68245 118.506
154.4 7.92175 62.6041 2.67295 118.484
154.5 7.89134 62.6253 2.66344 118.463
154.6 7.86091 62.6465 2.65392 118.442
154.7 7.83048 62.6675 2.64439 118.421
154.8 7.80005 62.6885 2.63485 118.4
154.9 7.76961 62.7094 2.6253 118.379
155 7.73916 62.7303 2.61574 118.358
155.1 7.70871 62.751 2.60617 118.337
155.2 7.67825 62.7717 2.59659 118.317
155.3 7.64778 62.7923 2.58699 118.296
155.4 7.61731 62.8128 2.57739 118.276
155.5 7.58683 62.8333 2.56778 118.255
155.6 7.55634 62.8536 2.55815 118.235
155.7 7.52585 62.8739 2.54852 118.215
155.8 7.49535 62.8941 2.53887 118.194
155.9 7.46485 62.9143 2.52922 118.174
156 7.43434 62.9343 2.51956 118.154
156.1 7.40383 62.9543 2.50988 118.134
156.2 7.37331 62.9742 2.5002 118.114
156.3 7.34278 62.994 2.4905 118.094
156.4 7.31225 63.0137 2.4808 118.075
156.5 7.28171 63.0334 2.47108 118.055
156.6 7.25117 63.053 2.46136 118.035
156.7 7.22062 63.0725 2.45162 118.016
156.8 7.19006 63.0919 2.44188 117.997
156.9 7.1595 63.1112 2.43213 117.977
157 7.12893 63.1305 2.42236 117.958
157.1 7.09836 63.1497 2.41259 117.939
157.2 7.06778 63.1688 2.40281 117.92
157.3 7.03719 63.1878 2.39301 117.901
157.4 7.00661 63.2068 2.38321 117.882
157.5 6.97601 63.2256 2.3734 117.863
157.6 6.94541 63.2444 2.36358 117.844
157.7 6.9148 63.2631 2.35375 117.825
157.8 6.88419 63.2818 2.34391 117.807
157.9 6.85357 63.3003 2.33406 117.788
158 6.82295 63.3188 2.3242 117.77
158.1 6.79232 63.3372 2.31433 117.751
158.2 6.76169 63.3555 2.30445 117.733
158.3 6.73105 63.3737 2.29457 117.715
158.4 6.70041 63.3919 2.28467 117.697
158.5 6.66976 63.4099 2.27476 117.678
158.6 6.6391 63.4279 2.26485 117.66
158.7 6.60844 63.4459 2.25493 117.643
158.8 6.57778 63.4637 2.24499 117.625
158.9 6.5471 63.4814 2.23505 117.607
159.001 6.51643 63.4991 2.2251 117.589
159.101 6.48575 63.5167 2.21514 117.572
159.201 6.45506 63.5342 2.20517 117.554
159.301 6.42437 63.5516 2.19519 117.537
159.401 6.39367 63.569 2.18521 117.519
159.501 6.36297 63.5863 2.17521 117.502
159.601 6.33227 63.6035 2.16521 117.485
159.701 6.30156 63.6206 2.1552 117.468
159.801 6.27084 63.6376 2.14517 117.451
159.901 6.24012 63.6545 2.13514 117.434
160.001 6.20939 63.6714 2.12511 117.417
160.101 6.17866 63.6882 2.11506 117.4
160.201 6.14793 63.7049 2.105 117.384
160.301 6.11719 63.7215 2.09494 117.367
160.401 6.08644 63.7381 2.08487 117.35
160.501 6.05569 63.7545 2.07478 117.334
160.601 6.02493 63.7709 2.0647 117.317
160.701 5.99418 63.7872 2.0546 117.301
160.801 5.96341 63.8035 2.04449 117.285
160.901 5.93264 63.8196 2.03438 117.269
161.001 5.90187 63.8357 2.02425 117.253
161.101 5.87109 63.8516 2.01412 117.237
161.201 5.84031 63.8675 2.00398 117.221
161.301 5.80952 63.8833 1.99384 117.205
161.401 5.77873 63.8991 1.98368 117.189
161.501 5.74793 63.9147 1.97352 117.174
161.601 5.71713 63.9303 1.96335 117.158
161.701 5.68632 63.9458 1.95317 117.143
161.801 5.65551 63.9612 1.94298 117.127
161.901 5.6247 63.9765 1.93278 117.112
162.001 5.59388 63.9918 1.92258 117.097
162.101 5.56306 64.0069 1.91237 117.081
162.201 5.53223 64.022 1.90215 117.066
162.301 5.5014 64.037 1.89193 117.051
162.401 5.47056 64.0519 1.88169 117.036
162.501 5.43972 64.0668 1.87145 117.022
162.601 5.40888 64.0815 1.8612 117.007
162.701 5.37803 64.0962 1.85095 116.992
162.801 5.34718 64.1108 1.84068 116.978
162.901 5.31632 64.1253 1.83041 116.963
163.001 5.28546 64.1397 1.82013 116.949
163.101 5.25459 64.1541 1.80984 116.934
163.201 5.22372 64.1683 1.79955 116.92
163.301 5.19285 64.1825 1.78925 116.906
163.401 5.16197 64.1966 1.77894 116.892
163.501 5.13109 64.2106 1.76863 116.878
163.601 5.1002 64.2245 1.7583 116.864
163.701 5.06931 64.2384 1.74797 116.85
163.801 5.03842 64.2522 1.73764 116.836
163.901 5.00752 64.2658 1.72729 116.823
164.001 4.97662 64.2795 1.71694 116.809
164.101 4.94572 64.293 1.70658 116.795
164.201 4.91481 64.3064 1.69622 116.782
164.301 4.88389 64.3198 1.68585 116.769
164.401 4.85298 64.333 1.67547 116.755
164.501 4.82206 64.3462 1.66508 116.742
164.601 4.79113 64.3593 1.65469 116.729
164.701 4.76021 64.3724 1.64429 116.716
164.801 4.72927 64.3853 1.63388 116.703
164.901 4.69834 64.3982 1.62347 116.69
165.001 4.6674 64.4109 1.61305 116.677
165.101 4.63646 64.4236 1.60263 116.665
165.201 4.60551 64.4362 1.59219 116.652
165.301 4.57456 64.4488 1.58175 116.64
165.401 4.54361 64.4612 1.57131 116.627
165.501 4.51265 64.4736 1.56086 116.615
165.601 4.48169 64.4858 1.5504 116.603
165.701 4.45073 64.498 1.53994 116.59
165.801 4.41976 64.5101 1.52946 116.578
165.901 4.38879 64.5222 1.51899 116.566
166.001 4.35782 64.5341 1.5085 116.554
166.101 4.32684 64.546 1.49802 116.542
166.201 4.29586 64.5578 1.48752 116.531
166.301 4.26488 64.5694 1.47702 116.519
166.401 4.23389 64.5811 1.46651 116.507
166.501 4.2029 64.5926 1.456 116.496
166.601 4.17191 64.604 1.44548 116.484
166.701 4.14091 64.6154 1.43495 116.473
166.801 4.10991 64.6267 1.42442 116.462
166.901 4.07891 64.6379 1.41388 116.451
167.001 4.0479 64.649 1.40334 116.439
167.101 4.01689 64.66 1.39279 116.428
167.201 3.98588 64.6709 1.38224 116.417
167.301 3.95486 64.6818 1.37168 116.407
167.401 3.92384 64.6926 1.36111 116.396
167.501 3.89282 64.7033 1.35054 116.385
167.601 3.8618 64.7139 1.33997 116.375
167.701 3.83077 64.7244 1.32938 116.364
167.801 3.79974 64.7348 1.3188 116.354
167.901 3.76871 64.7452 1.3082 116.343
168.001 3.73767 64.7555 1.29761 116.333
168.101 3.70663 64.7656 1.287 116.323
168.201 3.67559 64.7757 1.27639 116.313
168.301 3.64454 64.7858 1.26578 116.303
168.401 3.6135 64.7957 1.25516 116.293
168.501 3.58245 64.8055 1.24454 116.283
168.601 3.55139 64.8153 1.23391 116.273
168.701 3.52034 64.825 1.22327 116.263
168.801 3.48928 64.8346 1.21263 116.254
168.901 3.45822 64.8441 1.20199 116.244
169.001 3.42715 64.8535 1.19134 116.235
169.101 3.39609 64.8629 1.18068 116.226
169.201 3.36502 64.8721 1.17002 116.216
169.301 3.33395 64.8813 1.15936 116.207
169.401 3.30287 64.8904 1.14869 116.198
169.501 3.27179 64.8994 1.13802 116.189
169.601 3.24071 64.9083 1.12734 116.18
169.701 3.20963 64.9172 1.11666 116.171
169.801 3.17855 64.9259 1.10597 116.162
169.901 3.14746 64.9346 1.09528 116.154
170.001 3.11637 64.9432 1.08458 116.145
170.101 3.08528 64.9517 1.07388 116.137
170.201 3.05419 64.9601 1.06318 116.128
170.301 3.02309 64.9684 1.05247 116.12
170.401 2.99199 64.9767 1.04175 116.112
170.501 2.96089 64.9848 1.03103 116.104
170.601 2.92979 64.9929 1.02031 116.096
170.701 2.89868 65.0009 1.00958 116.088
170.801 2.86758 65.0088 0.998854 116.08
170.901 2.83647 65.0166 0.988119 116.072
171.001 2.80536 65.0244 0.97738 116.064
171.101 2.77424 65.032 0.966637 116.056
171.201 2.74313 65.0396 0.95589 116.049
171.301 2.71201 65.0471 0.945139 116.041
171.401 2.68089 65.0545 0.934384 116.034
171.501 2.64977 65.0618 0.923626 116.027
171.601 2.61864 65.069 0.912863 116.019
171.701 2.58752 65.0762 0.902097 116.012
171.801 2.55639 65.0832 0.891327 116.005
171.901 2.52526 65.0902 0.880554 115.998
172.001 2.49413 65.0971 0.869777 115.991
172.101 2.46299 65.1039 0.858996 115.985
172.201 2.43186 65.1106 0.848212 115.978
172.301 2.40072 65.1173 0.837424 115.971
172.401 2.36958 65.1238 0.826633 115.965
172.501 2.33844 65.1303 0.815838 115.958
172.601 2.30729 65.1367 0.80504 115.952
172.701 2.27615 65.1429 0.794239 115.945
172.801 2.245 65.1492 0.783434 115.939
172.901 2.21385 65.1553 0.772627 115.933
173.001 2.1827 65.1613 0.761816 115.927
173.101 2.15155 65.1673 0.751002 115.921
173.201 2.1204 65.1731 0.740184 115.915
173.301 2.08924 65.1789 0.729364 115.91
173.401 2.05809 65.1846 0.718541 115.904
173.501 2.02693 65.1902 0.707715 115.898
173.601 1.99577 65.1957 0.696886 115.893
173.701 1.96461 65.2012 0.686054 115.887
173.801 1.93345 65.2065 0.675219 115.882
173.901 1.90228 65.2118 0.664381 115.877
174.001 1.87112 65.217 0.653541 115.871
174.101 1.83995 65.2221 0.642698 115.866
174.201 1.80878 65.2271 0.631852 115.861
174.301 1.77761 65.232 0.621004 115.856
174.401 1.74644 65.2369 0.610153 115.852
174.501 1.71527 65.2416 0.5993 115.847
174.601 1.6841 65.2463 0.588444 115.842
174.701 1.65292 65.2509 0.577586 115.838
174.801 1.62174 65.2554 0.566725 115.833
174.901 1.59057 65.2598 0.555862 115.829
175.001 1.55939 65.2641 0.544997 115.824
175.101 1.52821 65.2684 0.53413 115.82
175.201 1.49703 65.2725 0.52326 115.816
175.301 1.46585 65.2766 0.512388 115.812
175.402 1.43466 65.2806 0.501514 115.808
175.502 1.40348 65.2845 0.490638 115.804
175.602 1.37229 65.2883 0.47976 115.8
175.702 1.34111 65.2921 0.46888 115.796
175.802 1.30992 65.2957 0.457998 115.793
175.902 1.27873 65.2993 0.447114 115.789
176.002 1.24754 65.3027 0.436229 115.786
176.102 1.21635 65.3061 0.425341 115.782
176.202 1.18516 65.3094 0.414452 115.779
176.302 1.15397 65.3126 0.403561 115.776
176.402 1.12277 65.3158 0.392669 115.773
176.502 1.09158 65.3188 0.381774 115.77
176.602 1.06039 65.3218 0.370878 115.767
176.702 1.02919 65.3247 0.359981 115.764
176.802 0.997994 65.3274 0.349082 115.761
176.902 0.966797 65.3301 0.338182 115.758
177.002 0.935599 65.3328 0.32728 115.756
177.102 0.9044 65.3353 0.316377 115.753
177.202 0.873201 65.3377 0.305473 115.751
177.302 0.842002 65.3401 0.294568 115.748
177.402 0.810801 65.3424 0.283661 115.746
177.502 0.7796 65.3446 0.272753 115.744
177.602 0.748398 65.3467 0.261844 115.742
177.702 0.717196 65.3487 0.250934 115.74
177.802 0.685993 65.3506 0.240022 115.738
177.902 0.65479 65.3524 0.22911 115.736
178.002 0.623586 65.3542 0.218197 115.734
178.102 0.592382 65.3559 0.207283 115.733
178.202 0.561177 65.3575 0.196368 115.731
178.302 0.529972 65.359 0.185452 115.729
178.402 0.498767 65.3604 0.174536 115.728
178.502 0.467561 65.3617 0.163619 115.727
178.602 0.436354 65.363 0.152701 115.725
178.702 0.405148 65.3641 0.141782 115.724
178.802 0.373941 65.3652 0.130863 115.723
178.902 0.342734 65.3662 0.119944 115.722
179.002 0.311526 65.3671 0.109024 115.721
179.102 0.280319 65.3679 0.0981029 115.721
179.202 0.249111 65.3686 0.087182 115.72
179.302 0.217903 65.3693 0.0762606 115.719
179.402 0.186695 65.3698 0.065339 115.719
179.502 0.155486 65.3703 0.0544171 115.718
179.602 0.124278 65.3707 0.0434949 115.718
179.702 0.093069 65.371 0.0325726 115.717
179.802 0.0618604 65.3712 0.0216502 115.717
179.902 0.0306517 65.3713 0.0107276 115.717
