0 1.10346e-14 4.63283 0 182.549
0.1 0.157261 4.63289 0.0115911 182.549
0.2 0.314516 4.63306 0.0231822 182.549
0.3 0.471761 4.63335 0.0347732 182.549
0.4 0.628991 4.63375 0.0463642 182.548
0.5 0.7862 4.63426 0.057955 182.548
0.6 0.943384 4.63489 0.0695458 182.547
0.7 1.10054 4.63564 0.0811364 182.547
0.8 1.25765 4.6365 0.0927268 182.546
0.9 1.41473 4.63747 0.104317 182.545
1 1.57176 4.63856 0.115907 182.544
1.1 1.72874 4.63976 0.127497 182.542
1.2 1.88566 4.64108 0.139086 182.541
1.3 2.04252 4.64251 0.150676 182.54
1.4 2.19932 4.64406 0.162265 182.538
1.5 2.35604 4.64572 0.173853 182.537
1.6 2.51269 4.6475 0.185441 182.535
1.7 2.66925 4.64939 0.197029 182.533
1.8 2.82573 4.65139 0.208617 182.531
1.9 2.98212 4.65351 0.220204 182.529
2 3.13841 4.65574 0.23179 182.526
2.1 3.29459 4.65809 0.243376 182.524
2.2 3.45068 4.66056 0.254962 182.522
2.3 3.60665 4.66313 0.266547 182.519
2.4 3.7625 4.66582 0.278132 182.516
2.5 3.91823 4.66863 0.289716 182.514
2.6 4.07384 4.67155 0.301299 182.511
2.7 4.22931 4.67459 0.312882 182.508
2.8 4.38465 4.67774 0.324464 182.504
2.9 4.53985 4.681 0.336045 182.501
3 4.6949 4.68438 0.347626 182.498
3.1 4.8498 4.68787 0.359206 182.494
3.2 5.00455 4.69148 0.370785 182.491
3.3 5.15913 4.6952 0.382364 182.487
3.4 5.31355 4.69904 0.393941 182.483
3.5 5.4678 4.70299 0.405518 182.479
3.6 5.62188 4.70705 0.417094 182.475
3.7 5.77578 4.71123 0.42867 182.471
3.8 5.92949 4.71553 0.440244 182.467
3.9 6.08302 4.71993 0.451817 182.462
4 6.23635 4.72446 0.46339 182.458
4.1 6.38949 4.72909 0.474961 182.453
4.2 6.54243 4.73384 0.486532 182.448
4.3 6.69515 4.73871 0.498101 182.444
4.4 6.84767 4.74369 0.50967 182.439
4.5 6.99998 4.74878 0.521237 182.433
4.6 7.15206 4.75399 0.532804 182.428
4.7 7.30392 4.75931 0.544369 182.423
4.8 7.45555 4.76475 0.555933 182.417
4.9 7.60695 4.7703 0.567496 182.412
5 7.75811 4.77596 0.579058 182.406
5.1 7.90903 4.78174 0.590619 182.4
5.2 8.0597 4.78764 0.602178 182.395
5.3 8.21012 4.79364 0.613737 182.389
5.4 8.3603 4.79976 0.625294 182.382
5.5 8.51021 4.806 0.636849 182.376
5.6 8.65986 4.81235 0.648404 182.37
5.7 8.80925 4.81881 0.659957 182.363
5.8 8.95836 4.82539 0.671508 182.357
5.9 9.1072 4.83208 0.683059 182.35
6 9.25576 4.83889 0.694608 182.343
6.1 9.40405 4.84581 0.706155 182.336
6.2 9.55204 4.85284 0.717701 182.329
6.3 9.69975 4.85999 0.729245 182.322
6.4 9.84716 4.86725 0.740789 182.315
6.5 9.99428 4.87462 0.75233 182.308
6.6 10.1411 4.88211 0.76387 182.3
6.7 10.2876 4.88971 0.775408 182.293
6.8 10.4338 4.89743 0.786945 182.285
6.9 10.5797 4.90526 0.79848 182.277
7 10.7253 4.9132 0.810014 182.269
7.1 10.8705 4.92126 0.821545 182.261
7.2 11.0155 4.92943 0.833076 182.253
7.3 11.1601 4.93772 0.844604 182.245
7.4 11.3044 4.94611 0.856131 182.236
7.5 11.4483 4.95463 0.867656 182.228
7.6 11.5919 4.96325 0.879179 182.219
7.7 11.7352 4.97199 0.8907 182.21
7.79999 11.8781 4.98085 0.902219 182.201
7.89999 12.0207 4.98981 0.913737 182.192
7.99999 12.1629 4.99889 0.925253 182.183
8.09999 12.3048 5.00808 0.936767 182.174
8.2 12.4464 5.01739 0.948278 182.165
8.3 12.5875 5.02681 0.959788 182.155
8.4 12.7284 5.03635 0.971296 182.146
8.5 12.8688 5.04599 0.982802 182.136
8.6 13.0089 5.05575 0.994306 182.126
8.7 13.1486 5.06563 1.00581 182.117
8.8 13.288 5.07561 1.01731 182.107
8.9 13.4269 5.08571 1.02881 182.097
9 13.5655 5.09593 1.0403 182.086
9.1 13.7037 5.10625 1.05179 182.076
9.2 13.8415 5.11669 1.06329 182.066
9.3 13.979 5.12725 1.07478 182.055
9.4 14.116 5.13791 1.08626 182.044
9.5 14.2527 5.14869 1.09775 182.034
9.6 14.389 5.15958 1.10923 182.023
9.7 14.5249 5.17059 1.12071 182.012
9.8 14.6603 5.1817 1.13219 182.001
9.9 14.7954 5.19294 1.14366 181.989
10 14.9301 5.20428 1.15514 181.978
10.1 15.0643 5.21574 1.16661 181.966
10.2 15.1982 5.2273 1.17807 181.955
10.3 15.3317 5.23899 1.18954 181.943
10.4 15.4647 5.25078 1.201 181.931
10.5 15.5973 5.26269 1.21246 181.92
10.6 15.7296 5.27471 1.22392 181.908
10.7 15.8613 5.28684 1.23538 181.895
10.8 15.9927 5.29909 1.24683 181.883
10.9 16.1237 5.31144 1.25828 181.871
11 16.2542 5.32392 1.26973 181.858
11.1 16.3843 5.3365 1.28118 181.846
11.2 16.514 5.34919 1.29262 181.833
11.3 16.6433 5.362 1.30406 181.82
11.4 16.7721 5.37492 1.3155 181.807
11.5 16.9005 5.38795 1.32693 181.794
11.6 17.0284 5.4011 1.33836 181.781
11.7 17.1559 5.41435 1.34979 181.768
11.8 17.283 5.42772 1.36122 181.755
11.9 17.4097 5.44121 1.37264 181.741
12 17.5359 5.4548 1.38406 181.727
12.1 17.6617 5.4685 1.39548 181.714
12.2 17.787 5.48232 1.4069 181.7
12.3 17.9119 5.49625 1.41831 181.686
12.4 18.0363 5.51029 1.42972 181.672
12.5 18.1603 5.52445 1.44112 181.658
12.6 18.2838 5.53871 1.45253 181.644
12.7 18.4069 5.55309 1.46393 181.629
12.8 18.5296 5.56758 1.47532 181.615
12.9 18.6518 5.58218 1.48672 181.6
13 18.7735 5.59689 1.49811 181.585
13.1 18.8948 5.61171 1.5095 181.571
13.2 19.0156 5.62665 1.52088 181.556
13.3 19.136 5.6417 1.53226 181.541
13.4 19.2559 5.65685 1.54364 181.525
13.5 19.3754 5.67212 1.55502 181.51
13.6 19.4944 5.68751 1.56639 181.495
13.7 19.6129 5.703 1.57776 181.479
13.8 19.731 5.7186 1.58912 181.464
13.9 19.8486 5.73432 1.60048 181.448
14 19.9658 5.75014 1.61184 181.432
14.1 20.0825 5.76608 1.6232 181.416
14.2 20.1987 5.78213 1.63455 181.4
14.3 20.3145 5.79829 1.6459 181.384
14.4 20.4298 5.81456 1.65725 181.368
14.5 20.5447 5.83094 1.66859 181.351
14.6 20.6591 5.84744 1.67993 181.335
14.7 20.773 5.86404 1.69126 181.318
14.8 20.8864 5.88076 1.70259 181.301
14.9 20.9994 5.89758 1.71392 181.285
15 21.1119 5.91452 1.72524 181.268
15.1 21.224 5.93156 1.73657 181.251
15.2 21.3356 5.94872 1.74788 181.234
15.3 21.4467 5.96599 1.7592 181.216
15.4 21.5574 5.98337 1.77051 181.199
15.5 21.6675 6.00086 1.78181 181.181
15.6 21.7772 6.01846 1.79311 181.164
15.7 21.8865 6.03617 1.80441 181.146
15.8 21.9953 6.05399 1.81571 181.128
15.9 22.1036 6.07192 1.827 181.11
16 22.2114 6.08996 1.83829 181.092
16.1 22.3188 6.10811 1.84957 181.074
16.2 22.4257 6.12637 1.86085 181.056
16.3 22.5321 6.14474 1.87213 181.037
16.4 22.6381 6.16322 1.8834 181.019
16.5 22.7436 6.18181 1.89467 181
16.6 22.8486 6.20051 1.90593 180.982
16.7 22.9532 6.21932 1.91719 180.963
16.8 23.0572 6.23824 1.92845 180.944
16.9 23.1609 6.25727 1.9397 180.925
17 23.264 6.27641 1.95095 180.906
17.1 23.3667 6.29566 1.96219 180.887
17.2 23.4689 6.31502 1.97343 180.867
17.3 23.5706 6.33449 1.98466 180.848
17.4 23.6719 6.35406 1.9959 180.828
17.5 23.7727 6.37375 2.00712 180.808
17.6 23.8731 6.39355 2.01835 180.789
17.7 23.9729 6.41345 2.02957 180.769
17.8 24.0724 6.43347 2.04078 180.749
17.9 24.1713 6.45359 2.05199 180.729
18 24.2698 6.47382 2.0632 180.708
18.1 24.3678 6.49416 2.0744 180.688
18.2 24.4653 6.51461 2.0856 180.668
18.3 24.5624 6.53517 2.09679 180.647
18.4 24.659 6.55584 2.10798 180.626
18.5 24.7552 6.57662 2.11916 180.606
18.6 24.8509 6.5975 2.13034 180.585
18.7 24.9461 6.6185 2.14152 180.564
18.8 25.0409 6.6396 2.15269 180.543
18.9 25.1352 6.66081 2.16386 180.521
19 25.229 6.68213 2.17502 180.5
19.1 25.3224 6.70356 2.18618 180.479
19.2 25.4153 6.72509 2.19733 180.457
19.3 25.5078 6.74674 2.20848 180.435
19.4 25.5998 6.76849 2.21962 180.414
19.5 25.6913 6.79035 2.23076 180.392
19.6 25.7824 6.81232 2.24189 180.37
19.7 25.8731 6.83439 2.25302 180.348
19.8 25.9633 6.85658 2.26415 180.326
19.9 26.053 6.87887 2.27527 180.303
20 26.1423 6.90127 2.28639 180.281
20.1 26.2311 6.92378 2.2975 180.258
20.2 26.3194 6.94639 2.3086 180.236
20.3 26.4074 6.96912 2.3197 180.213
20.4 26.4948 6.99195 2.3308 180.19
20.5 26.5818 7.01488 2.34189 180.167
20.6 26.6684 7.03793 2.35298 180.144
20.7 26.7545 7.06108 2.36406 180.121
20.8 26.8402 7.08434 2.37513 180.098
20.9 26.9254 7.10771 2.38621 180.075
21 27.0102 7.13118 2.39727 180.051
21.1 27.0945 7.15476 2.40833 180.027
21.2 27.1784 7.17845 2.41939 180.004
21.3 27.2619 7.20224 2.43044 179.98
21.4 27.3449 7.22614 2.44149 179.956
21.5 27.4274 7.25015 2.45253 179.932
21.6 27.5096 7.27426 2.46356 179.908
21.7 27.5912 7.29848 2.4746 179.884
21.8 27.6725 7.32281 2.48562 179.859
21.9 27.7533 7.34724 2.49664 179.835
22 27.8337 7.37178 2.50766 179.81
22.1 27.9136 7.39643 2.51867 179.786
22.2 27.9931 7.42118 2.52967 179.761
22.3 28.0722 7.44604 2.54067 179.736
22.4 28.1508 7.47101 2.55166 179.711
22.5 28.229 7.49608 2.56265 179.686
22.6 28.3068 7.52125 2.57363 179.661
22.7001 28.3842 7.54653 2.58461 179.636
22.8001 28.4611 7.57192 2.59558 179.61
22.9001 28.5376 7.59741 2.60655 179.585
23.0001 28.6136 7.62301 2.61751 179.559
23.1001 28.6893 7.64872 2.62847 179.534
23.2001 28.7645 7.67453 2.63942 179.508
23.3001 28.8393 7.70044 2.65036 179.482
23.4001 28.9137 7.72646 2.6613 179.456
23.5001 28.9876 7.75259 2.67223 179.43
23.6001 29.0612 7.77882 2.68316 179.403
23.7001 29.1343 7.80515 2.69408 179.377
23.8001 29.207 7.83159 2.705 179.351
23.9001 29.2793 7.85814 2.71591 179.324
24.0001 29.3512 7.88479 2.72682 179.297
24.1001 29.4227 7.91154 2.73772 179.271
24.2001 29.4937 7.9384 2.74861 179.244
24.3001 29.5644 7.96537 2.7595 179.217
24.4001 29.6346 7.99243 2.77038 179.19
24.5001 29.7044 8.01961 2.78125 179.163
24.6001 29.7738 8.04688 2.79212 179.135
24.7001 29.8428 8.07426 2.80299 179.108
24.8001 29.9115 8.10175 2.81385 179.08
24.9001 29.9797 8.12934 2.8247 179.053
25.0001 30.0475 8.15703 2.83554 179.025
25.1001 30.1149 8.18483 2.84638 178.997
25.2001 30.1819 8.21273 2.85722 178.969
25.3001 30.2485 8.24073 2.86805 178.941
25.4001 30.3147 8.26884 2.87887 178.913
25.5001 30.3805 8.29705 2.88968 178.885
25.6001 30.4459 8.32537 2.90049 178.857
25.7001 30.5109 8.35379 2.9113 178.828
25.8001 30.5756 8.38231 2.92209 178.8
25.9001 30.6398 8.41093 2.93289 178.771
26.0001 30.7037 8.43966 2.94367 178.743
26.1001 30.7671 8.46849 2.95445 178.714
26.2001 30.8302 8.49742 2.96522 178.685
26.3001 30.8929 8.52646 2.97599 178.656
26.4001 30.9552 8.5556 2.98675 178.627
26.5001 31.0171 8.58484 2.9975 178.597
26.6001 31.0787 8.61418 3.00825 178.568
26.7001 31.1398 8.64363 3.01899 178.539
26.8001 31.2006 8.67318 3.02972 178.509
26.9001 31.261 8.70283 3.04045 178.479
27.0001 31.321 8.73258 3.05117 178.45
27.1001 31.3807 8.76244 3.06189 178.42
27.2001 31.44 8.7924 3.0726 178.39
27.3001 31.4989 8.82246 3.0833 178.36
27.4001 31.5574 8.85262 3.09399 178.33
27.5001 31.6155 8.88288 3.10468 178.299
27.6001 31.6733 8.91325 3.11536 178.269
27.7001 31.7308 8.94371 3.12604 178.239
27.8001 31.7878 8.97428 3.13671 178.208
27.9001 31.8445 9.00495 3.14737 178.177
28.0001 31.9008 9.03572 3.15803 178.147
28.1001 31.9568 9.06659 3.16867 178.116
28.2001 32.0124 9.09756 3.17932 178.085
28.3001 32.0676 9.12864 3.18995 178.054
28.4001 32.1225 9.15981 3.20058 178.022
28.5001 32.177 9.19109 3.2112 177.991
28.6001 32.2312 9.22246 3.22182 177.96
28.7001 32.285 9.25394 3.23242 177.928
28.8001 32.3385 9.28552 3.24302 177.897
28.9001 32.3916 9.31719 3.25362 177.865
29.0001 32.4444 9.34897 3.26421 177.833
29.1001 32.4968 9.38085 3.27479 177.801
29.2001 32.5488 9.41283 3.28536 177.769
29.3001 32.6005 9.4449 3.29592 177.737
29.4001 32.6519 9.47708 3.30648 177.705
29.5001 32.7029 9.50936 3.31703 177.673
29.6001 32.7536 9.54174 3.32758 177.64
29.7001 32.8039 9.57421 3.33812 177.608
29.8001 32.8539 9.60679 3.34865 177.575
29.9001 32.9036 9.63947 3.35917 177.543
30.0001 32.9529 9.67224 3.36969 177.51
30.1001 33.0019 9.70512 3.3802 177.477
30.2001 33.0505 9.73809 3.3907 177.444
30.3001 33.0988 9.77116 3.40119 177.411
30.4001 33.1468 9.80434 3.41168 177.378
30.5001 33.1944 9.83761 3.42216 177.345
30.6001 33.2417 9.87098 3.43263 177.311
30.7001 33.2887 9.90444 3.44309 177.278
30.8001 33.3354 9.93801 3.45355 177.244
30.9001 33.3817 9.97167 3.464 177.211
31.0001 33.4277 10.0054 3.47444 177.177
31.1001 33.4734 10.0393 3.48488 177.143
31.2001 33.5187 10.0733 3.49531 177.109
31.3001 33.5638 10.1073 3.50573 177.075
31.4001 33.6085 10.1415 3.51614 177.041
31.5001 33.6529 10.1757 3.52654 177.007
31.6001 33.6969 10.2101 3.53694 176.972
31.7001 33.7407 10.2445 3.54733 176.938
31.8001 33.7841 10.2791 3.55771 176.903
31.9001 33.8273 10.3137 3.56809 176.869
32.0001 33.8701 10.3485 3.57845 176.834
32.1001 33.9126 10.3833 3.58881 176.799
32.2001 33.9547 10.4182 3.59916 176.764
32.3001 33.9966 10.4533 3.60951 176.729
32.4001 34.0382 10.4884 3.61984 176.694
32.5001 34.0795 10.5236 3.63017 176.659
32.6001 34.1204 10.5589 3.64049 176.623
32.7001 34.1611 10.5943 3.6508 176.588
32.8001 34.2014 10.6299 3.66111 176.552
32.9001 34.2415 10.6655 3.6714 176.517
33.0001 34.2812 10.7012 3.68169 176.481
33.1001 34.3206 10.737 3.69197 176.445
33.2001 34.3598 10.7729 3.70224 176.409
33.3001 34.3986 10.8089 3.71251 176.373
33.4001 34.4372 10.845 3.72276 176.337
33.5001 34.4754 10.8812 3.73301 176.301
33.6001 34.5134 10.9174 3.74325 176.265
33.7001 34.5511 10.9538 3.75348 176.228
33.8001 34.5884 10.9903 3.76371 176.192
33.9001 34.6255 11.0269 3.77392 176.155
34.0001 34.6623 11.0635 3.78413 176.119
34.1001 34.6988 11.1003 3.79433 176.082
34.2001 34.7351 11.1371 3.80452 176.045
34.3 34.771 11.1741 3.8147 176.008
34.4 34.8067 11.2111 3.82488 175.971
34.5 34.842 11.2483 3.83505 175.934
34.6 34.8771 11.2855 3.8452 175.897
34.7 34.9119 11.3228 3.85535 175.859
34.8 34.9464 11.3602 3.86549 175.822
34.9 34.9807 11.3977 3.87563 175.784
35 35.0147 11.4353 3.88575 175.747
35.1 35.0484 11.4731 3.89587 175.709
35.2 35.0818 11.5108 3.90597 175.671
35.3 35.1149 11.5487 3.91607 175.633
35.4 35.1478 11.5867 3.92616 175.596
35.5 35.1804 11.6248 3.93624 175.557
35.6 35.2127 11.663 3.94632 175.519
35.7 35.2448 11.7012 3.95638 175.481
35.8 35.2765 11.7396 3.96644 175.443
35.9 35.3081 11.778 3.97648 175.404
36 35.3393 11.8166 3.98652 175.366
36.1 35.3703 11.8552 3.99655 175.327
36.2 35.401 11.8939 4.00657 175.288
36.3 35.4315 11.9327 4.01659 175.249
36.4 35.4617 11.9717 4.02659 175.211
36.5 35.4916 12.0107 4.03658 175.172
36.6 35.5213 12.0498 4.04657 175.132
36.7 35.5507 12.0889 4.05655 175.093
36.8 35.5799 12.1282 4.06652 175.054
36.9 35.6088 12.1676 4.07647 175.015
37 35.6374 12.2071 4.08643 174.975
37.1 35.6658 12.2466 4.09637 174.936
37.2 35.694 12.2863 4.1063 174.896
37.3 35.7219 12.326 4.11622 174.856
37.4 35.7495 12.3658 4.12614 174.816
37.5 35.7769 12.4057 4.13604 174.776
37.6 35.804 12.4457 4.14594 174.736
37.7 35.8309 12.4859 4.15583 174.696
37.8 35.8575 12.526 4.1657 174.656
37.9 35.8839 12.5663 4.17557 174.616
38 35.9101 12.6067 4.18543 174.576
38.1 35.936 12.6472 4.19528 174.535
38.2 35.9616 12.6877 4.20512 174.495
38.3 35.9871 12.7284 4.21496 174.454
38.4 36.0122 12.7691 4.22478 174.413
38.5 36.0372 12.8099 4.23459 174.372
38.6 36.0619 12.8508 4.2444 174.331
38.7 36.0863 12.8918 4.25419 174.29
38.8 36.1106 12.9329 4.26398 174.249
38.9 36.1346 12.9741 4.27375 174.208
39 36.1583 13.0154 4.28352 174.167
39.1 36.1818 13.0567 4.29327 174.126
39.2 36.2051 13.0982 4.30302 174.084
39.3 36.2282 13.1397 4.31276 174.043
39.4 36.251 13.1813 4.32249 174.001
39.5 36.2736 13.223 4.33221 173.959
39.6 36.2959 13.2648 4.34192 173.917
39.7 36.3181 13.3067 4.35162 173.875
39.8 36.34 13.3487 4.36131 173.834
39.9 36.3617 13.3908 4.37099 173.791
40 36.3831 13.4329 4.38066 173.749
40.1 36.4043 13.4752 4.39032 173.707
40.2 36.4253 13.5175 4.39997 173.665
40.3 36.4461 13.5599 4.40961 173.622
40.4 36.4667 13.6024 4.41924 173.58
40.5 36.487 13.645 4.42887 173.537
40.6 36.5071 13.6877 4.43848 173.495
40.7 36.527 13.7305 4.44808 173.452
40.7999 36.5467 13.7733 4.45767 173.409
40.8999 36.5662 13.8163 4.46726 173.366
40.9999 36.5855 13.8593 4.47683 173.323
41.0999 36.6045 13.9024 4.48639 173.28
41.1999 36.6233 13.9456 4.49594 173.237
41.2999 36.6419 13.9889 4.50549 173.193
41.3999 36.6603 14.0323 4.51502 173.15
41.4999 36.6785 14.0757 4.52454 173.107
41.5999 36.6965 14.1193 4.53405 173.063
41.6999 36.7142 14.1629 4.54356 173.019
41.7999 36.7318 14.2066 4.55305 172.976
41.8999 36.7491 14.2504 4.56253 172.932
41.9999 36.7663 14.2943 4.572 172.888
42.0999 36.7832 14.3382 4.58147 172.844
42.1999 36.7999 14.3823 4.59092 172.8
42.2999 36.8164 14.4264 4.60036 172.756
42.3999 36.8328 14.4707 4.60979 172.712
42.4999 36.8489 14.515 4.61921 172.667
42.5999 36.8648 14.5594 4.62862 172.623
42.6999 36.8805 14.6038 4.63802 172.578
42.7999 36.896 14.6484 4.64741 172.534
42.8999 36.9113 14.6931 4.65679 172.489
42.9999 36.9264 14.7378 4.66616 172.444
43.0999 36.9414 14.7826 4.67552 172.4
43.1999 36.9561 14.8275 4.68487 172.355
43.2999 36.9706 14.8725 4.6942 172.31
43.3999 36.9849 14.9175 4.70353 172.265
43.4999 36.9991 14.9627 4.71285 172.22
43.5999 37.013 15.0079 4.72215 172.174
43.6999 37.0267 15.0532 4.73145 172.129
43.7999 37.0403 15.0986 4.74073 172.084
43.8999 37.0537 15.1441 4.75001 172.038
43.9999 37.0668 15.1897 4.75927 171.993
44.0999 37.0798 15.2353 4.76852 171.947
44.1999 37.0926 15.281 4.77776 171.901
44.2999 37.1052 15.3269 4.78699 171.855
44.3999 37.1176 15.3727 4.79622 171.809
44.4999 37.1299 15.4187 4.80542 171.764
44.5999 37.1419 15.4648 4.81462 171.717
44.6999 37.1538 15.5109 4.82381 171.671
44.7999 37.1654 15.5571 4.83299 171.625
44.8999 37.1769 15.6034 4.84215 171.579
44.9999 37.1882 15.6498 4.85131 171.532
45.0999 37.1994 15.6963 4.86045 171.486
45.1999 37.2103 15.7428 4.86959 171.439
45.2999 37.2211 15.7894 4.87871 171.393
45.3999 37.2317 15.8361 4.88782 171.346
45.4999 37.2421 15.8829 4.89692 171.299
45.5999 37.2523 15.9298 4.90601 171.252
45.6999 37.2624 15.9767 4.91509 171.205
45.7999 37.2722 16.0238 4.92415 171.158
45.8999 37.2819 16.0709 4.93321 171.111
45.9999 37.2915 16.118 4.94225 171.064
46.0999 37.3008 16.1653 4.95129 171.017
46.1999 37.31 16.2126 4.96031 170.97
46.2999 37.319 16.2601 4.96932 170.922
46.3999 37.3278 16.3076 4.97832 170.875
46.4999 37.3365 16.3552 4.98731 170.827
46.5999 37.345 16.4028 4.99628 170.779
46.6999 37.3533 16.4505 5.00525 170.732
46.7999 37.3615 16.4984 5.0142 170.684
46.8999 37.3694 16.5463 5.02315 170.636
46.9999 37.3773 16.5942 5.03208 170.588
47.0999 37.3849 16.6423 5.041 170.54
47.1999 37.3924 16.6904 5.04991 170.492
47.2999 37.3997 16.7386 5.0588 170.444
47.3998 37.4068 16.7869 5.06769 170.395
47.4998 37.4138 16.8353 5.07656 170.347
47.5998 37.4207 16.8837 5.08542 170.299
47.6998 37.4273 16.9322 5.09427 170.25
47.7998 37.4338 16.9808 5.10311 170.201
47.8998 37.4401 17.0295 5.11194 170.153
47.9998 37.4463 17.0782 5.12076 170.104
48.0998 37.4523 17.1271 5.12956 170.055
48.1998 37.4582 17.176 5.13835 170.006
48.2998 37.4639 17.2249 5.14713 169.957
48.3998 37.4694 17.274 5.1559 169.908
48.4998 37.4748 17.3231 5.16466 169.859
48.5998 37.48 17.3723 5.1734 169.81
48.6998 37.4851 17.4216 5.18214 169.761
48.7998 37.49 17.471 5.19086 169.711
48.8998 37.4947 17.5204 5.19957 169.662
48.9998 37.4993 17.5699 5.20826 169.612
49.0998 37.5038 17.6195 5.21695 169.563
49.1998 37.5081 17.6692 5.22562 169.513
49.2998 37.5122 17.7189 5.23428 169.463
49.3998 37.5162 17.7687 5.24293 169.414
49.4998 37.52 17.8186 5.25157 169.364
49.5998 37.5237 17.8685 5.2602 169.314
49.6998 37.5272 17.9186 5.26881 169.264
49.7998 37.5306 17.9687 5.27741 169.214
49.8998 37.5339 18.0188 5.286 169.163
49.9998 37.5369 18.0691 5.29458 169.113
50.0998 37.5399 18.1194 5.30314 169.063
50.1998 37.5427 18.1698 5.31169 169.012
50.2998 37.5453 18.2203 5.32023 168.962
50.3998 37.5478 18.2708 5.32876 168.911
50.4998 37.5502 18.3215 5.33728 168.861
50.5998 37.5524 18.3722 5.34578 168.81
50.6998 37.5544 18.4229 5.35427 168.759
50.7998 37.5564 18.4738 5.36275 168.708
50.8998 37.5581 18.5247 5.37121 168.658
50.9998 37.5598 18.5757 5.37967 168.607
51.0998 37.5613 18.6267 5.38811 168.556
51.1998 37.5626 18.6778 5.39654 168.504
51.2998 37.5638 18.729 5.40495 168.453
51.3998 37.5649 18.7803 5.41336 168.402
51.4998 37.5659 18.8316 5.42175 168.351
51.5998 37.5666 18.8831 5.43013 168.299
51.6998 37.5673 18.9345 5.43849 168.248
51.7998 37.5678 18.9861 5.44684 168.196
51.8998 37.5682 19.0377 5.45518 168.145
51.9998 37.5684 19.0894 5.46351 168.093
52.0998 37.5686 19.1412 5.47183 168.041
52.1998 37.5685 19.193 5.48013 167.989
52.2998 37.5684 19.2449 5.48842 167.937
52.3998 37.5681 19.2969 5.4967 167.885
52.4998 37.5676 19.349 5.50496 167.833
52.5998 37.5671 19.4011 5.51321 167.781
52.6998 37.5664 19.4533 5.52145 167.729
52.7998 37.5656 19.5055 5.52967 167.677
52.8998 37.5646 19.5578 5.53789 167.624
52.9998 37.5635 19.6102 5.54609 167.572
53.0998 37.5623 19.6627 5.55427 167.52
53.1998 37.5609 19.7152 5.56245 167.467
53.2998 37.5595 19.7678 5.57061 167.414
53.3998 37.5578 19.8205 5.57875 167.362
53.4998 37.5561 19.8732 5.58689 167.309
53.5998 37.5542 19.926 5.59501 167.256
53.6998 37.5522 19.9789 5.60312 167.203
53.7998 37.5501 20.0319 5.61121 167.15
53.8997 37.5479 20.0849 5.61929 167.097
53.9997 37.5455 20.1379 5.62736 167.044
54.0997 37.543 20.1911 5.63542 166.991
54.1997 37.5404 20.2443 5.64346 166.938
54.2997 37.5376 20.2976 5.65149 166.885
54.3997 37.5348 20.3509 5.6595 166.831
54.4997 37.5318 20.4043 5.66751 166.778
54.5997 37.5286 20.4578 5.6755 166.724
54.6997 37.5254 20.5114 5.68347 166.671
54.7997 37.522 20.565 5.69143 166.617
54.8997 37.5185 20.6187 5.69938 166.564
54.9997 37.5149 20.6724 5.70732 166.51
55.0997 37.5112 20.7262 5.71524 166.456
55.1997 37.5074 20.7801 5.72315 166.402
55.2997 37.5034 20.834 5.73104 166.348
55.3997 37.4993 20.888 5.73892 166.294
55.4997 37.4951 20.9421 5.74679 166.24
55.5997 37.4908 20.9962 5.75465 166.186
55.6997 37.4864 21.0504 5.76249 166.132
55.7997 37.4818 21.1047 5.77031 166.078
55.8997 37.4771 21.159 5.77813 166.023
55.9997 37.4723 21.2134 5.78592 165.969
56.0997 37.4674 21.2679 5.79371 165.914
56.1997 37.4624 21.3224 5.80148 165.86
56.2997 37.4573 21.377 5.80924 165.805
56.3997 37.452 21.4316 5.81699 165.751
56.4997 37.4466 21.4863 5.82472 165.696
56.5997 37.4412 21.5411 5.83243 165.641
56.6997 37.4356 21.5959 5.84014 165.586
56.7997 37.4299 21.6508 5.84782 165.531
56.8997 37.4241 21.7058 5.8555 165.476
56.9997 37.4181 21.7608 5.86316 165.421
57.0997 37.4121 21.8159 5.87081 165.366
57.1997 37.4059 21.8711 5.87844 165.311
57.2997 37.3997 21.9263 5.88606 165.256
57.3997 37.3933 21.9816 5.89366 165.201
57.4997 37.3868 22.0369 5.90126 165.145
57.5997 37.3802 22.0923 5.90883 165.09
57.6997 37.3735 22.1478 5.91639 165.034
57.7997 37.3667 22.2033 5.92394 164.979
57.8997 37.3598 22.2589 5.93148 164.923
57.9997 37.3528 22.3145 5.939 164.868
58.0997 37.3457 22.3702 5.9465 164.812
58.1997 37.3384 22.426 5.954 164.756
58.2997 37.3311 22.4818 5.96147 164.7
58.3997 37.3236 22.5377 5.96894 164.645
58.4997 37.3161 22.5936 5.97638 164.589
58.5997 37.3084 22.6496 5.98382 164.533
58.6997 37.3007 22.7057 5.99124 164.477
58.7997 37.2928 22.7618 5.99864 164.42
58.8997 37.2848 22.818 6.00604 164.364
58.9997 37.2768 22.8742 6.01341 164.308
59.0997 37.2686 22.9305 6.02077 164.252
59.1997 37.2603 22.9869 6.02812 164.195
59.2997 37.2519 23.0433 6.03546 164.139
59.3997 37.2434 23.0998 6.04277 164.082
59.4997 37.2349 23.1563 6.05008 164.026
59.5997 37.2262 23.2129 6.05737 163.969
59.6997 37.2174 23.2696 6.06464 163.913
59.7997 37.2085 23.3263 6.0719 163.856
59.8997 37.1995 23.3831 6.07915 163.799
59.9997 37.1904 23.4399 6.08638 163.742
60.0997 37.1812 23.4968 6.0936 163.685
60.1997 37.172 23.5537 6.1008 163.629
60.2997 37.1626 23.6107 6.10798 163.572
60.3997 37.1531 23.6678 6.11515 163.514
60.4996 37.1435 23.7249 6.12231 163.457
60.5996 37.1338 23.782 6.12945 163.4
60.6996 37.1241 23.8392 6.13658 163.343
60.7996 37.1142 23.8965 6.14369 163.286
60.8996 37.1042 23.9539 6.15079 163.228
60.9996 37.0942 24.0113 6.15787 163.171
61.0996 37.084 24.0687 6.16494 163.114
61.1996 37.0738 24.1262 6.17199 163.056
61.2996 37.0634 24.1838 6.17903 162.998
61.3996 37.053 24.2414 6.18605 162.941
61.4996 37.0425 24.299 6.19306 162.883
61.5996 37.0318 24.3567 6.20005 162.825
61.6996 37.0211 24.4145 6.20703 162.768
61.7996 37.0103 24.4724 6.21399 162.71
61.8996 36.9994 24.5302 6.22094 162.652
61.9996 36.9884 24.5882 6.22787 162.594
62.0996 36.9773 24.6462 6.23478 162.536
62.1996 36.9662 24.7042 6.24169 162.478
62.2996 36.9549 24.7623 6.24857 162.42
62.3996 36.9435 24.8205 6.25544 162.362
62.4996 36.9321 24.8787 6.2623 162.304
62.5996 36.9205 24.9369 6.26914 162.245
62.6996 36.9089 24.9952 6.27596 162.187
62.7996 36.8972 25.0536 6.28277 162.129
62.8996 36.8854 25.112 6.28956 162.07
62.9996 36.8735 25.1705 6.29634 162.012
63.0996 36.8615 25.229 6.3031 161.953
63.1996 36.8494 25.2876 6.30985 161.895
63.2996 36.8373 25.3462 6.31658 161.836
63.3996 36.825 25.4049 6.3233 161.777
63.4996 36.8127 25.4636 6.33 161.719
63.5996 36.8003 25.5224 6.33668 161.66
63.6996 36.7878 25.5812 6.34335 161.601
63.7996 36.7752 25.6401 6.35 161.542
63.8996 36.7625 25.699 6.35664 161.483
63.9996 36.7497 25.758 6.36326 161.424
64.0996 36.7369 25.817 6.36987 161.365
64.1996 36.7239 25.8761 6.37646 161.306
64.2996 36.7109 25.9352 6.38304 161.247
64.3996 36.6978 25.9944 6.38959 161.188
64.4996 36.6846 26.0536 6.39614 161.129
64.5996 36.6714 26.1129 6.40266 161.069
64.6996 36.658 26.1722 6.40918 161.01
64.7996 36.6446 26.2316 6.41567 160.951
64.8996 36.6311 26.291 6.42215 160.891
64.9996 36.6175 26.3505 6.42861 160.832
65.0996 36.6038 26.41 6.43506 160.772
65.1996 36.59 26.4696 6.44149 160.713
65.2996 36.5762 26.5292 6.44791 160.653
65.3996 36.5622 26.5889 6.45431 160.593
65.4996 36.5482 26.6486 6.46069 160.534
65.5996 36.5341 26.7084 6.46706 160.474
65.6996 36.52 26.7682 6.47341 160.414
65.7996 36.5057 26.828 6.47974 160.354
65.8996 36.4914 26.8879 6.48606 160.294
65.9996 36.477 26.9479 6.49237 160.234
66.0996 36.4625 27.0079 6.49865 160.174
66.1996 36.448 27.0679 6.50492 160.114
66.2996 36.4333 27.128 6.51118 160.054
66.3996 36.4186 27.1881 6.51741 159.994
66.4996 36.4038 27.2483 6.52363 159.934
66.5996 36.3889 27.3085 6.52984 159.874
66.6996 36.374 27.3688 6.53603 159.813
66.7996 36.3589 27.4291 6.5422 159.753
66.8996 36.3438 27.4895 6.54835 159.693
66.9995 36.3287 27.5499 6.55449 159.632
67.0995 36.3134 27.6104 6.56062 159.572
67.1995 36.2981 27.6708 6.56672 159.511
67.2995 36.2827 27.7314 6.57281 159.451
67.3995 36.2672 27.792 6.57889 159.39
67.4995 36.2516 27.8526 6.58494 159.33
67.5995 36.236 27.9133 6.59098 159.269
67.6995 36.2203 27.974 6.597 159.208
67.7995 36.2045 28.0348 6.60301 159.147
67.8995 36.1886 28.0956 6.609 159.087
67.9995 36.1727 28.1564 6.61497 159.026
68.0995 36.1567 28.2173 6.62093 158.965
68.1995 36.1406 28.2782 6.62687 158.904
68.2995 36.1245 28.3392 6.63279 158.843
68.3995 36.1083 28.4002 6.6387 158.782
68.4995 36.092 28.4613 6.64459 158.721
68.5995 36.0756 28.5224 6.65046 158.66
68.6995 36.0592 28.5835 6.65632 158.599
68.7995 36.0427 28.6447 6.66216 158.538
68.8995 36.0261 28.7059 6.66798 158.476
68.9995 36.0094 28.7672 6.67378 158.415
69.0995 35.9927 28.8285 6.67957 158.354
69.1995 35.9759 28.8899 6.68534 158.292
69.2995 35.9591 28.9512 6.69109 158.231
69.3995 35.9421 29.0127 6.69683 158.17
69.4995 35.9251 29.0742 6.70255 158.108
69.5995 35.9081 29.1357 6.70825 158.047
69.6995 35.8909 29.1972 6.71394 157.985
69.7995 35.8737 29.2588 6.71961 157.923
69.8995 35.8564 29.3204 6.72526 157.862
69.9995 35.8391 29.3821 6.73089 157.8
70.0995 35.8217 29.4438 6.73651 157.738
70.1995 35.8042 29.5056 6.74211 157.677
70.2995 35.7866 29.5673 6.74769 157.615
70.3995 35.769 29.6292 6.75326 157.553
70.4995 35.7513 29.691 6.7588 157.491
70.5995 35.7336 29.7529 6.76433 157.429
70.6995 35.7158 29.8149 6.76985 157.367
70.7995 35.6979 29.8769 6.77534 157.305
70.8995 35.6799 29.9389 6.78082 157.243
70.9995 35.6619 30.0009 6.78628 157.181
71.0995 35.6438 30.063 6.79172 157.119
71.1995 35.6257 30.1251 6.79715 157.057
71.2995 35.6075 30.1873 6.80256 156.995
71.3995 35.5892 30.2495 6.80795 156.933
71.4995 35.5708 30.3117 6.81332 156.87
71.5995 35.5524 30.374 6.81868 156.808
71.6995 35.534 30.4363 6.82401 156.746
71.7995 35.5154 30.4987 6.82933 156.684
71.8995 35.4968 30.5611 6.83464 156.621
71.9995 35.4782 30.6235 6.83992 156.559
72.0995 35.4594 30.6859 6.84519 156.496
72.1995 35.4406 30.7484 6.85044 156.434
72.2995 35.4218 30.8109 6.85567 156.371
72.3995 35.4029 30.8735 6.86088 156.309
72.4995 35.3839 30.9361 6.86608 156.246
72.5995 35.3649 30.9987 6.87126 156.184
72.6995 35.3458 31.0614 6.87642 156.121
72.7995 35.3266 31.1241 6.88156 156.058
72.8995 35.3074 31.1868 6.88669 155.995
72.9995 35.2881 31.2496 6.89179 155.933
73.0995 35.2687 31.3124 6.89688 155.87
73.1995 35.2493 31.3752 6.90195 155.807
73.2995 35.2298 31.4381 6.907 155.744
73.3995 35.2103 31.501 6.91204 155.681
73.4995 35.1907 31.5639 6.91706 155.618
73.5994 35.1711 31.6268 6.92205 155.555
73.6994 35.1513 31.6898 6.92704 155.492
73.7994 35.1316 31.7529 6.932 155.429
73.8994 35.1117 31.8159 6.93694 155.366
73.9994 35.0918 31.879 6.94187 155.303
74.0994 35.0719 31.9421 6.94678 155.24
74.1994 35.0519 32.0053 6.95167 155.177
74.2994 35.0318 32.0685 6.95654 155.114
74.3994 35.0117 32.1317 6.96139 155.051
74.4994 34.9915 32.1949 6.96623 154.987
74.5994 34.9713 32.2582 6.97104 154.924
74.6994 34.951 32.3215 6.97584 154.861
74.7994 34.9306 32.3849 6.98062 154.797
74.8994 34.9102 32.4482 6.98538 154.734
74.9994 34.8897 32.5116 6.99013 154.671
75.0994 34.8692 32.575 6.99485 154.607
75.1994 34.8486 32.6385 6.99956 154.544
75.2994 34.8279 32.702 7.00424 154.48
75.3994 34.8072 32.7655 7.00891 154.417
75.4994 34.7865 32.829 7.01356 154.353
75.5994 34.7657 32.8926 7.0182 154.29
75.6994 34.7448 32.9562 7.02281 154.226
75.7994 34.7239 33.0198 7.0274 154.162
75.8994 34.7029 33.0835 7.03198 154.099
75.9994 34.6819 33.1472 7.03654 154.035
76.0994 34.6608 33.2109 7.04108 153.971
76.1994 34.6396 33.2746 7.0456 153.908
76.2994 34.6184 33.3384 7.0501 153.844
76.3994 34.5972 33.4022 7.05458 153.78
76.4994 34.5758 33.466 7.05905 153.716
76.5994 34.5545 33.5299 7.06349 153.652
76.6994 34.5331 33.5937 7.06792 153.588
76.7994 34.5116 33.6576 7.07233 153.525
76.8994 34.4901 33.7216 7.07672 153.461
76.9994 34.4685 33.7855 7.08109 153.397
77.0994 34.4468 33.8495 7.08544 153.333
77.1994 34.4252 33.9135 7.08977 153.269
77.2994 34.4034 33.9775 7.09408 153.205
77.3994 34.3816 34.0416 7.09838 153.141
77.4994 34.3598 34.1057 7.10265 153.077
77.5994 34.3379 34.1698 7.10691 153.012
77.6994 34.3159 34.2339 7.11115 152.948
77.7994 34.2939 34.2981 7.11536 152.884
77.8994 34.2719 34.3622 7.11956 152.82
77.9994 34.2498 34.4264 7.12374 152.756
78.0994 34.2276 34.4907 7.1279 152.692
78.1994 34.2054 34.5549 7.13205 152.627
78.2994 34.1832 34.6192 7.13617 152.563
78.3994 34.1608 34.6835 7.14027 152.499
78.4994 34.1385 34.7478 7.14436 152.434
78.5994 34.1161 34.8121 7.14842 152.37
78.6994 34.0936 34.8765 7.15247 152.306
78.7994 34.0711 34.9409 7.15649 152.241
78.8994 34.0485 35.0053 7.1605 152.177
78.9994 34.0259 35.0697 7.16449 152.112
79.0994 34.0033 35.1342 7.16845 152.048
79.1994 33.9805 35.1987 7.1724 151.984
79.2994 33.9578 35.2632 7.17633 151.919
79.3994 33.935 35.3277 7.18024 151.855
79.4994 33.9121 35.3922 7.18413 151.79
79.5994 33.8892 35.4568 7.188 151.725
79.6994 33.8662 35.5214 7.19186 151.661
79.7994 33.8432 35.586 7.19569 151.596
79.8994 33.8202 35.6506 7.1995 151.532
79.9994 33.7971 35.7152 7.20329 151.467
80.0993 33.7739 35.7799 7.20707 151.402
80.1993 33.7507 35.8446 7.21082 151.338
80.2993 33.7275 35.9093 7.21455 151.273
80.3993 33.7042 35.974 7.21827 151.208
80.4993 33.6808 36.0387 7.22196 151.144
80.5993 33.6574 36.1035 7.22564 151.079
80.6993 33.634 36.1683 7.22929 151.014
80.7993 33.6105 36.233 7.23293 150.949
80.8993 33.587 36.2979 7.23654 150.884
80.9993 33.5634 36.3627 7.24014 150.82
81.0993 33.5398 36.4275 7.24372 150.755
81.1993 33.5161 36.4924 7.24727 150.69
81.2993 33.4924 36.5573 7.25081 150.625
81.3993 33.4686 36.6222 7.25432 150.56
81.4993 33.4448 36.6871 7.25782 150.495
81.5993 33.421 36.752 7.2613 150.43
81.6993 33.3971 36.817 7.26475 150.365
81.7993 33.3731 36.882 7.26819 150.3
81.8993 33.3491 36.947 7.27161 150.235
81.9993 33.3251 37.012 7.275 150.17
82.0993 33.301 37.077 7.27838 150.105
82.1993 33.2769 37.142 7.28174 150.04
82.2993 33.2527 37.2071 7.28507 149.975
82.3993 33.2285 37.2721 7.28839 149.91
82.4993 33.2042 37.3372 7.29169 149.845
82.5993 33.1799 37.4023 7.29496 149.78
82.6993 33.1556 37.4674 7.29822 149.715
82.7993 33.1312 37.5325 7.30145 149.65
82.8993 33.1067 37.5977 7.30467 149.585
82.9993 33.0823 37.6628 7.30786 149.519
83.0993 33.0577 37.728 7.31104 149.454
83.1993 33.0332 37.7932 7.31419 149.389
83.2993 33.0086 37.8584 7.31733 149.324
83.3993 32.9839 37.9236 7.32044 149.259
83.4993 32.9592 37.9888 7.32353 149.193
83.5993 32.9345 38.054 7.32661 149.128
83.6993 32.9097 38.1193 7.32966 149.063
83.7993 32.8849 38.1845 7.33269 148.998
83.8993 32.86 38.2498 7.3357 148.932
83.9993 32.8351 38.3151 7.3387 148.867
84.0993 32.8101 38.3804 7.34167 148.802
84.1993 32.7851 38.4457 7.34462 148.737
84.2993 32.7601 38.511 7.34755 148.671
84.3993 32.735 38.5763 7.35046 148.606
84.4993 32.7099 38.6417 7.35334 148.541
84.5993 32.6847 38.707 7.35621 148.475
84.6993 32.6595 38.7724 7.35906 148.41
84.7993 32.6343 38.8378 7.36189 148.344
84.8993 32.609 38.9031 7.36469 148.279
84.9993 32.5837 38.9685 7.36748 148.214
85.0993 32.5583 39.0339 7.37024 148.148
85.1993 32.5329 39.0993 7.37299 148.083
85.2993 32.5074 39.1648 7.37571 148.017
85.3993 32.4819 39.2302 7.37841 147.952
85.4993 32.4564 39.2956 7.38109 147.887
85.5993 32.4309 39.3611 7.38375 147.821
85.6993 32.4052 39.4266 7.38639 147.756
85.7993 32.3796 39.492 7.38901 147.69
85.8993 32.3539 39.5575 7.39161 147.625
85.9993 32.3282 39.623 7.39419 147.559
86.0993 32.3024 39.6885 7.39675 147.494
86.1993 32.2766 39.754 7.39928 147.428
86.2993 32.2507 39.8195 7.4018 147.363
86.3993 32.2249 39.885 7.40429 147.297
86.4993 32.1989 39.9505 7.40676 147.232
86.5993 32.173 40.0161 7.40921 147.166
86.6992 32.147 40.0816 7.41164 147.101
86.7992 32.1209 40.1471 7.41405 147.035
86.8992 32.0948 40.2127 7.41644 146.97
86.9992 32.0687 40.2782 7.41881 146.904
87.0992 32.0426 40.3438 7.42115 146.838
87.1992 32.0164 40.4094 7.42348 146.773
87.2992 31.9901 40.4749 7.42578 146.707
87.3992 31.9639 40.5405 7.42807 146.642
87.4992 31.9376 40.6061 7.43033 146.576
87.5992 31.9112 40.6717 7.43257 146.511
87.6992 31.8848 40.7373 7.43479 146.445
87.7992 31.8584 40.8029 7.43698 146.379
87.8992 31.8319 40.8685 7.43916 146.314
87.9992 31.8054 40.9341 7.44131 146.248
88.0992 31.7789 40.9997 7.44345 146.183
88.1992 31.7523 41.0653 7.44556 146.117
88.2992 31.7257 41.1309 7.44765 146.051
88.3992 31.6991 41.1966 7.44972 145.986
88.4992 31.6724 41.2622 7.45177 145.92
88.5992 31.6457 41.3278 7.45379 145.854
88.6992 31.6189 41.3934 7.4558 145.789
88.7992 31.5922 41.4591 7.45778 145.723
88.8992 31.5653 41.5247 7.45975 145.658
88.9992 31.5385 41.5903 7.46169 145.592
89.0992 31.5116 41.656 7.4636 145.526
89.1992 31.4846 41.7216 7.4655 145.461
89.2992 31.4577 41.7873 7.46738 145.395
89.3992 31.4307 41.8529 7.46923 145.329
89.4992 31.4036 41.9186 7.47106 145.264
89.5992 31.3765 41.9842 7.47288 145.198
89.6992 31.3494 42.0499 7.47467 145.132
89.7992 31.3223 42.1155 7.47643 145.067
89.8992 31.2951 42.1812 7.47818 145.001
89.9992 31.2679 42.2468 7.4799 144.935
90.0992 31.2406 42.3124 7.48161 144.87
90.1992 31.2134 42.3781 7.48329 144.804
90.2992 31.186 42.4437 7.48494 144.738
90.3992 31.1587 42.5094 7.48658 144.673
90.4992 31.1313 42.575 7.4882 144.607
90.5992 31.1039 42.6407 7.48979 144.542
90.6992 31.0764 42.7063 7.49136 144.476
90.7992 31.0489 42.772 7.49291 144.41
90.8992 31.0214 42.8376 7.49444 144.345
90.9992 30.9938 42.9033 7.49595 144.279
91.0992 30.9662 42.9689 7.49743 144.213
91.1992 30.9386 43.0345 7.49889 144.148
91.2992 30.911 43.1002 7.50033 144.082
91.3992 30.8833 43.1658 7.50175 144.016
91.4992 30.8555 43.2314 7.50314 143.951
91.5992 30.8278 43.297 7.50452 143.885
91.6992 30.8 43.3627 7.50587 143.82
91.7992 30.7722 43.4283 7.5072 143.754
91.8992 30.7443 43.4939 7.50851 143.688
91.9992 30.7164 43.5595 7.50979 143.623
92.0992 30.6885 43.6251 7.51106 143.557
92.1992 30.6605 43.6907 7.5123 143.492
92.2992 30.6325 43.7563 7.51352 143.426
92.3992 30.6045 43.8219 7.51471 143.36
92.4992 30.5765 43.8875 7.51589 143.295
92.5992 30.5484 43.9531 7.51704 143.229
92.6992 30.5203 44.0187 7.51817 143.164
92.7992 30.4921 44.0842 7.51928 143.098
92.8992 30.4639 44.1498 7.52037 143.032
92.9992 30.4357 44.2154 7.52143 142.967
93.0992 30.4075 44.2809 7.52247 142.901
93.1992 30.3792 44.3465 7.52349 142.836
93.2991 30.3509 44.412 7.52448 142.77
93.3991 30.3225 44.4775 7.52546 142.705
93.4991 30.2942 44.5431 7.52641 142.639
93.5991 30.2658 44.6086 7.52734 142.574
93.6991 30.2373 44.6741 7.52825 142.508
93.7991 30.2089 44.7396 7.52913 142.443
93.8991 30.1804 44.8051 7.52999 142.377
93.9991 30.1518 44.8706 7.53083 142.312
94.0991 30.1233 44.9361 7.53165 142.246
94.1991 30.0947 45.0016 7.53244 142.181
94.2991 30.0661 45.067 7.53321 142.115
94.3991 30.0374 45.1325 7.53396 142.05
94.4991 30.0088 45.198 7.53469 141.984
94.5991 29.98 45.2634 7.53539 141.919
94.6991 29.9513 45.3288 7.53608 141.853
94.7991 29.9225 45.3943 7.53673 141.788
94.8991 29.8937 45.4597 7.53737 141.723
94.9991 29.8649 45.5251 7.53798 141.657
95.0991 29.8361 45.5905 7.53857 141.592
95.1991 29.8072 45.6558 7.53914 141.526
95.2991 29.7782 45.7212 7.53969 141.461
95.3991 29.7493 45.7866 7.54021 141.396
95.4991 29.7203 45.8519 7.54071 141.33
95.5991 29.6913 45.9173 7.54119 141.265
95.6991 29.6623 45.9826 7.54164 141.2
95.7991 29.6332 46.0479 7.54207 141.134
95.8991 29.6041 46.1132 7.54248 141.069
95.9991 29.575 46.1785 7.54287 141.004
96.0991 29.5458 46.2438 7.54323 140.938
96.1991 29.5167 46.3091 7.54357 140.873
96.2991 29.4875 46.3743 7.54389 140.808
96.3991 29.4582 46.4396 7.54418 140.743
96.4991 29.429 46.5048 7.54445 140.677
96.5991 29.3997 46.57 7.5447 140.612
96.6991 29.3703 46.6352 7.54493 140.547
96.7991 29.341 46.7004 7.54513 140.482
96.8991 29.3116 46.7656 7.54531 140.417
96.9991 29.2822 46.8308 7.54547 140.351
97.0991 29.2528 46.8959 7.5456 140.286
97.1991 29.2233 46.9611 7.54571 140.221
97.2991 29.1938 47.0262 7.5458 140.156
97.3991 29.1643 47.0913 7.54586 140.091
97.4991 29.1347 47.1564 7.5459 140.026
97.5991 29.1052 47.2215 7.54592 139.961
97.6991 29.0756 47.2866 7.54592 139.896
97.7991 29.0459 47.3516 7.54589 139.831
97.8991 29.0163 47.4166 7.54584 139.766
97.9991 28.9866 47.4817 7.54576 139.701
98.0991 28.9569 47.5467 7.54566 139.636
98.1991 28.9272 47.6116 7.54554 139.571
98.2991 28.8974 47.6766 7.5454 139.506
98.3991 28.8676 47.7416 7.54523 139.441
98.4991 28.8378 47.8065 7.54504 139.376
98.5991 28.8079 47.8714 7.54483 139.311
98.6991 28.7781 47.9363 7.54459 139.246
98.7991 28.7482 48.0012 7.54433 139.181
98.8991 28.7182 48.0661 7.54405 139.116
98.9991 28.6883 48.1309 7.54374 139.051
99.0991 28.6583 48.1958 7.54341 138.986
99.1991 28.6283 48.2606 7.54305 138.922
99.2991 28.5983 48.3254 7.54268 138.857
99.3991 28.5682 48.3901 7.54228 138.792
99.4991 28.5381 48.4549 7.54185 138.727
99.5991 28.508 48.5196 7.54141 138.663
99.6991 28.4779 48.5844 7.54093 138.598
99.799 28.4477 48.6491 7.54044 138.533
99.899 28.4176 48.7137 7.53992 138.468
99.999 28.3873 48.7784 7.53938 138.404
100.099 28.3571 48.843 7.53882 138.339
100.199 28.3268 48.9077 7.53823 138.275
100.299 28.2966 48.9723 7.53762 138.21
100.399 28.2662 49.0368 7.53698 138.145
100.499 28.2359 49.1014 7.53632 138.081
100.599 28.2055 49.1659 7.53564 138.016
100.699 28.1751 49.2305 7.53493 137.952
100.799 28.1447 49.295 7.5342 137.887
100.899 28.1143 49.3594 7.53345 137.823
100.999 28.0838 49.4239 7.53267 137.758
101.099 28.0533 49.4883 7.53187 137.694
101.199 28.0228 49.5527 7.53105 137.629
101.299 27.9923 49.6171 7.5302 137.565
101.399 27.9617 49.6815 7.52933 137.501
101.499 27.9311 49.7458 7.52844 137.436
101.599 27.9005 49.8101 7.52752 137.372
101.699 27.8699 49.8744 7.52657 137.308
101.799 27.8392 49.9387 7.52561 137.244
101.899 27.8086 50.003 7.52462 137.179
101.999 27.7778 50.0672 7.5236 137.115
102.099 27.7471 50.1314 7.52257 137.051
102.199 27.7164 50.1956 7.5215 136.987
102.299 27.6856 50.2597 7.52042 136.923
102.399 27.6548 50.3239 7.51931 136.858
102.499 27.6239 50.388 7.51818 136.794
102.599 27.5931 50.452 7.51702 136.73
102.699 27.5622 50.5161 7.51584 136.666
102.799 27.5313 50.5801 7.51463 136.602
102.899 27.5004 50.6441 7.51341 136.538
102.999 27.4695 50.7081 7.51215 136.474
103.099 27.4385 50.7721 7.51088 136.41
103.199 27.4075 50.836 7.50958 136.346
103.299 27.3765 50.8999 7.50825 136.282
103.399 27.3454 50.9638 7.50691 136.218
103.499 27.3144 51.0276 7.50553 136.155
103.599 27.2833 51.0914 7.50414 136.091
103.699 27.2522 51.1552 7.50272 136.027
103.799 27.2211 51.219 7.50127 135.963
103.899 27.1899 51.2827 7.49981 135.899
103.999 27.1587 51.3464 7.49831 135.836
104.099 27.1275 51.4101 7.4968 135.772
104.199 27.0963 51.4738 7.49526 135.708
104.299 27.0651 51.5374 7.49369 135.645
104.399 27.0338 51.601 7.49211 135.581
104.499 27.0025 51.6646 7.49049 135.518
104.599 26.9712 51.7281 7.48886 135.454
104.699 26.9399 51.7917 7.4872 135.391
104.799 26.9085 51.8551 7.48551 135.327
104.899 26.8771 51.9186 7.4838 135.264
104.999 26.8457 51.982 7.48207 135.2
105.099 26.8143 52.0454 7.48031 135.137
105.199 26.7829 52.1088 7.47853 135.073
105.299 26.7514 52.1721 7.47673 135.01
105.399 26.7199 52.2354 7.4749 134.947
105.499 26.6884 52.2987 7.47304 134.884
105.599 26.6569 52.362 7.47116 134.82
105.699 26.6253 52.4252 7.46926 134.757
105.799 26.5937 52.4884 7.46734 134.694
105.899 26.5621 52.5515 7.46538 134.631
105.999 26.5305 52.6146 7.46341 134.568
106.099 26.4989 52.6777 7.46141 134.505
106.199 26.4672 52.7408 7.45939 134.441
106.299 26.4355 52.8038 7.45734 134.378
106.399 26.4038 52.8668 7.45527 134.315
106.499 26.3721 52.9298 7.45317 134.252
106.599 26.3404 52.9927 7.45105 134.19
106.699 26.3086 53.0556 7.4489 134.127
106.799 26.2768 53.1184 7.44674 134.064
106.899 26.245 53.1813 7.44454 134.001
106.999 26.2132 53.2441 7.44232 133.938
107.099 26.1813 53.3068 7.44008 133.875
107.199 26.1495 53.3696 7.43781 133.813
107.299 26.1176 53.4323 7.43552 133.75
107.399 26.0857 53.4949 7.43321 133.687
107.499 26.0537 53.5576 7.43087 133.625
107.599 26.0218 53.6201 7.4285 133.562
107.699 25.9898 53.6827 7.42611 133.5
107.799 25.9578 53.7452 7.4237 133.437
107.899 25.9258 53.8077 7.42126 133.375
107.999 25.8938 53.8702 7.4188 133.312
108.099 25.8617 53.9326 7.41631 133.25
108.199 25.8297 53.995 7.4138 133.187
108.299 25.7976 54.0573 7.41127 133.125
108.399 25.7654 54.1196 7.40871 133.063
108.499 25.7333 54.1819 7.40612 133
108.599 25.7012 54.2441 7.40351 132.938
108.699 25.669 54.3063 7.40088 132.876
108.799 25.6368 54.3685 7.39822 132.814
108.899 25.6046 54.4306 7.39554 132.752
108.999 25.5724 54.4927 7.39283 132.689
109.099 25.5401 54.5548 7.3901 132.627
109.199 25.5078 54.6168 7.38734 132.565
109.299 25.4755 54.6788 7.38456 132.503
109.399 25.4432 54.7407 7.38175 132.442
109.499 25.4109 54.8026 7.37892 132.38
109.599 25.3786 54.8645 7.37607 132.318
109.699 25.3462 54.9263 7.37319 132.256
109.799 25.3138 54.9881 7.37029 132.194
109.899 25.2814 55.0498 7.36736 132.132
109.999 25.249 55.1116 7.3644 132.071
110.099 25.2165 55.1732 7.36143 132.009
110.199 25.1841 55.2349 7.35842 131.947
110.299 25.1516 55.2965 7.3554 131.886
110.399 25.1191 55.358 7.35234 131.824
110.499 25.0866 55.4195 7.34927 131.763
110.599 25.054 55.481 7.34617 131.701
110.699 25.0215 55.5424 7.34304 131.64
110.799 24.9889 55.6038 7.33989 131.578
110.899 24.9563 55.6652 7.33671 131.517
110.999 24.9237 55.7265 7.33351 131.456
111.099 24.8911 55.7877 7.33029 131.394
111.199 24.8584 55.849 7.32704 131.333
111.299 24.8257 55.9101 7.32377 131.272
111.399 24.7931 55.9713 7.32047 131.211
111.499 24.7604 56.0324 7.31714 131.15
111.599 24.7276 56.0935 7.3138 131.089
111.699 24.6949 56.1545 7.31042 131.028
111.799 24.6621 56.2154 7.30703 130.967
111.899 24.6294 56.2764 7.3036 130.906
111.999 24.5966 56.3373 7.30016 130.845
112.099 24.5638 56.3981 7.29668 130.784
112.199 24.5309 56.4589 7.29319 130.723
112.299 24.4981 56.5197 7.28967 130.663
112.399 24.4652 56.5804 7.28612 130.602
112.499 24.4323 56.6411 7.28255 130.541
112.599 24.3994 56.7017 7.27895 130.481
112.699 24.3665 56.7623 7.27533 130.42
112.799 24.3336 56.8228 7.27169 130.359
112.899 24.3006 56.8833 7.26802 130.299
112.999 24.2676 56.9438 7.26432 130.238
113.099 24.2347 57.0042 7.2606 130.178
113.199 24.2017 57.0646 7.25686 130.118
113.299 24.1686 57.1249 7.25309 130.057
113.399 24.1356 57.1851 7.24929 129.997
113.499 24.1025 57.2454 7.24547 129.937
113.599 24.0695 57.3056 7.24163 129.877
113.699 24.0364 57.3657 7.23776 129.817
113.799 24.0033 57.4258 7.23386 129.756
113.899 23.9701 57.4858 7.22995 129.696
113.999 23.937 57.5458 7.226 129.636
114.099 23.9038 57.6058 7.22203 129.576
114.199 23.8707 57.6657 7.21804 129.517
114.299 23.8375 57.7255 7.21402 129.457
114.399 23.8043 57.7853 7.20998 129.397
114.499 23.771 57.8451 7.20591 129.337
114.599 23.7378 57.9048 7.20182 129.277
114.699 23.7045 57.9645 7.1977 129.218
114.799 23.6712 58.0241 7.19356 129.158
114.899 23.638 58.0837 7.18939 129.099
114.999 23.6046 58.1432 7.1852 129.039
115.099 23.5713 58.2027 7.18098 128.98
115.199 23.538 58.2621 7.17674 128.92
115.299 23.5046 58.3215 7.17247 128.861
115.399 23.4712 58.3808 7.16818 128.801
115.499 23.4379 58.4401 7.16386 128.742
115.599 23.4045 58.4993 7.15952 128.683
115.699 23.371 58.5585 7.15516 128.624
115.799 23.3376 58.6176 7.15076 128.565
115.899 23.3041 58.6767 7.14635 128.506
115.999 23.2707 58.7357 7.14191 128.446
116.099 23.2372 58.7947 7.13744 128.388
116.199 23.2037 58.8536 7.13295 128.329
116.299 23.1702 58.9125 7.12843 128.27
116.399 23.1366 58.9713 7.12389 128.211
116.499 23.1031 59.0301 7.11933 128.152
116.599 23.0695 59.0888 7.11474 128.093
116.699 23.0359 59.1475 7.11012 128.035
116.799 23.0023 59.2061 7.10548 127.976
116.899 22.9687 59.2647 7.10081 127.918
116.999 22.9351 59.3232 7.09612 127.859
117.099 22.9014 59.3817 7.09141 127.801
117.199 22.8678 59.4401 7.08667 127.742
117.299 22.8341 59.4985 7.0819 127.684
117.399 22.8004 59.5568 7.07711 127.625
117.499 22.7667 59.6151 7.0723 127.567
117.599 22.733 59.6733 7.06746 127.509
117.699 22.6993 59.7314 7.06259 127.451
117.799 22.6655 59.7895 7.0577 127.393
117.899 22.6317 59.8476 7.05279 127.335
117.999 22.598 59.9056 7.04785 127.277
118.099 22.5642 59.9635 7.04288 127.219
118.199 22.5304 60.0214 7.03789 127.161
118.299 22.4965 60.0792 7.03288 127.103
118.399 22.4627 60.137 7.02784 127.045
118.499 22.4288 60.1947 7.02277 126.988
118.599 22.395 60.2524 7.01768 126.93
118.699 22.3611 60.31 7.01257 126.872
118.799 22.3272 60.3675 7.00743 126.815
118.899 22.2933 60.425 7.00226 126.757
118.999 22.2593 60.4825 6.99708 126.7
119.099 22.2254 60.5399 6.99186 126.642
119.199 22.1914 60.5972 6.98662 126.585
119.299 22.1575 60.6545 6.98136 126.528
119.399 22.1235 60.7117 6.97607 126.471
119.499 22.0895 60.7689 6.97076 126.413
119.599 22.0554 60.826 6.96542 126.356
119.699 22.0214 60.883 6.96005 126.299
119.799 21.9874 60.94 6.95467 126.242
119.899 21.9533 60.997 6.94925 126.185
119.999 21.9192 61.0539 6.94381 126.128
120.099 21.8852 61.1107 6.93835 126.072
120.199 21.8511 61.1675 6.93286 126.015
120.299 21.8169 61.2242 6.92735 125.958
120.399 21.7828 61.2808 6.92181 125.901
120.499 21.7487 61.3374 6.91625 125.845
120.599 21.7145 61.3939 6.91066 125.788
120.699 21.6803 61.4504 6.90505 125.732
120.799 21.6461 61.5068 6.89941 125.675
120.899 21.6119 61.5632 6.89375 125.619
120.999 21.5777 61.6195 6.88806 125.563
121.099 21.5435 61.6757 6.88235 125.506
121.199 21.5093 61.7319 6.87661 125.45
121.299 21.475 61.7881 6.87085 125.394
121.399 21.4407 61.8441 6.86506 125.338
121.499 21.4065 61.9001 6.85925 125.282
121.599 21.3722 61.9561 6.85342 125.226
121.699 21.3379 62.012 6.84755 125.17
121.799 21.3035 62.0678 6.84167 125.114
121.899 21.2692 62.1235 6.83576 125.059
121.999 21.2349 62.1793 6.82982 125.003
122.099 21.2005 62.2349 6.82386 124.947
122.199 21.1661 62.2905 6.81788 124.892
122.299 21.1317 62.346 6.81187 124.836
122.399 21.0973 62.4015 6.80583 124.781
122.499 21.0629 62.4569 6.79977 124.725
122.599 21.0285 62.5122 6.79369 124.67
122.699 20.994 62.5675 6.78758 124.615
122.799 20.9596 62.6227 6.78144 124.56
122.899 20.9251 62.6778 6.77528 124.504
122.999 20.8906 62.7329 6.7691 124.449
123.099 20.8561 62.788 6.76289 124.394
123.199 20.8216 62.8429 6.75666 124.339
123.299 20.7871 62.8978 6.7504 124.284
123.399 20.7526 62.9527 6.74412 124.23
123.499 20.718 63.0074 6.73781 124.175
123.599 20.6835 63.0622 6.73148 124.12
123.699 20.6489 63.1168 6.72512 124.065
123.799 20.6143 63.1714 6.71874 124.011
123.899 20.5797 63.2259 6.71233 123.956
123.999 20.5451 63.2804 6.7059 123.902
124.099 20.5105 63.3348 6.69944 123.847
124.199 20.4759 63.3891 6.69296 123.793
124.299 20.4412 63.4434 6.68646 123.739
124.399 20.4066 63.4976 6.67993 123.685
124.499 20.3719 63.5517 6.67337 123.631
124.599 20.3372 63.6058 6.66679 123.576
124.699 20.3025 63.6598 6.66019 123.522
124.799 20.2678 63.7137 6.65356 123.469
124.899 20.2331 63.7676 6.64691 123.415
124.999 20.1984 63.8214 6.64023 123.361
125.099 20.1636 63.8751 6.63353 123.307
125.199 20.1288 63.9288 6.6268 123.253
125.299 20.0941 63.9824 6.62005 123.2
125.399 20.0593 64.036 6.61327 123.146
125.499 20.0245 64.0895 6.60647 123.093
125.599 19.9897 64.1429 6.59965 123.039
125.699 19.9549 64.1962 6.5928 122.986
125.799 19.92 64.2495 6.58592 122.933
125.899 19.8852 64.3027 6.57902 122.88
125.999 19.8504 64.3559 6.5721 122.826
126.099 19.8155 64.4089 6.56515 122.773
126.199 19.7806 64.4619 6.55818 122.72
126.299 19.7457 64.5149 6.55118 122.667
126.399 19.7108 64.5678 6.54416 122.614
126.499 19.6759 64.6206 6.53711 122.562
126.599 19.641 64.6733 6.53004 122.509
126.699 19.606 64.726 6.52294 122.456
126.799 19.5711 64.7786 6.51583 122.404
126.899 19.5361 64.8311 6.50868 122.351
126.999 19.5012 64.8836 6.50151 122.299
127.099 19.4662 64.936 6.49432 122.246
127.199 19.4312 64.9883 6.4871 122.194
127.299 19.3962 65.0406 6.47986 122.142
127.399 19.3612 65.0927 6.47259 122.089
127.499 19.3261 65.1449 6.4653 122.037
127.599 19.2911 65.1969 6.45799 121.985
127.699 19.2561 65.2489 6.45065 121.933
127.799 19.221 65.3008 6.44328 121.881
127.899 19.1859 65.3526 6.4359 121.83
127.999 19.1508 65.4044 6.42848 121.778
128.099 19.1157 65.4561 6.42105 121.726
128.199 19.0806 65.5077 6.41358 121.674
128.299 19.0455 65.5593 6.4061 121.623
128.399 19.0104 65.6108 6.39859 121.571
128.499 18.9752 65.6622 6.39105 121.52
128.599 18.9401 65.7135 6.38349 121.469
128.699 18.9049 65.7648 6.37591 121.417
128.799 18.8697 65.816 6.3683 121.366
128.899 18.8346 65.8672 6.36067 121.315
128.999 18.7994 65.9182 6.35302 121.264
129.099 18.7641 65.9692 6.34534 121.213
129.199 18.7289 66.0201 6.33763 121.162
129.299 18.6937 66.071 6.3299 121.111
129.399 18.6585 66.1217 6.32215 121.06
129.499 18.6232 66.1724 6.31438 121.01
129.599 18.5879 66.2231 6.30658 120.959
129.699 18.5527 66.2736 6.29875 120.909
129.799 18.5174 66.3241 6.2909 120.858
129.899 18.4821 66.3745 6.28303 120.808
129.999 18.4468 66.4248 6.27513 120.757
130.099 18.4115 66.4751 6.26721 120.707
130.199 18.3762 66.5253 6.25927 120.657
130.299 18.3408 66.5754 6.2513 120.607
130.399 18.3055 66.6254 6.2433 120.557
130.499 18.2701 66.6754 6.23529 120.507
130.599 18.2347 66.7253 6.22725 120.457
130.699 18.1994 66.7751 6.21918 120.407
130.799 18.164 66.8248 6.21109 120.357
130.899 18.1286 66.8745 6.20298 120.308
130.999 18.0932 66.9241 6.19484 120.258
131.099 18.0578 66.9736 6.18668 120.209
131.199 18.0223 67.023 6.1785 120.159
131.299 17.9869 67.0724 6.17029 120.11
131.399 17.9514 67.1217 6.16206 120.061
131.499 17.916 67.1709 6.1538 120.011
131.599 17.8805 67.22 6.14552 119.962
131.699 17.845 67.2691 6.13722 119.913
131.799 17.8095 67.318 6.12889 119.864
131.899 17.774 67.3669 6.12054 119.815
131.999 17.7385 67.4158 6.11217 119.766
132.099 17.703 67.4645 6.10377 119.718
132.199 17.6675 67.5132 6.09534 119.669
132.299 17.632 67.5618 6.0869 119.62
132.399 17.5964 67.6103 6.07843 119.572
132.499 17.5608 67.6588 6.06994 119.523
132.599 17.5253 67.7071 6.06142 119.475
132.699 17.4897 67.7554 6.05288 119.427
132.799 17.4541 67.8036 6.04431 119.379
132.899 17.4185 67.8518 6.03573 119.33
132.999 17.3829 67.8998 6.02712 119.282
133.099 17.3473 67.9478 6.01848 119.234
133.199 17.3117 67.9957 6.00982 119.187
133.299 17.276 68.0435 6.00114 119.139
133.399 17.2404 68.0913 5.99244 119.091
133.499 17.2047 68.1389 5.98371 119.043
133.599 17.1691 68.1865 5.97496 118.996
133.699 17.1334 68.234 5.96618 118.948
133.799 17.0977 68.2815 5.95738 118.901
133.899 17.062 68.3288 5.94856 118.853
133.999 17.0263 68.3761 5.93971 118.806
134.099 16.9906 68.4233 5.93085 118.759
134.199 16.9549 68.4704 5.92195 118.712
134.299 16.9192 68.5174 5.91304 118.665
134.399 16.8834 68.5643 5.9041 118.618
134.499 16.8477 68.6112 5.89514 118.571
134.599 16.8119 68.658 5.88615 118.524
134.699 16.7762 68.7047 5.87714 118.478
134.799 16.7404 68.7513 5.86811 118.431
134.899 16.7046 68.7979 5.85906 118.384
134.999 16.6688 68.8443 5.84998 118.338
135.099 16.633 68.8907 5.84088 118.291
135.199 16.5972 68.937 5.83176 118.245
135.299 16.5614 68.9833 5.82261 118.199
135.399 16.5255 69.0294 5.81344 118.153
135.499 16.4897 69.0755 5.80425 118.107
135.599 16.4539 69.1214 5.79503 118.061
135.699 16.418 69.1673 5.78579 118.015
135.799 16.3821 69.2131 5.77653 117.969
135.899 16.3463 69.2589 5.76724 117.923
135.999 16.3104 69.3045 5.75794 117.878
136.099 16.2745 69.3501 5.7486 117.832
136.199 16.2386 69.3956 5.73925 117.787
136.299 16.2027 69.441 5.72987 117.741
136.399 16.1668 69.4863 5.72047 117.696
136.499 16.1308 69.5315 5.71105 117.651
136.599 16.0949 69.5767 5.70161 117.606
136.699 16.059 69.6217 5.69214 117.56
136.799 16.023 69.6667 5.68265 117.515
136.899 15.9871 69.7116 5.67314 117.471
136.999 15.9511 69.7565 5.6636 117.426
137.099 15.9151 69.8012 5.65404 117.381
137.199 15.8791 69.8458 5.64446 117.336
137.299 15.8431 69.8904 5.63486 117.292
137.399 15.8071 69.9349 5.62523 117.247
137.499 15.7711 69.9793 5.61558 117.203
137.599 15.7351 70.0236 5.60591 117.159
137.699 15.6991 70.0678 5.59622 117.114
137.799 15.663 70.112 5.5865 117.07
137.899 15.627 70.156 5.57676 117.026
137.999 15.591 70.2 5.567 116.982
138.099 15.5549 70.2439 5.55722 116.938
138.199 15.5188 70.2877 5.54741 116.895
138.299 15.4828 70.3314 5.53759 116.851
138.399 15.4467 70.375 5.52774 116.807
138.499 15.4106 70.4186 5.51786 116.764
138.599 15.3745 70.4621 5.50797 116.72
138.699 15.3384 70.5054 5.49805 116.677
138.799 15.3023 70.5487 5.48811 116.634
138.899 15.2661 70.5919 5.47815 116.59
138.999 15.23 70.635 5.46817 116.547
139.099 15.1939 70.6781 5.45816 116.504
139.199 15.1577 70.721 5.44813 116.461
139.299 15.1216 70.7639 5.43808 116.418
139.399 15.0854 70.8066 5.42801 116.376
139.499 15.0492 70.8493 5.41792 116.333
139.599 15.013 70.8919 5.4078 116.29
139.699 14.9769 70.9344 5.39766 116.248
139.799 14.9407 70.9768 5.3875 116.205
139.899 14.9045 71.0192 5.37732 116.163
139.999 14.8682 71.0614 5.36712 116.121
140.099 14.832 71.1036 5.35689 116.079
140.199 14.7958 71.1457 5.34665 116.037
140.299 14.7596 71.1876 5.33638 115.995
140.399 14.7233 71.2295 5.32609 115.953
140.499 14.6871 71.2713 5.31578 115.911
140.599 14.6508 71.3131 5.30544 115.869
140.699 14.6146 71.3547 5.29509 115.828
140.799 14.5783 71.3962 5.28471 115.786
140.899 14.542 71.4377 5.27431 115.745
140.999 14.5057 71.479 5.26389 115.703
141.099 14.4694 71.5203 5.25345 115.662
141.199 14.4331 71.5615 5.24299 115.621
141.299 14.3968 71.6026 5.2325 115.58
141.399 14.3605 71.6436 5.22199 115.539
141.499 14.3242 71.6845 5.21147 115.498
141.599 14.2879 71.7253 5.20092 115.457
141.699 14.2515 71.7661 5.19035 115.416
141.799 14.2152 71.8067 5.17976 115.376
141.899 14.1788 71.8473 5.16914 115.335
141.999 14.1425 71.8877 5.15851 115.294
142.099 14.1061 71.9281 5.14785 115.254
142.199 14.0697 71.9684 5.13718 115.214
142.299 14.0334 72.0086 5.12648 115.174
142.399 13.997 72.0487 5.11576 115.134
142.499 13.9606 72.0887 5.10502 115.094
142.6 13.9242 72.1286 5.09426 115.054
142.7 13.8878 72.1685 5.08348 115.014
142.8 13.8513 72.2082 5.07268 114.974
142.9 13.8149 72.2479 5.06185 114.934
143 13.7785 72.2874 5.05101 114.895
143.1 13.7421 72.3269 5.04014 114.855
143.2 13.7056 72.3663 5.02926 114.816
143.3 13.6692 72.4055 5.01835 114.777
143.4 13.6327 72.4447 5.00742 114.738
143.5 13.5962 72.4838 4.99647 114.698
143.6 13.5598 72.5228 4.9855 114.659
143.7 13.5233 72.5617 4.97451 114.62
143.8 13.4868 72.6006 4.9635 114.582
143.9 13.4503 72.6393 4.95247 114.543
144 13.4138 72.6779 4.94142 114.504
144.1 13.3773 72.7165 4.93035 114.466
144.2 13.3408 72.7549 4.91925 114.427
144.3 13.3043 72.7933 4.90814 114.389
144.4 13.2678 72.8316 4.89701 114.351
144.5 13.2312 72.8697 4.88585 114.313
144.6 13.1947 72.9078 4.87468 114.274
144.7 13.1582 72.9458 4.86348 114.236
144.8 13.1216 72.9837 4.85227 114.199
144.9 13.085 73.0215 4.84103 114.161
145 13.0485 73.0592 4.82978 114.123
145.1 13.0119 73.0968 4.8185 114.085
145.2 12.9753 73.1343 4.8072 114.048
145.3 12.9388 73.1717 4.79589 114.01
145.4 12.9022 73.2091 4.78455 113.973
145.5 12.8656 73.2463 4.7732 113.936
145.6 12.829 73.2834 4.76182 113.899
145.7 12.7924 73.3205 4.75043 113.862
145.8 12.7557 73.3574 4.73901 113.825
145.9 12.7191 73.3943 4.72757 113.788
146 12.6825 73.431 4.71612 113.751
146.1 12.6459 73.4677 4.70464 113.715
146.2 12.6092 73.5043 4.69315 113.678
146.3 12.5726 73.5408 4.68163 113.641
146.4 12.5359 73.5771 4.6701 113.605
146.5 12.4993 73.6134 4.65854 113.569
146.6 12.4626 73.6496 4.64697 113.533
146.7 12.4259 73.6857 4.63538 113.497
146.8 12.3893 73.7217 4.62377 113.461
146.9 12.3526 73.7576 4.61213 113.425
147 12.3159 73.7934 4.60048 113.389
147.1 12.2792 73.8291 4.58881 113.353
147.2 12.2425 73.8647 4.57712 113.317
147.3 12.2058 73.9003 4.56541 113.282
147.4 12.1691 73.9357 4.55368 113.247
147.5 12.1324 73.971 4.54193 113.211
147.6 12.0956 74.0062 4.53017 113.176
147.7 12.0589 74.0414 4.51838 113.141
147.8 12.0222 74.0764 4.50657 113.106
147.9 11.9854 74.1113 4.49475 113.071
148 11.9487 74.1462 4.48291 113.036
148.1 11.9119 74.1809 4.47104 113.001
148.2 11.8752 74.2156 4.45916 112.967
148.3 11.8384 74.2501 4.44726 112.932
148.4 11.8016 74.2846 4.43534 112.898
148.5 11.7649 74.3189 4.4234 112.863
148.6 11.7281 74.3532 4.41145 112.829
148.7 11.6913 74.3873 4.39947 112.795
148.8 11.6545 74.4214 4.38748 112.761
148.9 11.6177 74.4553 4.37546 112.727
149 11.5809 74.4892 4.36343 112.693
149.1 11.5441 74.523 4.35138 112.659
149.2 11.5073 74.5566 4.33931 112.626
149.3 11.4705 74.5902 4.32722 112.592
149.4 11.4336 74.6237 4.31512 112.559
149.5 11.3968 74.657 4.30299 112.525
149.6 11.36 74.6903 4.29085 112.492
149.7 11.3231 74.7235 4.27869 112.459
149.8 11.2863 74.7566 4.26651 112.426
149.9 11.2494 74.7895 4.25431 112.393
150 11.2126 74.8224 4.2421 112.36
150.1 11.1757 74.8552 4.22986 112.327
150.2 11.1388 74.8879 4.21761 112.294
150.3 11.102 74.9205 4.20534 112.262
150.4 11.0651 74.9529 4.19305 112.229
150.5 11.0282 74.9853 4.18075 112.197
150.6 10.9913 75.0176 4.16843 112.165
150.7 10.9544 75.0498 4.15608 112.132
150.8 10.9175 75.0819 4.14372 112.1
150.9 10.8806 75.1138 4.13135 112.068
151 10.8437 75.1457 4.11895 112.037
151.1 10.8068 75.1775 4.10654 112.005
151.2 10.7698 75.2092 4.09411 111.973
151.3 10.7329 75.2407 4.08166 111.941
151.4 10.696 75.2722 4.0692 111.91
151.5 10.6591 75.3036 4.05671 111.879
151.6 10.6221 75.3349 4.04421 111.847
151.7 10.5852 75.3661 4.0317 111.816
151.8 10.5482 75.3971 4.01916 111.785
151.9 10.5113 75.4281 4.00661 111.754
152 10.4743 75.459 3.99404 111.723
152.1 10.4373 75.4898 3.98145 111.692
152.2 10.4004 75.5204 3.96885 111.662
152.3 10.3634 75.551 3.95623 111.631
152.4 10.3264 75.5815 3.94359 111.601
152.5 10.2894 75.6118 3.93093 111.57
152.6 10.2524 75.6421 3.91826 111.54
152.7 10.2154 75.6723 3.90557 111.51
152.8 10.1784 75.7023 3.89286 111.48
152.9 10.1414 75.7323 3.88014 111.45
153 10.1044 75.7621 3.8674 111.42
153.1 10.0674 75.7919 3.85465 111.39
153.2 10.0304 75.8215 3.84187 111.361
153.3 9.99335 75.8511 3.82908 111.331
153.4 9.95632 75.8805 3.81628 111.302
153.5 9.91929 75.9099 3.80345 111.272
153.6 9.88225 75.9391 3.79061 111.243
153.7 9.84521 75.9683 3.77776 111.214
153.8 9.80816 75.9973 3.76488 111.185
153.9 9.77111 76.0262 3.752 111.156
154 9.73405 76.0551 3.73909 111.127
154.1 9.69699 76.0838 3.72617 111.098
154.2 9.65992 76.1124 3.71323 111.07
154.3 9.62285 76.1409 3.70028 111.041
154.4 9.58578 76.1694 3.68731 111.013
154.5 9.5487 76.1977 3.67432 110.985
154.6 9.51161 76.2259 3.66132 110.956
154.7 9.47453 76.254 3.6483 110.928
154.8 9.43743 76.282 3.63527 110.9
154.9 9.40034 76.3099 3.62222 110.872
155 9.36324 76.3377 3.60915 110.845
155.1 9.32613 76.3654 3.59607 110.817
155.2 9.28902 76.393 3.58298 110.789
155.3 9.25191 76.4205 3.56986 110.762
155.4 9.21479 76.4479 3.55674 110.734
155.5 9.17767 76.4751 3.54359 110.707
155.6 9.14054 76.5023 3.53043 110.68
155.7 9.10341 76.5294 3.51726 110.653
155.8 9.06627 76.5563 3.50407 110.626
155.9 9.02913 76.5832 3.49086 110.599
156 8.99199 76.61 3.47764 110.572
156.1 8.95484 76.6366 3.46441 110.546
156.2 8.91769 76.6632 3.45116 110.519
156.3 8.88054 76.6896 3.43789 110.493
156.4 8.84338 76.7159 3.42461 110.466
156.5 8.80621 76.7422 3.41131 110.44
156.6 8.76904 76.7683 3.398 110.414
156.7 8.73187 76.7943 3.38468 110.388
156.8 8.69469 76.8202 3.37133 110.362
156.9 8.65751 76.846 3.35798 110.336
157 8.62033 76.8717 3.34461 110.31
157.1 8.58314 76.8973 3.33122 110.285
157.2 8.54595 76.9228 3.31782 110.259
157.3 8.50875 76.9482 3.30441 110.234
157.4 8.47155 76.9735 3.29098 110.209
157.5 8.43435 76.9987 3.27754 110.184
157.6 8.39714 77.0238 3.26408 110.158
157.7 8.35993 77.0487 3.25061 110.133
157.8 8.32272 77.0736 3.23712 110.109
157.9 8.2855 77.0983 3.22362 110.084
158 8.24828 77.123 3.2101 110.059
158.1 8.21105 77.1475 3.19657 110.035
158.2 8.17382 77.172 3.18303 110.01
158.3 8.13658 77.1963 3.16947 109.986
158.4 8.09935 77.2205 3.1559 109.962
158.5 8.06211 77.2446 3.14232 109.938
158.6 8.02486 77.2686 3.12872 109.914
158.7 7.98761 77.2925 3.1151 109.89
158.8 7.95036 77.3163 3.10148 109.866
158.9 7.9131 77.34 3.08784 109.842
159.001 7.87584 77.3636 3.07418 109.819
159.101 7.83858 77.3871 3.06051 109.795
159.201 7.80131 77.4104 3.04683 109.772
159.301 7.76404 77.4337 3.03314 109.749
159.401 7.72677 77.4569 3.01943 109.725
159.501 7.68949 77.4799 3.00571 109.702
159.601 7.65221 77.5028 2.99197 109.679
159.701 7.61493 77.5257 2.97822 109.657
159.801 7.57764 77.5484 2.96446 109.634
159.901 7.54035 77.571 2.95069 109.611
160.001 7.50305 77.5935 2.9369 109.589
160.101 7.46576 77.6159 2.9231 109.566
160.201 7.42845 77.6382 2.90928 109.544
160.301 7.39115 77.6604 2.89546 109.522
160.401 7.35384 77.6825 2.88162 109.5
160.501 7.31653 77.7044 2.86776 109.478
160.601 7.27922 77.7263 2.8539 109.456
160.701 7.2419 77.7481 2.84002 109.434
160.801 7.20458 77.7697 2.82613 109.413
160.901 7.16725 77.7912 2.81223 109.391
161.001 7.12993 77.8127 2.79831 109.37
161.101 7.09259 77.834 2.78438 109.348
161.201 7.05526 77.8552 2.77044 109.327
161.301 7.01792 77.8763 2.75649 109.306
161.401 6.98058 77.8973 2.74252 109.285
161.501 6.94324 77.9182 2.72855 109.264
161.601 6.90589 77.939 2.71456 109.243
161.701 6.86854 77.9596 2.70056 109.223
161.801 6.83119 77.9802 2.68654 109.202
161.901 6.79384 78.0006 2.67252 109.182
162.001 6.75648 78.021 2.65848 109.161
162.101 6.71911 78.0412 2.64443 109.141
162.201 6.68175 78.0613 2.63037 109.121
162.301 6.64438 78.0813 2.61629 109.101
162.401 6.60701 78.1013 2.60221 109.081
162.501 6.56964 78.121 2.58811 109.061
162.601 6.53226 78.1407 2.57401 109.041
162.701 6.49488 78.1603 2.55989 109.022
162.801 6.4575 78.1798 2.54575 109.002
162.901 6.42011 78.1991 2.53161 108.983
163.001 6.38272 78.2184 2.51746 108.964
163.101 6.34533 78.2375 2.50329 108.945
163.201 6.30794 78.2566 2.48912 108.926
163.301 6.27054 78.2755 2.47493 108.907
163.401 6.23314 78.2943 2.46073 108.888
163.501 6.19574 78.313 2.44652 108.869
163.601 6.15833 78.3316 2.4323 108.851
163.701 6.12093 78.3501 2.41807 108.832
163.801 6.08352 78.3684 2.40383 108.814
163.901 6.0461 78.3867 2.38957 108.796
164.001 6.00869 78.4048 2.37531 108.777
164.101 5.97127 78.4229 2.36104 108.759
164.201 5.93385 78.4408 2.34675 108.741
164.301 5.89642 78.4586 2.33245 108.724
164.401 5.859 78.4763 2.31815 108.706
164.501 5.82157 78.4939 2.30383 108.688
164.601 5.78413 78.5114 2.2895 108.671
164.701 5.7467 78.5288 2.27517 108.653
164.801 5.70926 78.5461 2.26082 108.636
164.901 5.67182 78.5632 2.24646 108.619
165.001 5.63438 78.5803 2.23209 108.602
165.101 5.59694 78.5972 2.21772 108.585
165.201 5.55949 78.614 2.20333 108.568
165.301 5.52204 78.6308 2.18893 108.551
165.401 5.48459 78.6474 2.17452 108.535
165.501 5.44714 78.6639 2.16011 108.518
165.601 5.40968 78.6802 2.14568 108.502
165.701 5.37222 78.6965 2.13124 108.486
165.801 5.33476 78.7127 2.1168 108.47
165.901 5.29729 78.7287 2.10234 108.454
166.001 5.25983 78.7447 2.08787 108.438
166.101 5.22236 78.7605 2.0734 108.422
166.201 5.18489 78.7762 2.05892 108.406
166.301 5.14742 78.7918 2.04442 108.39
166.401 5.10994 78.8073 2.02992 108.375
166.501 5.07246 78.8227 2.01541 108.36
166.601 5.03498 78.8379 2.00089 108.344
166.701 4.9975 78.8531 1.98636 108.329
166.801 4.96002 78.8682 1.97182 108.314
166.901 4.92253 78.8831 1.95727 108.299
167.001 4.88504 78.8979 1.94271 108.284
167.101 4.84755 78.9126 1.92815 108.27
167.201 4.81006 78.9272 1.91357 108.255
167.301 4.77256 78.9417 1.89899 108.241
167.401 4.73506 78.9561 1.8844 108.226
167.501 4.69757 78.9704 1.8698 108.212
167.601 4.66006 78.9845 1.85519 108.198
167.701 4.62256 78.9985 1.84057 108.184
167.801 4.58506 79.0125 1.82595 108.17
167.901 4.54755 79.0263 1.81131 108.156
168.001 4.51004 79.04 1.79667 108.142
168.101 4.47253 79.0536 1.78202 108.129
168.201 4.43501 79.0671 1.76736 108.115
168.301 4.3975 79.0804 1.7527 108.102
168.401 4.35998 79.0937 1.73802 108.089
168.501 4.32246 79.1068 1.72334 108.075
168.601 4.28494 79.1199 1.70865 108.062
168.701 4.24742 79.1328 1.69395 108.049
168.801 4.20989 79.1456 1.67925 108.037
168.901 4.17237 79.1583 1.66454 108.024
169.001 4.13484 79.1709 1.64982 108.011
169.101 4.09731 79.1833 1.63509 107.999
169.201 4.05978 79.1957 1.62035 107.987
169.301 4.02224 79.2079 1.60561 107.974
169.401 3.98471 79.2201 1.59086 107.962
169.501 3.94717 79.2321 1.5761 107.95
169.601 3.90963 79.244 1.56134 107.938
169.701 3.87209 79.2558 1.54657 107.926
169.801 3.83455 79.2675 1.53179 107.915
169.901 3.797 79.2791 1.517 107.903
170.001 3.75946 79.2905 1.50221 107.892
170.101 3.72191 79.3019 1.48741 107.88
170.201 3.68436 79.3131 1.47261 107.869
170.301 3.64681 79.3242 1.45779 107.858
170.401 3.60926 79.3352 1.44298 107.847
170.501 3.5717 79.3461 1.42815 107.836
170.601 3.53415 79.3569 1.41332 107.825
170.701 3.49659 79.3675 1.39848 107.815
170.801 3.45903 79.3781 1.38363 107.804
170.901 3.42147 79.3885 1.36878 107.794
171.001 3.38391 79.3989 1.35392 107.783
171.101 3.34635 79.4091 1.33906 107.773
171.201 3.30878 79.4192 1.32419 107.763
171.301 3.27122 79.4291 1.30932 107.753
171.401 3.23365 79.439 1.29443 107.743
171.501 3.19608 79.4488 1.27955 107.733
171.601 3.15851 79.4584 1.26465 107.724
171.701 3.12094 79.468 1.24975 107.714
171.801 3.08337 79.4774 1.23485 107.705
171.901 3.04579 79.4867 1.21994 107.696
172.001 3.00822 79.4959 1.20502 107.686
172.101 2.97064 79.505 1.1901 107.677
172.201 2.93306 79.5139 1.17517 107.668
172.301 2.89548 79.5228 1.16024 107.659
172.401 2.8579 79.5315 1.1453 107.651
172.501 2.82032 79.5401 1.13036 107.642
172.601 2.78274 79.5486 1.11541 107.634
172.701 2.74515 79.557 1.10046 107.625
172.801 2.70757 79.5653 1.0855 107.617
172.901 2.66998 79.5735 1.07054 107.609
173.001 2.63239 79.5816 1.05557 107.601
173.101 2.5948 79.5895 1.04059 107.593
173.201 2.55721 79.5973 1.02562 107.585
173.301 2.51962 79.605 1.01063 107.577
173.401 2.48203 79.6126 0.995647 107.57
173.501 2.44443 79.6201 0.980656 107.562
173.601 2.40684 79.6275 0.965659 107.555
173.701 2.36924 79.6348 0.950659 107.547
173.801 2.33165 79.6419 0.935654 107.54
173.901 2.29405 79.6489 0.920645 107.533
174.001 2.25645 79.6559 0.905632 107.526
174.101 2.21885 79.6627 0.890614 107.52
174.201 2.18125 79.6694 0.875593 107.513
174.301 2.14365 79.6759 0.860567 107.506
174.401 2.10605 79.6824 0.845538 107.5
174.501 2.06844 79.6887 0.830504 107.493
174.601 2.03084 79.695 0.815467 107.487
174.701 1.99323 79.7011 0.800426 107.481
174.801 1.95563 79.7071 0.785382 107.475
174.901 1.91802 79.713 0.770334 107.469
175.001 1.88041 79.7188 0.755282 107.463
175.101 1.8428 79.7244 0.740227 107.458
175.201 1.8052 79.73 0.725169 107.452
175.301 1.76759 79.7354 0.710107 107.447
175.402 1.72997 79.7407 0.695042 107.441
175.502 1.69236 79.7459 0.679974 107.436
175.602 1.65475 79.751 0.664902 107.431
175.702 1.61714 79.756 0.649828 107.426
175.802 1.57952 79.7609 0.634751 107.421
175.902 1.54191 79.7656 0.61967 107.417
176.002 1.50429 79.7703 0.604587 107.412
176.102 1.46668 79.7748 0.589501 107.407
176.202 1.42906 79.7792 0.574413 107.403
176.302 1.39144 79.7835 0.559322 107.399
176.402 1.35383 79.7877 0.544228 107.395
176.502 1.31621 79.7917 0.529132 107.39
176.602 1.27859 79.7957 0.514033 107.387
176.702 1.24097 79.7995 0.498932 107.383
176.802 1.20335 79.8032 0.483829 107.379
176.902 1.16573 79.8068 0.468723 107.375
177.002 1.12811 79.8103 0.453615 107.372
177.102 1.09049 79.8137 0.438506 107.369
177.202 1.05287 79.817 0.423394 107.365
177.302 1.01524 79.8201 0.40828 107.362
177.402 0.977621 79.8231 0.393165 107.359
177.502 0.939998 79.8261 0.378047 107.356
177.602 0.902374 79.8289 0.362928 107.353
177.702 0.86475 79.8316 0.347807 107.351
177.802 0.827126 79.8341 0.332685 107.348
177.902 0.789501 79.8366 0.317561 107.346
178.002 0.751876 79.8389 0.302436 107.343
178.102 0.714251 79.8412 0.287309 107.341
178.202 0.676625 79.8433 0.272181 107.339
178.302 0.638999 79.8453 0.257052 107.337
178.402 0.601373 79.8472 0.241921 107.335
178.502 0.563746 79.849 0.226789 107.333
178.602 0.52612 79.8506 0.211657 107.332
178.702 0.488493 79.8522 0.196523 107.33
178.802 0.450865 79.8536 0.181389 107.329
178.902 0.413238 79.8549 0.166253 107.327
179.002 0.37561 79.8561 0.151117 107.326
179.102 0.337983 79.8572 0.135981 107.325
179.202 0.300355 79.8582 0.120843 107.324
179.302 0.262727 79.859 0.105705 107.323
179.402 0.225099 79.8598 0.0905667 107.322
179.502 0.18747 79.8604 0.0754279 107.322
179.602 0.149842 79.8609 0.0602887 107.321
179.702 0.112214 79.8613 0.0451492 107.321
179.802 0.0745853 79.8616 0.0300095 107.321
179.902 0.0369568 79.8618 0.0148697 107.32
