0 1.08697e-14 2.74044 0 155.381
0.1 0.15491 2.74047 0.00751781 155.38
0.2 0.309816 2.74057 0.0150356 155.38
0.3 0.464712 2.74073 0.0225534 155.38
0.4 0.619592 2.74097 0.0300711 155.38
0.5 0.774453 2.74126 0.0375887 155.38
0.6 0.92929 2.74163 0.0451062 155.379
0.7 1.0841 2.74206 0.0526237 155.379
0.8 1.23887 2.74255 0.060141 155.378
0.9 1.3936 2.74311 0.0676582 155.378
1 1.54829 2.74374 0.0751752 155.377
1.1 1.70293 2.74444 0.082692 155.377
1.2 1.85751 2.7452 0.0902086 155.376
1.3 2.01204 2.74602 0.097725 155.375
1.4 2.1665 2.74692 0.105241 155.374
1.5 2.32089 2.74788 0.112757 155.373
1.6 2.47521 2.7489 0.120273 155.372
1.7 2.62945 2.74999 0.127788 155.371
1.8 2.7836 2.75115 0.135303 155.37
1.9 2.93767 2.75237 0.142818 155.369
2 3.09164 2.75366 0.150332 155.367
2.1 3.24552 2.75502 0.157846 155.366
2.2 3.39929 2.75644 0.16536 155.365
2.3 3.55296 2.75792 0.172873 155.363
2.4 3.70651 2.75948 0.180386 155.361
2.5 3.85995 2.7611 0.187899 155.36
2.6 4.01326 2.76278 0.195411 155.358
2.7 4.16645 2.76454 0.202922 155.356
2.8 4.31951 2.76635 0.210433 155.355
2.9 4.47243 2.76824 0.217944 155.353
3 4.62521 2.77019 0.225454 155.351
3.1 4.77784 2.7722 0.232963 155.349
3.2 4.93033 2.77428 0.240472 155.347
3.3 5.08266 2.77643 0.24798 155.345
3.4 5.23483 2.77865 0.255488 155.342
3.5 5.38683 2.78093 0.262995 155.34
3.6 5.53867 2.78327 0.270502 155.338
3.7 5.69034 2.78568 0.278008 155.335
3.8 5.84183 2.78816 0.285513 155.333
3.9 5.99314 2.79071 0.293017 155.33
4 6.14426 2.79332 0.300521 155.328
4.1 6.29519 2.79599 0.308024 155.325
4.2 6.44593 2.79873 0.315527 155.322
4.3 6.59646 2.80154 0.323028 155.319
4.4 6.7468 2.80442 0.330529 155.317
4.5 6.89692 2.80736 0.338029 155.314
4.6 7.04684 2.81036 0.345528 155.311
4.7 7.19654 2.81343 0.353027 155.308
4.8 7.34601 2.81657 0.360524 155.304
4.9 7.49527 2.81977 0.368021 155.301
5 7.64429 2.82304 0.375517 155.298
5.1 7.79308 2.82638 0.383012 155.295
5.2 7.94163 2.82978 0.390506 155.291
5.3 8.08995 2.83324 0.397999 155.288
5.4 8.23801 2.83678 0.405491 155.284
5.5 8.38583 2.84038 0.412982 155.281
5.6 8.5334 2.84404 0.420472 155.277
5.7 8.68071 2.84777 0.427961 155.273
5.8 8.82775 2.85157 0.43545 155.269
5.9 8.97454 2.85543 0.442937 155.266
6 9.12105 2.85936 0.450423 155.262
6.1 9.26729 2.86335 0.457908 155.258
6.2 9.41326 2.86741 0.465392 155.254
6.3 9.55894 2.87153 0.472874 155.249
6.4 9.70435 2.87572 0.480356 155.245
6.5 9.84946 2.87998 0.487836 155.241
6.6 9.99429 2.8843 0.495316 155.237
6.7 10.1388 2.88869 0.502794 155.232
6.8 10.283 2.89314 0.510271 155.228
6.9 10.427 2.89766 0.517746 155.223
7 10.5706 2.90224 0.525221 155.219
7.1 10.7139 2.90689 0.532694 155.214
7.2 10.8569 2.91161 0.540166 155.209
7.3 10.9996 2.91639 0.547637 155.205
7.4 11.142 2.92124 0.555106 155.2
7.5 11.284 2.92615 0.562574 155.195
7.6 11.4258 2.93113 0.570041 155.19
7.7 11.5672 2.93617 0.577506 155.185
7.79999 11.7082 2.94128 0.58497 155.18
7.89999 11.849 2.94646 0.592433 155.175
7.99999 11.9894 2.9517 0.599894 155.169
8.09999 12.1294 2.957 0.607353 155.164
8.2 12.2691 2.96237 0.614812 155.159
8.3 12.4085 2.96781 0.622268 155.153
8.4 12.5475 2.97331 0.629724 155.148
8.5 12.6862 2.97888 0.637178 155.142
8.6 12.8245 2.98451 0.64463 155.136
8.7 12.9625 2.99021 0.652081 155.131
8.8 13.1001 2.99597 0.65953 155.125
8.9 13.2373 3.0018 0.666977 155.119
9 13.3742 3.0077 0.674423 155.113
9.1 13.5107 3.01366 0.681868 155.107
9.2 13.6468 3.01968 0.68931 155.101
9.3 13.7825 3.02577 0.696751 155.095
9.4 13.9179 3.03193 0.704191 155.089
9.5 14.0529 3.03815 0.711629 155.083
9.6 14.1875 3.04443 0.719065 155.077
9.7 14.3218 3.05079 0.726499 155.07
9.8 14.4556 3.0572 0.733932 155.064
9.9 14.5891 3.06368 0.741362 155.057
10 14.7221 3.07023 0.748791 155.051
10.1 14.8548 3.07684 0.756219 155.044
10.2 14.9871 3.08352 0.763644 155.037
10.3 15.119 3.09026 0.771068 155.031
10.4 15.2505 3.09707 0.77849 155.024
10.5 15.3816 3.10394 0.785909 155.017
10.6 15.5122 3.11088 0.793327 155.01
10.7 15.6425 3.11788 0.800744 155.003
10.8 15.7724 3.12495 0.808158 154.996
10.9 15.9019 3.13208 0.81557 154.989
11 16.0309 3.13927 0.82298 154.982
11.1 16.1595 3.14654 0.830389 154.974
11.2 16.2878 3.15386 0.837795 154.967
11.3 16.4156 3.16125 0.845199 154.96
11.4 16.543 3.16871 0.852602 154.952
11.5 16.67 3.17623 0.860002 154.945
11.6 16.7965 3.18382 0.8674 154.937
11.7 16.9226 3.19147 0.874796 154.929
11.8 17.0483 3.19918 0.88219 154.922
11.9 17.1736 3.20696 0.889582 154.914
12 17.2985 3.21481 0.896972 154.906
12.1 17.4229 3.22272 0.90436 154.898
12.2 17.5469 3.23069 0.911745 154.89
12.3 17.6705 3.23873 0.919128 154.882
12.4 17.7936 3.24684 0.926509 154.874
12.5 17.9163 3.255 0.933888 154.866
12.6 18.0385 3.26324 0.941265 154.858
12.7 18.1604 3.27153 0.948639 154.849
12.8 18.2818 3.2799 0.956011 154.841
12.9 18.4027 3.28832 0.963381 154.833
13 18.5232 3.29681 0.970749 154.824
13.1 18.6433 3.30537 0.978114 154.816
13.2 18.7629 3.31399 0.985477 154.807
13.3 18.8821 3.32267 0.992837 154.798
13.4 19.0008 3.33142 1.00019 154.79
13.5 19.1191 3.34023 1.00755 154.781
13.6 19.237 3.34911 1.0149 154.772
13.7 19.3544 3.35805 1.02225 154.763
13.8 19.4713 3.36706 1.0296 154.754
13.9 19.5879 3.37613 1.03695 154.745
14 19.7039 3.38526 1.04429 154.736
14.1 19.8195 3.39446 1.05163 154.727
14.2 19.9347 3.40372 1.05897 154.717
14.3 20.0494 3.41305 1.06631 154.708
14.4 20.1636 3.42244 1.07364 154.699
14.5 20.2774 3.43189 1.08097 154.689
14.6 20.3908 3.44141 1.0883 154.68
14.7 20.5037 3.45099 1.09562 154.67
14.8 20.6161 3.46064 1.10295 154.66
14.9 20.7281 3.47035 1.11027 154.651
15 20.8397 3.48012 1.11758 154.641
15.1 20.9507 3.48996 1.1249 154.631
15.2 21.0614 3.49986 1.13221 154.621
15.3 21.1715 3.50983 1.13952 154.611
15.4 21.2812 3.51986 1.14683 154.601
15.5 21.3905 3.52995 1.15413 154.591
15.6 21.4993 3.54011 1.16143 154.581
15.7 21.6076 3.55033 1.16873 154.571
15.8 21.7155 3.56061 1.17603 154.56
15.9 21.823 3.57096 1.18332 154.55
16 21.9299 3.58137 1.19061 154.54
16.1 22.0364 3.59185 1.1979 154.529
16.2 22.1425 3.60238 1.20518 154.519
16.3 22.2481 3.61299 1.21246 154.508
16.4 22.3532 3.62365 1.21974 154.497
16.5 22.4579 3.63438 1.22701 154.487
16.6 22.5621 3.64517 1.23429 154.476
16.7 22.6659 3.65603 1.24156 154.465
16.8 22.7692 3.66695 1.24882 154.454
16.9 22.872 3.67793 1.25609 154.443
17 22.9744 3.68898 1.26335 154.432
17.1 23.0764 3.70009 1.2706 154.421
17.2 23.1778 3.71126 1.27786 154.41
17.3 23.2789 3.72249 1.28511 154.398
17.4 23.3794 3.73379 1.29236 154.387
17.5 23.4795 3.74515 1.2996 154.376
17.6 23.5792 3.75658 1.30684 154.364
17.7 23.6784 3.76807 1.31408 154.353
17.8 23.7771 3.77962 1.32132 154.341
17.9 23.8754 3.79123 1.32855 154.33
18 23.9732 3.80291 1.33578 154.318
18.1 24.0706 3.81465 1.34301 154.306
18.2 24.1675 3.82645 1.35023 154.295
18.3 24.2639 3.83831 1.35745 154.283
18.4 24.36 3.85024 1.36466 154.271
18.5 24.4555 3.86223 1.37188 154.259
18.6 24.5506 3.87428 1.37909 154.247
18.7 24.6453 3.8864 1.38629 154.235
18.8 24.7394 3.89858 1.3935 154.222
18.9 24.8332 3.91082 1.40069 154.21
19 24.9265 3.92312 1.40789 154.198
19.1 25.0193 3.93549 1.41508 154.185
19.2 25.1117 3.94792 1.42227 154.173
19.3 25.2037 3.96041 1.42946 154.161
19.4 25.2952 3.97296 1.43664 154.148
19.5 25.3862 3.98558 1.44382 154.135
19.6 25.4768 3.99826 1.451 154.123
19.7 25.5669 4.011 1.45817 154.11
19.8 25.6567 4.0238 1.46534 154.097
19.9 25.7459 4.03667 1.4725 154.084
20 25.8347 4.04959 1.47966 154.071
20.1 25.9231 4.06258 1.48682 154.058
20.2 26.011 4.07564 1.49397 154.045
20.3 26.0985 4.08875 1.50112 154.032
20.4 26.1855 4.10193 1.50827 154.019
20.5 26.2721 4.11516 1.51541 154.006
20.6 26.3583 4.12846 1.52255 153.993
20.7 26.444 4.14182 1.52969 153.979
20.8 26.5293 4.15525 1.53682 153.966
20.9 26.6142 4.16873 1.54395 153.952
21 26.6986 4.18228 1.55108 153.939
21.1 26.7825 4.19589 1.5582 153.925
21.2 26.8661 4.20956 1.56531 153.911
21.3 26.9492 4.22329 1.57243 153.898
21.4 27.0318 4.23708 1.57954 153.884
21.5 27.1141 4.25094 1.58664 153.87
21.6 27.1959 4.26486 1.59374 153.856
21.7 27.2772 4.27883 1.60084 153.842
21.8 27.3582 4.29287 1.60794 153.828
21.9 27.4387 4.30697 1.61503 153.814
22 27.5188 4.32114 1.62211 153.8
22.1 27.5984 4.33536 1.6292 153.786
22.2 27.6777 4.34965 1.63627 153.771
22.3 27.7565 4.36399 1.64335 153.757
22.4 27.8348 4.3784 1.65042 153.743
22.5 27.9128 4.39287 1.65749 153.728
22.6 27.9903 4.4074 1.66455 153.714
22.7001 28.0674 4.42199 1.67161 153.699
22.8001 28.1441 4.43664 1.67866 153.684
22.9001 28.2204 4.45135 1.68571 153.67
23.0001 28.2963 4.46613 1.69276 153.655
23.1001 28.3717 4.48096 1.6998 153.64
23.2001 28.4467 4.49586 1.70684 153.625
23.3001 28.5213 4.51081 1.71387 153.61
23.4001 28.5955 4.52583 1.7209 153.595
23.5001 28.6693 4.54091 1.72793 153.58
23.6001 28.7427 4.55604 1.73495 153.565
23.7001 28.8156 4.57124 1.74197 153.55
23.8001 28.8882 4.5865 1.74898 153.534
23.9001 28.9603 4.60182 1.75599 153.519
24.0001 29.0321 4.6172 1.76299 153.504
24.1001 29.1034 4.63264 1.76999 153.488
24.2001 29.1743 4.64814 1.77699 153.473
24.3001 29.2448 4.6637 1.78398 153.457
24.4001 29.3149 4.67933 1.79097 153.442
24.5001 29.3846 4.69501 1.79795 153.426
24.6001 29.454 4.71075 1.80493 153.41
24.7001 29.5229 4.72655 1.8119 153.394
24.8001 29.5914 4.74241 1.81887 153.379
24.9001 29.6595 4.75834 1.82584 153.363
25.0001 29.7272 4.77432 1.8328 153.347
25.1001 29.7945 4.79036 1.83975 153.331
25.2001 29.8615 4.80646 1.84671 153.315
25.3001 29.928 4.82262 1.85365 153.298
25.4001 29.9942 4.83884 1.8606 153.282
25.5001 30.0599 4.85513 1.86753 153.266
25.6001 30.1253 4.87147 1.87447 153.25
25.7001 30.1903 4.88787 1.8814 153.233
25.8001 30.2549 4.90433 1.88832 153.217
25.9001 30.3191 4.92085 1.89524 153.2
26.0001 30.3829 4.93743 1.90216 153.184
26.1001 30.4463 4.95407 1.90907 153.167
26.2001 30.5094 4.97076 1.91597 153.15
26.3001 30.5721 4.98752 1.92287 153.133
26.4001 30.6344 5.00434 1.92977 153.117
26.5001 30.6963 5.02121 1.93666 153.1
26.6001 30.7579 5.03815 1.94355 153.083
26.7001 30.819 5.05514 1.95043 153.066
26.8001 30.8798 5.0722 1.95731 153.049
26.9001 30.9402 5.08931 1.96418 153.032
27.0001 31.0003 5.10648 1.97105 153.014
27.1001 31.06 5.12371 1.97791 152.997
27.2001 31.1193 5.141 1.98477 152.98
27.3001 31.1782 5.15835 1.99163 152.963
27.4001 31.2368 5.17575 1.99848 152.945
27.5001 31.295 5.19322 2.00532 152.928
27.6001 31.3529 5.21074 2.01216 152.91
27.7001 31.4103 5.22832 2.01899 152.893
27.8001 31.4675 5.24597 2.02582 152.875
27.9001 31.5242 5.26367 2.03265 152.857
28.0001 31.5806 5.28142 2.03947 152.84
28.1001 31.6367 5.29924 2.04628 152.822
28.2001 31.6924 5.31711 2.05309 152.804
28.3001 31.7477 5.33505 2.05989 152.786
28.4001 31.8027 5.35304 2.06669 152.768
28.5001 31.8573 5.37109 2.07349 152.75
28.6001 31.9115 5.3892 2.08028 152.732
28.7001 31.9655 5.40736 2.08706 152.714
28.8001 32.019 5.42559 2.09384 152.695
28.9001 32.0722 5.44387 2.10061 152.677
29.0001 32.1251 5.46221 2.10738 152.659
29.1001 32.1776 5.4806 2.11414 152.64
29.2001 32.2298 5.49906 2.1209 152.622
29.3001 32.2817 5.51757 2.12765 152.603
29.4001 32.3332 5.53614 2.1344 152.585
29.5001 32.3843 5.55477 2.14115 152.566
29.6001 32.4351 5.57346 2.14788 152.548
29.7001 32.4856 5.5922 2.15461 152.529
29.8001 32.5357 5.611 2.16134 152.51
29.9001 32.5855 5.62986 2.16806 152.491
30.0001 32.635 5.64877 2.17478 152.472
30.1001 32.6842 5.66775 2.18149 152.453
30.2001 32.733 5.68678 2.18819 152.434
30.3001 32.7814 5.70586 2.19489 152.415
30.4001 32.8296 5.72501 2.20159 152.396
30.5001 32.8774 5.74421 2.20828 152.377
30.6001 32.9249 5.76347 2.21496 152.358
30.7001 32.972 5.78278 2.22164 152.338
30.8001 33.0189 5.80215 2.22831 152.319
30.9001 33.0654 5.82158 2.23498 152.299
31.0001 33.1116 5.84107 2.24164 152.28
31.1001 33.1574 5.86061 2.2483 152.26
31.2001 33.203 5.88021 2.25495 152.241
31.3001 33.2482 5.89986 2.2616 152.221
31.4001 33.2931 5.91957 2.26823 152.201
31.5001 33.3377 5.93934 2.27487 152.182
31.6001 33.382 5.95917 2.2815 152.162
31.7001 33.4259 5.97905 2.28812 152.142
31.8001 33.4696 5.99898 2.29474 152.122
31.9001 33.5129 6.01898 2.30135 152.102
32.0001 33.5559 6.03903 2.30796 152.082
32.1001 33.5987 6.05913 2.31456 152.062
32.2001 33.6411 6.07929 2.32115 152.042
32.3001 33.6832 6.09951 2.32774 152.021
32.4001 33.725 6.11978 2.33432 152.001
32.5001 33.7665 6.14011 2.3409 151.981
32.6001 33.8077 6.1605 2.34747 151.96
32.7001 33.8485 6.18094 2.35404 151.94
32.8001 33.8891 6.20143 2.3606 151.92
32.9001 33.9294 6.22198 2.36715 151.899
33.0001 33.9694 6.24259 2.3737 151.878
33.1001 34.0091 6.26325 2.38024 151.858
33.2001 34.0485 6.28397 2.38678 151.837
33.3001 34.0876 6.30474 2.39331 151.816
33.4001 34.1264 6.32557 2.39983 151.795
33.5001 34.1649 6.34646 2.40635 151.775
33.6001 34.2031 6.3674 2.41286 151.754
33.7001 34.2411 6.38839 2.41937 151.733
33.8001 34.2787 6.40944 2.42587 151.712
33.9001 34.316 6.43054 2.43237 151.69
34.0001 34.3531 6.4517 2.43885 151.669
34.1001 34.3899 6.47291 2.44534 151.648
34.2001 34.4264 6.49418 2.45181 151.627
34.3 34.4626 6.51551 2.45828 151.605
34.4 34.4985 6.53688 2.46475 151.584
34.5 34.5342 6.55832 2.47121 151.563
34.6 34.5695 6.5798 2.47766 151.541
34.7 34.6046 6.60134 2.48411 151.52
34.8 34.6394 6.62294 2.49055 151.498
34.9 34.674 6.64459 2.49698 151.476
35 34.7082 6.66629 2.50341 151.455
35.1 34.7422 6.68805 2.50983 151.433
35.2 34.7759 6.70986 2.51624 151.411
35.3 34.8093 6.73173 2.52265 151.389
35.4 34.8425 6.75365 2.52906 151.367
35.5 34.8754 6.77562 2.53545 151.345
35.6 34.908 6.79765 2.54184 151.323
35.7 34.9404 6.81973 2.54823 151.301
35.8 34.9725 6.84187 2.5546 151.279
35.9 35.0043 6.86406 2.56097 151.257
36 35.0359 6.8863 2.56734 151.235
36.1 35.0672 6.9086 2.5737 151.212
36.2 35.0982 6.93095 2.58005 151.19
36.3 35.129 6.95335 2.58639 151.168
36.4 35.1595 6.97581 2.59273 151.145
36.5 35.1897 6.99832 2.59907 151.123
36.6 35.2197 7.02088 2.60539 151.1
36.7 35.2494 7.04349 2.61171 151.077
36.8 35.2789 7.06616 2.61803 151.055
36.9 35.3081 7.08889 2.62433 151.032
37 35.3371 7.11166 2.63063 151.009
37.1 35.3658 7.13449 2.63693 150.986
37.2 35.3943 7.15737 2.64321 150.964
37.3 35.4225 7.1803 2.64949 150.941
37.4 35.4505 7.20329 2.65577 150.918
37.5 35.4782 7.22632 2.66203 150.895
37.6 35.5056 7.24941 2.6683 150.872
37.7 35.5329 7.27256 2.67455 150.848
37.8 35.5598 7.29575 2.6808 150.825
37.9 35.5866 7.319 2.68704 150.802
38 35.613 7.3423 2.69327 150.779
38.1 35.6393 7.36565 2.6995 150.755
38.2 35.6653 7.38905 2.70572 150.732
38.3 35.691 7.41251 2.71193 150.708
38.4 35.7166 7.43602 2.71814 150.685
38.5 35.7418 7.45958 2.72434 150.661
38.6 35.7669 7.48319 2.73053 150.638
38.7 35.7917 7.50685 2.73672 150.614
38.8 35.8162 7.53056 2.7429 150.59
38.9 35.8406 7.55433 2.74907 150.567
39 35.8647 7.57815 2.75524 150.543
39.1 35.8885 7.60202 2.7614 150.519
39.2 35.9122 7.62594 2.76755 150.495
39.3 35.9356 7.64991 2.77369 150.471
39.4 35.9587 7.67393 2.77983 150.447
39.5 35.9817 7.698 2.78596 150.423
39.6 36.0044 7.72213 2.79209 150.399
39.7 36.0269 7.7463 2.7982 150.375
39.8 36.0491 7.77053 2.80431 150.35
39.9 36.0712 7.79481 2.81042 150.326
40 36.093 7.81914 2.81651 150.302
40.1 36.1146 7.84351 2.8226 150.277
40.2 36.1359 7.86794 2.82868 150.253
40.3 36.1571 7.89242 2.83476 150.229
40.4 36.178 7.91695 2.84083 150.204
40.5 36.1987 7.94153 2.84689 150.179
40.6 36.2192 7.96616 2.85294 150.155
40.7 36.2394 7.99085 2.85899 150.13
40.7999 36.2595 8.01558 2.86503 150.105
40.8999 36.2793 8.04036 2.87106 150.081
40.9999 36.2989 8.06519 2.87708 150.056
41.0999 36.3183 8.09007 2.8831 150.031
41.1999 36.3375 8.115 2.88911 150.006
41.2999 36.3565 8.13998 2.89511 149.981
41.3999 36.3753 8.16501 2.90111 149.956
41.4999 36.3938 8.19009 2.9071 149.931
41.5999 36.4121 8.21522 2.91308 149.906
41.6999 36.4303 8.2404 2.91905 149.881
41.7999 36.4482 8.26563 2.92502 149.855
41.8999 36.4659 8.29091 2.93098 149.83
41.9999 36.4834 8.31623 2.93693 149.805
42.0999 36.5007 8.34161 2.94287 149.779
42.1999 36.5178 8.36703 2.94881 149.754
42.2999 36.5347 8.39251 2.95474 149.728
42.3999 36.5514 8.41803 2.96066 149.703
42.4999 36.5679 8.4436 2.96657 149.677
42.5999 36.5842 8.46922 2.97248 149.652
42.6999 36.6003 8.49489 2.97838 149.626
42.7999 36.6161 8.52061 2.98427 149.6
42.8999 36.6318 8.54638 2.99016 149.575
42.9999 36.6473 8.57219 2.99603 149.549
43.0999 36.6626 8.59805 3.0019 149.523
43.1999 36.6777 8.62396 3.00776 149.497
43.2999 36.6926 8.64992 3.01362 149.471
43.3999 36.7073 8.67593 3.01947 149.445
43.4999 36.7218 8.70199 3.0253 149.419
43.5999 36.7361 8.72809 3.03114 149.393
43.6999 36.7503 8.75424 3.03696 149.367
43.7999 36.7642 8.78044 3.04277 149.341
43.8999 36.7779 8.80669 3.04858 149.314
43.9999 36.7915 8.83298 3.05438 149.288
44.0999 36.8048 8.85933 3.06017 149.262
44.1999 36.818 8.88572 3.06596 149.235
44.2999 36.831 8.91215 3.07174 149.209
44.3999 36.8438 8.93864 3.07751 149.182
44.4999 36.8564 8.96517 3.08327 149.156
44.5999 36.8688 8.99175 3.08902 149.129
44.6999 36.8811 9.01837 3.09477 149.103
44.7999 36.8931 9.04505 3.1005 149.076
44.8999 36.905 9.07177 3.10623 149.049
44.9999 36.9167 9.09853 3.11196 149.022
45.0999 36.9282 9.12535 3.11767 148.996
45.1999 36.9396 9.15221 3.12338 148.969
45.2999 36.9507 9.17911 3.12908 148.942
45.3999 36.9617 9.20607 3.13477 148.915
45.4999 36.9725 9.23307 3.14045 148.888
45.5999 36.9831 9.26011 3.14612 148.861
45.6999 36.9935 9.28721 3.15179 148.834
45.7999 37.0038 9.31434 3.15745 148.807
45.8999 37.0139 9.34153 3.1631 148.779
45.9999 37.0238 9.36876 3.16874 148.752
46.0999 37.0335 9.39604 3.17437 148.725
46.1999 37.0431 9.42336 3.18 148.698
46.2999 37.0525 9.45073 3.18562 148.67
46.3999 37.0617 9.47814 3.19123 148.643
46.4999 37.0707 9.5056 3.19683 148.615
46.5999 37.0796 9.5331 3.20242 148.588
46.6999 37.0883 9.56065 3.20801 148.56
46.7999 37.0968 9.58825 3.21359 148.533
46.8999 37.1052 9.61589 3.21916 148.505
46.9999 37.1134 9.64358 3.22472 148.477
47.0999 37.1214 9.67131 3.23027 148.45
47.1999 37.1293 9.69909 3.23581 148.422
47.2999 37.137 9.72691 3.24135 148.394
47.3998 37.1445 9.75477 3.24688 148.366
47.4998 37.1519 9.78268 3.2524 148.338
47.5998 37.1591 9.81064 3.25791 148.31
47.6998 37.1662 9.83864 3.26341 148.282
47.7998 37.173 9.86668 3.2689 148.254
47.8998 37.1798 9.89477 3.27439 148.226
47.9998 37.1863 9.92291 3.27987 148.198
48.0998 37.1927 9.95108 3.28534 148.17
48.1998 37.199 9.97931 3.2908 148.142
48.2998 37.205 10.0076 3.29625 148.113
48.3998 37.211 10.0359 3.30169 148.085
48.4998 37.2167 10.0642 3.30713 148.057
48.5998 37.2223 10.0926 3.31256 148.028
48.6998 37.2278 10.1211 3.31798 148
48.7998 37.2331 10.1496 3.32339 147.971
48.8998 37.2382 10.1781 3.32879 147.943
48.9998 37.2432 10.2067 3.33418 147.914
49.0998 37.248 10.2353 3.33956 147.886
49.1998 37.2527 10.2639 3.34494 147.857
49.2998 37.2572 10.2926 3.35031 147.828
49.3998 37.2616 10.3214 3.35567 147.8
49.4998 37.2658 10.3502 3.36102 147.771
49.5998 37.2699 10.379 3.36636 147.742
49.6998 37.2738 10.4079 3.37169 147.713
49.7998 37.2776 10.4368 3.37701 147.684
49.8998 37.2812 10.4657 3.38233 147.655
49.9998 37.2847 10.4947 3.38763 147.626
50.0998 37.288 10.5238 3.39293 147.597
50.1998 37.2912 10.5529 3.39822 147.568
50.2998 37.2942 10.582 3.4035 147.539
50.3998 37.2971 10.6112 3.40877 147.51
50.4998 37.2998 10.6404 3.41404 147.481
50.5998 37.3024 10.6697 3.41929 147.451
50.6998 37.3049 10.6989 3.42453 147.422
50.7998 37.3072 10.7283 3.42977 147.393
50.8998 37.3093 10.7577 3.435 147.363
50.9998 37.3114 10.7871 3.44022 147.334
51.0998 37.3132 10.8166 3.44543 147.304
51.1998 37.315 10.8461 3.45063 147.275
51.2998 37.3166 10.8756 3.45582 147.245
51.3998 37.318 10.9052 3.461 147.216
51.4998 37.3193 10.9348 3.46617 147.186
51.5998 37.3205 10.9645 3.47134 147.156
51.6998 37.3216 10.9942 3.4765 147.127
51.7998 37.3225 11.024 3.48164 147.097
51.8998 37.3232 11.0538 3.48678 147.067
51.9998 37.3239 11.0836 3.49191 147.037
52.0998 37.3243 11.1135 3.49703 147.007
52.1998 37.3247 11.1434 3.50214 146.978
52.2998 37.3249 11.1733 3.50724 146.948
52.3998 37.325 11.2033 3.51233 146.918
52.4998 37.325 11.2334 3.51742 146.888
52.5998 37.3248 11.2635 3.52249 146.858
52.6998 37.3245 11.2936 3.52756 146.827
52.7998 37.324 11.3237 3.53261 146.797
52.8998 37.3234 11.3539 3.53766 146.767
52.9998 37.3227 11.3842 3.5427 146.737
53.0998 37.3219 11.4144 3.54772 146.707
53.1998 37.3209 11.4448 3.55274 146.676
53.2998 37.3198 11.4751 3.55775 146.646
53.3998 37.3186 11.5055 3.56275 146.615
53.4998 37.3172 11.536 3.56774 146.585
53.5998 37.3157 11.5664 3.57273 146.555
53.6998 37.3141 11.5969 3.5777 146.524
53.7998 37.3124 11.6275 3.58266 146.493
53.8997 37.3105 11.6581 3.58762 146.463
53.9997 37.3085 11.6887 3.59256 146.432
54.0997 37.3064 11.7194 3.5975 146.402
54.1997 37.3041 11.7501 3.60242 146.371
54.2997 37.3018 11.7808 3.60734 146.34
54.3997 37.2993 11.8116 3.61225 146.309
54.4997 37.2966 11.8425 3.61714 146.279
54.5997 37.2939 11.8733 3.62203 146.248
54.6997 37.291 11.9042 3.62691 146.217
54.7997 37.288 11.9352 3.63178 146.186
54.8997 37.2849 11.9661 3.63664 146.155
54.9997 37.2817 11.9972 3.64149 146.124
55.0997 37.2783 12.0282 3.64633 146.093
55.1997 37.2749 12.0593 3.65116 146.062
55.2997 37.2713 12.0904 3.65598 146.031
55.3997 37.2676 12.1216 3.6608 145.999
55.4997 37.2637 12.1528 3.6656 145.968
55.5997 37.2598 12.184 3.67039 145.937
55.6997 37.2557 12.2153 3.67517 145.906
55.7997 37.2515 12.2466 3.67995 145.874
55.8997 37.2472 12.278 3.68471 145.843
55.9997 37.2428 12.3094 3.68947 145.812
56.0997 37.2383 12.3408 3.69421 145.78
56.1997 37.2336 12.3723 3.69894 145.749
56.2997 37.2289 12.4038 3.70367 145.717
56.3997 37.224 12.4353 3.70839 145.686
56.4997 37.219 12.4669 3.71309 145.654
56.5997 37.2139 12.4985 3.71779 145.622
56.6997 37.2087 12.5302 3.72247 145.591
56.7997 37.2033 12.5618 3.72715 145.559
56.8997 37.1979 12.5936 3.73182 145.527
56.9997 37.1923 12.6253 3.73647 145.496
57.0997 37.1866 12.6571 3.74112 145.464
57.1997 37.1809 12.6889 3.74576 145.432
57.2997 37.175 12.7208 3.75038 145.4
57.3997 37.169 12.7527 3.755 145.368
57.4997 37.1629 12.7846 3.75961 145.336
57.5997 37.1566 12.8166 3.7642 145.304
57.6997 37.1503 12.8486 3.76879 145.272
57.7997 37.1439 12.8807 3.77337 145.24
57.8997 37.1373 12.9127 3.77794 145.208
57.9997 37.1306 12.9449 3.78249 145.176
58.0997 37.1239 12.977 3.78704 145.144
58.1997 37.117 13.0092 3.79158 145.112
58.2997 37.11 13.0414 3.79611 145.08
58.3997 37.1029 13.0737 3.80062 145.047
58.4997 37.0958 13.1059 3.80513 145.015
58.5997 37.0885 13.1383 3.80963 144.983
58.6997 37.0811 13.1706 3.81412 144.95
58.7997 37.0736 13.203 3.81859 144.918
58.8997 37.066 13.2354 3.82306 144.886
58.9997 37.0582 13.2679 3.82752 144.853
59.0997 37.0504 13.3004 3.83196 144.821
59.1997 37.0425 13.3329 3.8364 144.788
59.2997 37.0345 13.3655 3.84083 144.756
59.3997 37.0264 13.3981 3.84524 144.723
59.4997 37.0181 13.4307 3.84965 144.69
59.5997 37.0098 13.4633 3.85404 144.658
59.6997 37.0014 13.496 3.85843 144.625
59.7997 36.9929 13.5288 3.86281 144.592
59.8997 36.9842 13.5615 3.86717 144.559
59.9997 36.9755 13.5943 3.87153 144.527
60.0997 36.9667 13.6272 3.87587 144.494
60.1997 36.9577 13.66 3.8802 144.461
60.2997 36.9487 13.6929 3.88453 144.428
60.3997 36.9396 13.7258 3.88884 144.395
60.4996 36.9304 13.7588 3.89314 144.362
60.5996 36.9211 13.7918 3.89744 144.329
60.6996 36.9116 13.8248 3.90172 144.296
60.7996 36.9021 13.8579 3.90599 144.263
60.8996 36.8925 13.891 3.91025 144.23
60.9996 36.8828 13.9241 3.9145 144.197
61.0996 36.873 13.9572 3.91874 144.164
61.1996 36.8631 13.9904 3.92297 144.131
61.2996 36.8531 14.0236 3.92719 144.097
61.3996 36.843 14.0569 3.9314 144.064
61.4996 36.8329 14.0902 3.9356 144.031
61.5996 36.8226 14.1235 3.93979 143.998
61.6996 36.8122 14.1568 3.94397 143.964
61.7996 36.8018 14.1902 3.94813 143.931
61.8996 36.7912 14.2236 3.95229 143.897
61.9996 36.7806 14.257 3.95644 143.864
62.0996 36.7698 14.2905 3.96057 143.83
62.1996 36.759 14.324 3.9647 143.797
62.2996 36.7481 14.3575 3.96881 143.763
62.3996 36.7371 14.3911 3.97291 143.73
62.4996 36.726 14.4247 3.97701 143.696
62.5996 36.7148 14.4583 3.98109 143.663
62.6996 36.7035 14.4919 3.98516 143.629
62.7996 36.6921 14.5256 3.98922 143.595
62.8996 36.6806 14.5593 3.99327 143.562
62.9996 36.6691 14.5931 3.99731 143.528
63.0996 36.6575 14.6269 4.00134 143.494
63.1996 36.6457 14.6607 4.00536 143.46
63.2996 36.6339 14.6945 4.00936 143.426
63.3996 36.622 14.7284 4.01336 143.393
63.4996 36.61 14.7622 4.01734 143.359
63.5996 36.5979 14.7962 4.02132 143.325
63.6996 36.5858 14.8301 4.02528 143.291
63.7996 36.5735 14.8641 4.02923 143.257
63.8996 36.5612 14.8981 4.03318 143.223
63.9996 36.5488 14.9321 4.03711 143.189
64.0996 36.5363 14.9662 4.04103 143.155
64.1996 36.5237 15.0003 4.04494 143.121
64.2996 36.511 15.0344 4.04883 143.087
64.3996 36.4982 15.0686 4.05272 143.052
64.4996 36.4854 15.1028 4.0566 143.018
64.5996 36.4724 15.137 4.06046 142.984
64.6996 36.4594 15.1712 4.06432 142.95
64.7996 36.4463 15.2055 4.06816 142.915
64.8996 36.4332 15.2398 4.07199 142.881
64.9996 36.4199 15.2741 4.07582 142.847
65.0996 36.4065 15.3084 4.07963 142.813
65.1996 36.3931 15.3428 4.08343 142.778
65.2996 36.3796 15.3772 4.08721 142.744
65.3996 36.366 15.4117 4.09099 142.709
65.4996 36.3523 15.4461 4.09476 142.675
65.5996 36.3386 15.4806 4.09851 142.64
65.6996 36.3248 15.5151 4.10226 142.606
65.7996 36.3108 15.5497 4.10599 142.571
65.8996 36.2969 15.5843 4.10971 142.537
65.9996 36.2828 15.6189 4.11342 142.502
66.0996 36.2686 15.6535 4.11712 142.467
66.1996 36.2544 15.6881 4.12081 142.433
66.2996 36.2401 15.7228 4.12449 142.398
66.3996 36.2257 15.7575 4.12815 142.363
66.4996 36.2112 15.7922 4.13181 142.329
66.5996 36.1967 15.827 4.13545 142.294
66.6996 36.1821 15.8618 4.13908 142.259
66.7996 36.1674 15.8966 4.1427 142.224
66.8996 36.1526 15.9314 4.14631 142.19
66.9995 36.1377 15.9663 4.14991 142.155
67.0995 36.1228 16.0012 4.1535 142.12
67.1995 36.1078 16.0361 4.15707 142.085
67.2995 36.0927 16.071 4.16064 142.05
67.3995 36.0776 16.106 4.16419 142.015
67.4995 36.0623 16.141 4.16773 141.98
67.5995 36.047 16.176 4.17126 141.945
67.6995 36.0316 16.211 4.17478 141.91
67.7995 36.0162 16.2461 4.17828 141.875
67.8995 36.0007 16.2812 4.18178 141.84
67.9995 35.985 16.3163 4.18526 141.805
68.0995 35.9694 16.3515 4.18874 141.77
68.1995 35.9536 16.3866 4.1922 141.734
68.2995 35.9378 16.4218 4.19565 141.699
68.3995 35.9219 16.457 4.19909 141.664
68.4995 35.9059 16.4923 4.20251 141.629
68.5995 35.8899 16.5275 4.20593 141.593
68.6995 35.8738 16.5628 4.20933 141.558
68.7995 35.8576 16.5981 4.21272 141.523
68.8995 35.8413 16.6335 4.21611 141.488
68.9995 35.825 16.6688 4.21947 141.452
69.0995 35.8086 16.7042 4.22283 141.417
69.1995 35.7921 16.7396 4.22618 141.381
69.2995 35.7756 16.775 4.22951 141.346
69.3995 35.759 16.8105 4.23283 141.31
69.4995 35.7423 16.846 4.23615 141.275
69.5995 35.7255 16.8815 4.23944 141.24
69.6995 35.7087 16.917 4.24273 141.204
69.7995 35.6918 16.9525 4.24601 141.168
69.8995 35.6748 16.9881 4.24927 141.133
69.9995 35.6578 17.0237 4.25252 141.097
70.0995 35.6407 17.0593 4.25577 141.062
70.1995 35.6235 17.0949 4.25899 141.026
70.2995 35.6063 17.1306 4.26221 140.99
70.3995 35.589 17.1663 4.26542 140.955
70.4995 35.5716 17.202 4.26861 140.919
70.5995 35.5542 17.2377 4.27179 140.883
70.6995 35.5367 17.2735 4.27496 140.848
70.7995 35.5191 17.3092 4.27812 140.812
70.8995 35.5015 17.345 4.28127 140.776
70.9995 35.4838 17.3808 4.2844 140.74
71.0995 35.466 17.4167 4.28752 140.704
71.1995 35.4482 17.4525 4.29064 140.668
71.2995 35.4303 17.4884 4.29373 140.633
71.3995 35.4123 17.5243 4.29682 140.597
71.4995 35.3943 17.5602 4.2999 140.561
71.5995 35.3762 17.5961 4.30296 140.525
71.6995 35.358 17.6321 4.30601 140.489
71.7995 35.3398 17.6681 4.30905 140.453
71.8995 35.3215 17.7041 4.31208 140.417
71.9995 35.3031 17.7401 4.31509 140.381
72.0995 35.2847 17.7762 4.3181 140.345
72.1995 35.2662 17.8122 4.32109 140.309
72.2995 35.2477 17.8483 4.32407 140.273
72.3995 35.229 17.8844 4.32703 140.237
72.4995 35.2104 17.9205 4.32999 140.2
72.5995 35.1916 17.9567 4.33293 140.164
72.6995 35.1728 17.9928 4.33586 140.128
72.7995 35.154 18.029 4.33878 140.092
72.8995 35.135 18.0652 4.34169 140.056
72.9995 35.1161 18.1014 4.34458 140.02
73.0995 35.097 18.1377 4.34747 139.983
73.1995 35.0779 18.1739 4.35034 139.947
73.2995 35.0587 18.2102 4.3532 139.911
73.3995 35.0395 18.2465 4.35604 139.874
73.4995 35.0202 18.2828 4.35888 139.838
73.5994 35.0009 18.3192 4.3617 139.802
73.6994 34.9814 18.3555 4.36451 139.765
73.7994 34.962 18.3919 4.36731 139.729
73.8994 34.9424 18.4283 4.37009 139.693
73.9994 34.9228 18.4647 4.37286 139.656
74.0994 34.9032 18.5011 4.37562 139.62
74.1994 34.8835 18.5376 4.37837 139.583
74.2994 34.8637 18.574 4.38111 139.547
74.3994 34.8439 18.6105 4.38383 139.51
74.4994 34.824 18.647 4.38654 139.474
74.5994 34.804 18.6835 4.38924 139.437
74.6994 34.784 18.7201 4.39193 139.401
74.7994 34.764 18.7566 4.39461 139.364
74.8994 34.7438 18.7932 4.39727 139.328
74.9994 34.7237 18.8298 4.39992 139.291
75.0994 34.7034 18.8664 4.40256 139.255
75.1994 34.6831 18.903 4.40518 139.218
75.2994 34.6628 18.9397 4.40779 139.181
75.3994 34.6424 18.9763 4.41039 139.145
75.4994 34.6219 19.013 4.41298 139.108
75.5994 34.6014 19.0497 4.41556 139.071
75.6994 34.5808 19.0864 4.41812 139.035
75.7994 34.5602 19.1231 4.42067 138.998
75.8994 34.5395 19.1598 4.42321 138.961
75.9994 34.5187 19.1966 4.42574 138.924
76.0994 34.4979 19.2334 4.42825 138.888
76.1994 34.4771 19.2701 4.43075 138.851
76.2994 34.4561 19.3069 4.43324 138.814
76.3994 34.4352 19.3438 4.43571 138.777
76.4994 34.4142 19.3806 4.43818 138.74
76.5994 34.3931 19.4174 4.44063 138.704
76.6994 34.3719 19.4543 4.44306 138.667
76.7994 34.3508 19.4912 4.44549 138.63
76.8994 34.3295 19.5281 4.4479 138.593
76.9994 34.3082 19.565 4.4503 138.556
77.0994 34.2869 19.6019 4.45269 138.519
77.1994 34.2655 19.6388 4.45507 138.482
77.2994 34.244 19.6758 4.45743 138.445
77.3994 34.2225 19.7128 4.45978 138.408
77.4994 34.2009 19.7497 4.46211 138.371
77.5994 34.1793 19.7867 4.46444 138.334
77.6994 34.1577 19.8238 4.46675 138.297
77.7994 34.1359 19.8608 4.46905 138.26
77.8994 34.1142 19.8978 4.47133 138.223
77.9994 34.0923 19.9349 4.47361 138.186
78.0994 34.0705 19.9719 4.47587 138.149
78.1994 34.0485 20.009 4.47812 138.112
78.2994 34.0266 20.0461 4.48035 138.075
78.3994 34.0045 20.0832 4.48257 138.038
78.4994 33.9825 20.1203 4.48478 138.001
78.5994 33.9603 20.1575 4.48698 137.964
78.6994 33.9381 20.1946 4.48917 137.926
78.7994 33.9159 20.2318 4.49134 137.889
78.8994 33.8936 20.2689 4.4935 137.852
78.9994 33.8713 20.3061 4.49564 137.815
79.0994 33.8489 20.3433 4.49777 137.778
79.1994 33.8265 20.3805 4.49989 137.74
79.2994 33.804 20.4178 4.502 137.703
79.3994 33.7814 20.455 4.50409 137.666
79.4994 33.7588 20.4922 4.50618 137.629
79.5994 33.7362 20.5295 4.50824 137.591
79.6994 33.7135 20.5668 4.5103 137.554
79.7994 33.6908 20.604 4.51234 137.517
79.8994 33.668 20.6413 4.51437 137.48
79.9994 33.6452 20.6786 4.51639 137.442
80.0993 33.6223 20.716 4.51839 137.405
80.1993 33.5994 20.7533 4.52038 137.368
80.2993 33.5764 20.7906 4.52236 137.33
80.3993 33.5534 20.828 4.52433 137.293
80.4993 33.5303 20.8653 4.52628 137.256
80.5993 33.5072 20.9027 4.52822 137.218
80.6993 33.484 20.9401 4.53014 137.181
80.7993 33.4608 20.9775 4.53205 137.143
80.8993 33.4375 21.0149 4.53395 137.106
80.9993 33.4142 21.0523 4.53584 137.069
81.0993 33.3909 21.0897 4.53771 137.031
81.1993 33.3675 21.1272 4.53957 136.994
81.2993 33.344 21.1646 4.54142 136.956
81.3993 33.3205 21.2021 4.54326 136.919
81.4993 33.297 21.2395 4.54508 136.881
81.5993 33.2734 21.277 4.54689 136.844
81.6993 33.2498 21.3145 4.54868 136.806
81.7993 33.2261 21.352 4.55046 136.769
81.8993 33.2024 21.3895 4.55223 136.731
81.9993 33.1786 21.427 4.55399 136.694
82.0993 33.1548 21.4645 4.55573 136.656
82.1993 33.1309 21.5021 4.55746 136.619
82.2993 33.107 21.5396 4.55917 136.581
82.3993 33.083 21.5772 4.56088 136.544
82.4993 33.0591 21.6147 4.56257 136.506
82.5993 33.035 21.6523 4.56424 136.469
82.6993 33.0109 21.6899 4.5659 136.431
82.7993 32.9868 21.7274 4.56755 136.394
82.8993 32.9626 21.765 4.56919 136.356
82.9993 32.9384 21.8026 4.57081 136.318
83.0993 32.9141 21.8402 4.57242 136.281
83.1993 32.8898 21.8779 4.57402 136.243
83.2993 32.8655 21.9155 4.5756 136.205
83.3993 32.8411 21.9531 4.57717 136.168
83.4993 32.8166 21.9908 4.57873 136.13
83.5993 32.7922 22.0284 4.58027 136.093
83.6993 32.7676 22.0661 4.5818 136.055
83.7993 32.7431 22.1037 4.58332 136.017
83.8993 32.7185 22.1414 4.58482 135.98
83.9993 32.6938 22.1791 4.58631 135.942
84.0993 32.6691 22.2168 4.58779 135.904
84.1993 32.6444 22.2544 4.58925 135.867
84.2993 32.6196 22.2921 4.5907 135.829
84.3993 32.5948 22.3298 4.59214 135.791
84.4993 32.5699 22.3676 4.59356 135.753
84.5993 32.545 22.4053 4.59497 135.716
84.6993 32.52 22.443 4.59637 135.678
84.7993 32.4951 22.4807 4.59775 135.64
84.8993 32.47 22.5185 4.59912 135.603
84.9993 32.445 22.5562 4.60048 135.565
85.0993 32.4198 22.5939 4.60182 135.527
85.1993 32.3947 22.6317 4.60315 135.489
85.2993 32.3695 22.6694 4.60446 135.452
85.3993 32.3443 22.7072 4.60576 135.414
85.4993 32.319 22.745 4.60705 135.376
85.5993 32.2937 22.7827 4.60833 135.338
85.6993 32.2683 22.8205 4.60959 135.3
85.7993 32.2429 22.8583 4.61084 135.263
85.8993 32.2175 22.8961 4.61207 135.225
85.9993 32.192 22.9339 4.61329 135.187
86.0993 32.1665 22.9717 4.6145 135.149
86.1993 32.1409 23.0095 4.61569 135.111
86.2993 32.1153 23.0473 4.61687 135.074
86.3993 32.0897 23.0851 4.61804 135.036
86.4993 32.064 23.1229 4.61919 134.998
86.5993 32.0383 23.1607 4.62033 134.96
86.6992 32.0125 23.1986 4.62145 134.922
86.7992 31.9867 23.2364 4.62256 134.885
86.8992 31.9609 23.2742 4.62366 134.847
86.9992 31.935 23.312 4.62475 134.809
87.0992 31.9091 23.3499 4.62582 134.771
87.1992 31.8832 23.3877 4.62687 134.733
87.2992 31.8572 23.4256 4.62792 134.695
87.3992 31.8311 23.4634 4.62895 134.658
87.4992 31.8051 23.5013 4.62996 134.62
87.5992 31.779 23.5391 4.63097 134.582
87.6992 31.7528 23.577 4.63195 134.544
87.7992 31.7267 23.6148 4.63293 134.506
87.8992 31.7004 23.6527 4.63389 134.468
87.9992 31.6742 23.6906 4.63484 134.43
88.0992 31.6479 23.7284 4.63577 134.393
88.1992 31.6216 23.7663 4.63669 134.355
88.2992 31.5952 23.8042 4.6376 134.317
88.3992 31.5688 23.842 4.63849 134.279
88.4992 31.5424 23.8799 4.63937 134.241
88.5992 31.5159 23.9178 4.64023 134.203
88.6992 31.4894 23.9556 4.64108 134.165
88.7992 31.4628 23.9935 4.64192 134.127
88.8992 31.4362 24.0314 4.64274 134.09
88.9992 31.4096 24.0693 4.64355 134.052
89.0992 31.383 24.1072 4.64435 134.014
89.1992 31.3563 24.1451 4.64513 133.976
89.2992 31.3295 24.1829 4.6459 133.938
89.3992 31.3028 24.2208 4.64665 133.9
89.4992 31.276 24.2587 4.64739 133.862
89.5992 31.2491 24.2966 4.64812 133.824
89.6992 31.2222 24.3345 4.64883 133.786
89.7992 31.1953 24.3724 4.64953 133.749
89.8992 31.1684 24.4103 4.65022 133.711
89.9992 31.1414 24.4481 4.65089 133.673
90.0992 31.1144 24.486 4.65154 133.635
90.1992 31.0873 24.5239 4.65219 133.597
90.2992 31.0603 24.5618 4.65282 133.559
90.3992 31.0331 24.5997 4.65343 133.521
90.4992 31.006 24.6376 4.65403 133.483
90.5992 30.9788 24.6755 4.65462 133.446
90.6992 30.9516 24.7133 4.65519 133.408
90.7992 30.9243 24.7512 4.65575 133.37
90.8992 30.897 24.7891 4.6563 133.332
90.9992 30.8697 24.827 4.65683 133.294
91.0992 30.8423 24.8649 4.65734 133.256
91.1992 30.8149 24.9027 4.65785 133.218
91.2992 30.7875 24.9406 4.65834 133.18
91.3992 30.7601 24.9785 4.65881 133.142
91.4992 30.7326 25.0164 4.65927 133.105
91.5992 30.705 25.0543 4.65972 133.067
91.6992 30.6775 25.0921 4.66015 133.029
91.7992 30.6499 25.13 4.66057 132.991
91.8992 30.6222 25.1679 4.66098 132.953
91.9992 30.5946 25.2057 4.66137 132.915
92.0992 30.5669 25.2436 4.66175 132.877
92.1992 30.5392 25.2814 4.66211 132.84
92.2992 30.5114 25.3193 4.66246 132.802
92.3992 30.4836 25.3572 4.66279 132.764
92.4992 30.4558 25.395 4.66311 132.726
92.5992 30.4279 25.4329 4.66342 132.688
92.6992 30.4 25.4707 4.66371 132.65
92.7992 30.3721 25.5086 4.66399 132.612
92.8992 30.3441 25.5464 4.66425 132.575
92.9992 30.3162 25.5842 4.6645 132.537
93.0992 30.2881 25.6221 4.66474 132.499
93.1992 30.2601 25.6599 4.66496 132.461
93.2991 30.232 25.6977 4.66517 132.423
93.3991 30.2039 25.7355 4.66536 132.385
93.4991 30.1757 25.7734 4.66554 132.348
93.5991 30.1476 25.8112 4.66571 132.31
93.6991 30.1194 25.849 4.66586 132.272
93.7991 30.0911 25.8868 4.66599 132.234
93.8991 30.0628 25.9246 4.66612 132.196
93.9991 30.0345 25.9624 4.66623 132.159
94.0991 30.0062 26.0002 4.66632 132.121
94.1991 29.9778 26.038 4.6664 132.083
94.2991 29.9494 26.0758 4.66647 132.045
94.3991 29.921 26.1135 4.66652 132.007
94.4991 29.8926 26.1513 4.66655 131.97
94.5991 29.8641 26.1891 4.66658 131.932
94.6991 29.8355 26.2268 4.66659 131.894
94.7991 29.807 26.2646 4.66658 131.856
94.8991 29.7784 26.3023 4.66656 131.819
94.9991 29.7498 26.3401 4.66653 131.781
95.0991 29.7212 26.3778 4.66648 131.743
95.1991 29.6925 26.4156 4.66642 131.705
95.2991 29.6638 26.4533 4.66634 131.668
95.3991 29.6351 26.491 4.66625 131.63
95.4991 29.6063 26.5287 4.66614 131.592
95.5991 29.5775 26.5664 4.66602 131.555
95.6991 29.5487 26.6041 4.66589 131.517
95.7991 29.5199 26.6418 4.66574 131.479
95.8991 29.491 26.6795 4.66558 131.441
95.9991 29.4621 26.7172 4.6654 131.404
96.0991 29.4331 26.7549 4.66521 131.366
96.1991 29.4042 26.7926 4.665 131.328
96.2991 29.3752 26.8302 4.66478 131.291
96.3991 29.3462 26.8679 4.66455 131.253
96.4991 29.3171 26.9055 4.6643 131.215
96.5991 29.288 26.9432 4.66404 131.178
96.6991 29.2589 26.9808 4.66376 131.14
96.7991 29.2298 27.0184 4.66347 131.103
96.8991 29.2006 27.056 4.66316 131.065
96.9991 29.1714 27.0936 4.66284 131.027
97.0991 29.1422 27.1312 4.66251 130.99
97.1991 29.1129 27.1688 4.66216 130.952
97.2991 29.0837 27.2064 4.6618 130.915
97.3991 29.0544 27.244 4.66142 130.877
97.4991 29.025 27.2816 4.66103 130.839
97.5991 28.9957 27.3191 4.66062 130.802
97.6991 28.9663 27.3567 4.6602 130.764
97.7991 28.9369 27.3942 4.65976 130.727
97.8991 28.9074 27.4317 4.65931 130.689
97.9991 28.8779 27.4693 4.65885 130.652
98.0991 28.8484 27.5068 4.65837 130.614
98.1991 28.8189 27.5443 4.65788 130.577
98.2991 28.7893 27.5818 4.65737 130.539
98.3991 28.7598 27.6193 4.65685 130.502
98.4991 28.7302 27.6567 4.65631 130.464
98.5991 28.7005 27.6942 4.65576 130.427
98.6991 28.6709 27.7317 4.65519 130.389
98.7991 28.6412 27.7691 4.65461 130.352
98.8991 28.6114 27.8065 4.65402 130.314
98.9991 28.5817 27.844 4.65341 130.277
99.0991 28.5519 27.8814 4.65279 130.24
99.1991 28.5221 27.9188 4.65215 130.202
99.2991 28.4923 27.9562 4.6515 130.165
99.3991 28.4625 27.9936 4.65083 130.127
99.4991 28.4326 28.0309 4.65015 130.09
99.5991 28.4027 28.0683 4.64945 130.053
99.6991 28.3727 28.1057 4.64874 130.015
99.799 28.3428 28.143 4.64802 129.978
99.899 28.3128 28.1803 4.64728 129.941
99.999 28.2828 28.2176 4.64652 129.903
100.099 28.2528 28.2549 4.64576 129.866
100.199 28.2227 28.2922 4.64497 129.829
100.299 28.1926 28.3295 4.64417 129.791
100.399 28.1625 28.3668 4.64336 129.754
100.499 28.1324 28.4041 4.64254 129.717
100.599 28.1022 28.4413 4.6417 129.68
100.699 28.072 28.4785 4.64084 129.642
100.799 28.0418 28.5158 4.63997 129.605
100.899 28.0116 28.553 4.63909 129.568
100.999 27.9813 28.5902 4.63819 129.531
101.099 27.951 28.6273 4.63727 129.494
101.199 27.9207 28.6645 4.63634 129.456
101.299 27.8904 28.7017 4.6354 129.419
101.399 27.86 28.7388 4.63444 129.382
101.499 27.8296 28.776 4.63347 129.345
101.599 27.7992 28.8131 4.63249 129.308
101.699 27.7688 28.8502 4.63148 129.271
101.799 27.7383 28.8873 4.63047 129.234
101.899 27.7078 28.9244 4.62944 129.197
101.999 27.6773 28.9614 4.62839 129.16
102.099 27.6468 28.9985 4.62733 129.122
102.199 27.6162 29.0355 4.62626 129.085
102.299 27.5856 29.0725 4.62517 129.048
102.399 27.555 29.1096 4.62407 129.011
102.499 27.5244 29.1465 4.62295 128.974
102.599 27.4938 29.1835 4.62182 128.937
102.699 27.4631 29.2205 4.62067 128.9
102.799 27.4324 29.2574 4.61951 128.864
102.899 27.4016 29.2944 4.61833 128.827
102.999 27.3709 29.3313 4.61714 128.79
103.099 27.3401 29.3682 4.61594 128.753
103.199 27.3093 29.4051 4.61472 128.716
103.299 27.2785 29.442 4.61348 128.679
103.399 27.2477 29.4789 4.61223 128.642
103.499 27.2168 29.5157 4.61097 128.605
103.599 27.1859 29.5525 4.60969 128.568
103.699 27.155 29.5894 4.6084 128.532
103.799 27.124 29.6262 4.60709 128.495
103.899 27.0931 29.6629 4.60577 128.458
103.999 27.0621 29.6997 4.60443 128.421
104.099 27.0311 29.7365 4.60308 128.385
104.199 27.0001 29.7732 4.60171 128.348
104.299 26.969 29.8099 4.60033 128.311
104.399 26.9379 29.8466 4.59894 128.274
104.499 26.9068 29.8833 4.59753 128.238
104.599 26.8757 29.92 4.5961 128.201
104.699 26.8446 29.9566 4.59466 128.164
104.799 26.8134 29.9933 4.59321 128.128
104.899 26.7822 30.0299 4.59174 128.091
104.999 26.751 30.0665 4.59026 128.054
105.099 26.7198 30.1031 4.58876 128.018
105.199 26.6885 30.1397 4.58724 127.981
105.299 26.6573 30.1762 4.58572 127.945
105.399 26.626 30.2128 4.58418 127.908
105.499 26.5946 30.2493 4.58262 127.872
105.599 26.5633 30.2858 4.58105 127.835
105.699 26.5319 30.3223 4.57946 127.799
105.799 26.5005 30.3587 4.57786 127.762
105.899 26.4691 30.3952 4.57625 127.726
105.999 26.4377 30.4316 4.57462 127.689
106.099 26.4062 30.468 4.57297 127.653
106.199 26.3748 30.5044 4.57131 127.617
106.299 26.3433 30.5408 4.56964 127.58
106.399 26.3118 30.5771 4.56795 127.544
106.499 26.2802 30.6135 4.56625 127.508
106.599 26.2487 30.6498 4.56453 127.471
106.699 26.2171 30.6861 4.56279 127.435
106.799 26.1855 30.7224 4.56105 127.399
106.899 26.1539 30.7586 4.55928 127.362
106.999 26.1222 30.7949 4.55751 127.326
107.099 26.0906 30.8311 4.55572 127.29
107.199 26.0589 30.8673 4.55391 127.254
107.299 26.0272 30.9035 4.55209 127.217
107.399 25.9954 30.9396 4.55025 127.181
107.499 25.9637 30.9758 4.5484 127.145
107.599 25.9319 31.0119 4.54654 127.109
107.699 25.9001 31.048 4.54466 127.073
107.799 25.8683 31.0841 4.54277 127.037
107.899 25.8365 31.1202 4.54086 127.001
107.999 25.8046 31.1562 4.53893 126.965
108.099 25.7728 31.1922 4.537 126.929
108.199 25.7409 31.2282 4.53504 126.893
108.299 25.709 31.2642 4.53307 126.857
108.399 25.677 31.3002 4.53109 126.821
108.499 25.6451 31.3361 4.5291 126.785
108.599 25.6131 31.372 4.52708 126.749
108.699 25.5811 31.4079 4.52506 126.713
108.799 25.5491 31.4438 4.52302 126.677
108.899 25.5171 31.4797 4.52096 126.641
108.999 25.485 31.5155 4.51889 126.605
109.099 25.4529 31.5513 4.51681 126.57
109.199 25.4209 31.5871 4.51471 126.534
109.299 25.3887 31.6229 4.51259 126.498
109.399 25.3566 31.6586 4.51046 126.462
109.499 25.3245 31.6943 4.50832 126.427
109.599 25.2923 31.73 4.50616 126.391
109.699 25.2601 31.7657 4.50399 126.355
109.799 25.2279 31.8014 4.5018 126.32
109.899 25.1957 31.837 4.4996 126.284
109.999 25.1634 31.8726 4.49738 126.248
110.099 25.1311 31.9082 4.49515 126.213
110.199 25.0989 31.9438 4.4929 126.177
110.299 25.0666 31.9793 4.49064 126.142
110.399 25.0342 32.0149 4.48837 126.106
110.499 25.0019 32.0504 4.48608 126.071
110.599 24.9695 32.0858 4.48377 126.035
110.699 24.9371 32.1213 4.48145 126
110.799 24.9047 32.1567 4.47912 125.964
110.899 24.8723 32.1921 4.47677 125.929
110.999 24.8399 32.2275 4.47441 125.893
111.099 24.8074 32.2629 4.47203 125.858
111.199 24.775 32.2982 4.46963 125.823
111.299 24.7425 32.3335 4.46723 125.787
111.399 24.71 32.3688 4.4648 125.752
111.499 24.6774 32.4041 4.46237 125.717
111.599 24.6449 32.4393 4.45992 125.682
111.699 24.6123 32.4745 4.45745 125.646
111.799 24.5797 32.5097 4.45497 125.611
111.899 24.5471 32.5449 4.45247 125.576
111.999 24.5145 32.58 4.44996 125.541
112.099 24.4819 32.6151 4.44744 125.506
112.199 24.4492 32.6502 4.4449 125.471
112.299 24.4165 32.6853 4.44235 125.436
112.399 24.3838 32.7203 4.43978 125.401
112.499 24.3511 32.7553 4.43719 125.366
112.599 24.3184 32.7903 4.4346 125.331
112.699 24.2856 32.8253 4.43198 125.296
112.799 24.2529 32.8602 4.42936 125.261
112.899 24.2201 32.8951 4.42671 125.226
112.999 24.1873 32.93 4.42406 125.191
113.099 24.1545 32.9649 4.42139 125.156
113.199 24.1216 32.9997 4.4187 125.121
113.299 24.0888 33.0345 4.416 125.086
113.399 24.0559 33.0693 4.41329 125.052
113.499 24.023 33.1041 4.41056 125.017
113.599 23.9901 33.1388 4.40781 124.982
113.699 23.9572 33.1735 4.40505 124.947
113.799 23.9242 33.2082 4.40228 124.913
113.899 23.8913 33.2429 4.39949 124.878
113.999 23.8583 33.2775 4.39669 124.843
114.099 23.8253 33.3121 4.39387 124.809
114.199 23.7923 33.3466 4.39104 124.774
114.299 23.7593 33.3812 4.3882 124.74
114.399 23.7262 33.4157 4.38534 124.705
114.499 23.6932 33.4502 4.38246 124.671
114.599 23.6601 33.4847 4.37957 124.636
114.699 23.627 33.5191 4.37667 124.602
114.799 23.5939 33.5535 4.37375 124.567
114.899 23.5608 33.5879 4.37081 124.533
114.999 23.5276 33.6222 4.36787 124.499
115.099 23.4945 33.6566 4.3649 124.464
115.199 23.4613 33.6909 4.36193 124.43
115.299 23.4281 33.7251 4.35894 124.396
115.399 23.3949 33.7594 4.35593 124.362
115.499 23.3617 33.7936 4.35291 124.327
115.599 23.3284 33.8278 4.34987 124.293
115.699 23.2952 33.8619 4.34682 124.259
115.799 23.2619 33.896 4.34376 124.225
115.899 23.2286 33.9301 4.34068 124.191
115.999 23.1953 33.9642 4.33759 124.157
116.099 23.162 33.9982 4.33448 124.123
116.199 23.1286 34.0322 4.33136 124.089
116.299 23.0953 34.0662 4.32822 124.055
116.399 23.0619 34.1002 4.32507 124.021
116.499 23.0285 34.1341 4.3219 123.987
116.599 22.9951 34.168 4.31872 123.953
116.699 22.9617 34.2019 4.31553 123.919
116.799 22.9282 34.2357 4.31232 123.885
116.899 22.8948 34.2695 4.30909 123.851
116.999 22.8613 34.3033 4.30586 123.818
117.099 22.8278 34.337 4.3026 123.784
117.199 22.7943 34.3707 4.29934 123.75
117.299 22.7608 34.4044 4.29605 123.717
117.399 22.7273 34.4381 4.29276 123.683
117.499 22.6937 34.4717 4.28945 123.649
117.599 22.6602 34.5053 4.28612 123.616
117.699 22.6266 34.5388 4.28278 123.582
117.799 22.593 34.5724 4.27943 123.549
117.899 22.5594 34.6059 4.27606 123.515
117.999 22.5258 34.6393 4.27268 123.482
118.099 22.4921 34.6728 4.26928 123.448
118.199 22.4585 34.7062 4.26587 123.415
118.299 22.4248 34.7395 4.26245 123.381
118.399 22.3911 34.7729 4.25901 123.348
118.499 22.3574 34.8062 4.25555 123.315
118.599 22.3237 34.8395 4.25208 123.281
118.699 22.29 34.8727 4.2486 123.248
118.799 22.2563 34.9059 4.2451 123.215
118.899 22.2225 34.9391 4.24159 123.182
118.999 22.1887 34.9723 4.23806 123.149
119.099 22.1549 35.0054 4.23452 123.116
119.199 22.1211 35.0385 4.23097 123.082
119.299 22.0873 35.0715 4.2274 123.049
119.399 22.0535 35.1046 4.22381 123.016
119.499 22.0196 35.1376 4.22021 122.983
119.599 21.9858 35.1705 4.2166 122.95
119.699 21.9519 35.2034 4.21298 122.918
119.799 21.918 35.2363 4.20933 122.885
119.899 21.8841 35.2692 4.20568 122.852
119.999 21.8502 35.302 4.20201 122.819
120.099 21.8163 35.3348 4.19833 122.786
120.199 21.7823 35.3676 4.19463 122.753
120.299 21.7484 35.4003 4.19091 122.721
120.399 21.7144 35.433 4.18719 122.688
120.499 21.6804 35.4657 4.18345 122.655
120.599 21.6464 35.4983 4.17969 122.623
120.699 21.6124 35.5309 4.17592 122.59
120.799 21.5783 35.5635 4.17214 122.558
120.899 21.5443 35.596 4.16834 122.525
120.999 21.5102 35.6285 4.16453 122.492
121.099 21.4761 35.6609 4.1607 122.46
121.199 21.4421 35.6934 4.15686 122.428
121.299 21.408 35.7258 4.15301 122.395
121.399 21.3738 35.7581 4.14914 122.363
121.499 21.3397 35.7904 4.14525 122.331
121.599 21.3056 35.8227 4.14136 122.298
121.699 21.2714 35.855 4.13745 122.266
121.799 21.2372 35.8872 4.13352 122.234
121.899 21.2031 35.9194 4.12958 122.202
121.999 21.1689 35.9515 4.12563 122.169
122.099 21.1346 35.9836 4.12166 122.137
122.199 21.1004 36.0157 4.11768 122.105
122.299 21.0662 36.0478 4.11368 122.073
122.399 21.0319 36.0798 4.10967 122.041
122.499 20.9977 36.1117 4.10564 122.009
122.599 20.9634 36.1437 4.1016 121.977
122.699 20.9291 36.1756 4.09755 121.945
122.799 20.8948 36.2074 4.09349 121.914
122.899 20.8605 36.2393 4.0894 121.882
122.999 20.8261 36.2711 4.08531 121.85
123.099 20.7918 36.3028 4.0812 121.818
123.199 20.7574 36.3345 4.07708 121.786
123.299 20.7231 36.3662 4.07294 121.755
123.399 20.6887 36.3979 4.06879 121.723
123.499 20.6543 36.4295 4.06462 121.691
123.599 20.6199 36.4611 4.06044 121.66
123.699 20.5854 36.4926 4.05625 121.628
123.799 20.551 36.5241 4.05204 121.597
123.899 20.5166 36.5556 4.04782 121.565
123.999 20.4821 36.587 4.04359 121.534
124.099 20.4476 36.6184 4.03934 121.503
124.199 20.4131 36.6497 4.03507 121.471
124.299 20.3786 36.6811 4.0308 121.44
124.399 20.3441 36.7123 4.02651 121.409
124.499 20.3096 36.7436 4.0222 121.377
124.599 20.275 36.7748 4.01788 121.346
124.699 20.2405 36.806 4.01355 121.315
124.799 20.2059 36.8371 4.0092 121.284
124.899 20.1714 36.8682 4.00484 121.253
124.999 20.1368 36.8992 4.00047 121.222
125.099 20.1022 36.9302 3.99608 121.191
125.199 20.0676 36.9612 3.99168 121.16
125.299 20.0329 36.9922 3.98726 121.129
125.399 19.9983 37.0231 3.98283 121.098
125.499 19.9636 37.0539 3.97839 121.067
125.599 19.929 37.0848 3.97393 121.036
125.699 19.8943 37.1155 3.96946 121.005
125.799 19.8596 37.1463 3.96497 120.975
125.899 19.8249 37.177 3.96047 120.944
125.999 19.7902 37.2077 3.95596 120.913
126.099 19.7555 37.2383 3.95144 120.883
126.199 19.7208 37.2689 3.94689 120.852
126.299 19.686 37.2995 3.94234 120.822
126.399 19.6512 37.33 3.93777 120.791
126.499 19.6165 37.3604 3.93319 120.761
126.599 19.5817 37.3909 3.9286 120.73
126.699 19.5469 37.4213 3.92399 120.7
126.799 19.5121 37.4516 3.91936 120.669
126.899 19.4773 37.482 3.91473 120.639
126.999 19.4424 37.5122 3.91008 120.609
127.099 19.4076 37.5425 3.90541 120.578
127.199 19.3728 37.5727 3.90074 120.548
127.299 19.3379 37.6028 3.89605 120.518
127.399 19.303 37.6329 3.89134 120.488
127.499 19.2681 37.663 3.88662 120.458
127.599 19.2332 37.6931 3.88189 120.428
127.699 19.1983 37.7231 3.87715 120.398
127.799 19.1634 37.753 3.87239 120.368
127.899 19.1285 37.7829 3.86761 120.338
127.999 19.0935 37.8128 3.86283 120.308
128.099 19.0586 37.8426 3.85803 120.278
128.199 19.0236 37.8724 3.85322 120.249
128.299 18.9886 37.9022 3.84839 120.219
128.399 18.9536 37.9319 3.84355 120.189
128.499 18.9186 37.9616 3.83869 120.159
128.599 18.8836 37.9912 3.83383 120.13
128.699 18.8486 38.0208 3.82894 120.1
128.799 18.8135 38.0504 3.82405 120.071
128.899 18.7785 38.0799 3.81914 120.041
128.999 18.7434 38.1093 3.81422 120.012
129.099 18.7083 38.1388 3.80929 119.982
129.199 18.6733 38.1682 3.80434 119.953
129.299 18.6382 38.1975 3.79938 119.923
129.399 18.6031 38.2268 3.7944 119.894
129.499 18.568 38.2561 3.78941 119.865
129.599 18.5328 38.2853 3.78441 119.836
129.699 18.4977 38.3144 3.77939 119.807
129.799 18.4625 38.3436 3.77437 119.777
129.899 18.4274 38.3727 3.76932 119.748
129.999 18.3922 38.4017 3.76427 119.719
130.099 18.357 38.4307 3.7592 119.69
130.199 18.3219 38.4597 3.75412 119.661
130.299 18.2866 38.4886 3.74902 119.632
130.399 18.2514 38.5175 3.74391 119.603
130.499 18.2162 38.5463 3.73879 119.575
130.599 18.181 38.5751 3.73366 119.546
130.699 18.1457 38.6038 3.72851 119.517
130.799 18.1105 38.6326 3.72335 119.488
130.899 18.0752 38.6612 3.71817 119.46
130.999 18.04 38.6898 3.71299 119.431
131.099 18.0047 38.7184 3.70779 119.403
131.199 17.9694 38.7469 3.70257 119.374
131.299 17.9341 38.7754 3.69734 119.346
131.399 17.8988 38.8039 3.6921 119.317
131.499 17.8634 38.8323 3.68685 119.289
131.599 17.8281 38.8606 3.68158 119.26
131.699 17.7927 38.8889 3.6763 119.232
131.799 17.7574 38.9172 3.67101 119.204
131.899 17.722 38.9454 3.66571 119.176
131.999 17.6866 38.9736 3.66039 119.147
132.099 17.6513 39.0017 3.65506 119.119
132.199 17.6159 39.0298 3.64971 119.091
132.299 17.5805 39.0579 3.64435 119.063
132.399 17.545 39.0859 3.63898 119.035
132.499 17.5096 39.1138 3.6336 119.007
132.599 17.4742 39.1418 3.6282 118.979
132.699 17.4387 39.1696 3.62279 118.951
132.799 17.4033 39.1975 3.61737 118.924
132.899 17.3678 39.2252 3.61193 118.896
132.999 17.3323 39.253 3.60649 118.868
133.099 17.2969 39.2807 3.60102 118.84
133.199 17.2614 39.3083 3.59555 118.813
133.299 17.2259 39.3359 3.59006 118.785
133.399 17.1903 39.3634 3.58456 118.758
133.499 17.1548 39.391 3.57905 118.73
133.599 17.1193 39.4184 3.57352 118.703
133.699 17.0837 39.4458 3.56799 118.675
133.799 17.0482 39.4732 3.56244 118.648
133.899 17.0126 39.5005 3.55687 118.62
133.999 16.9771 39.5278 3.55129 118.593
134.099 16.9415 39.555 3.54571 118.566
134.199 16.9059 39.5822 3.5401 118.539
134.299 16.8703 39.6094 3.53449 118.512
134.399 16.8347 39.6365 3.52886 118.485
134.499 16.7991 39.6635 3.52322 118.457
134.599 16.7634 39.6905 3.51757 118.43
134.699 16.7278 39.7175 3.5119 118.403
134.799 16.6921 39.7444 3.50622 118.377
134.899 16.6565 39.7712 3.50053 118.35
134.999 16.6208 39.7981 3.49483 118.323
135.099 16.5852 39.8248 3.48911 118.296
135.199 16.5495 39.8516 3.48339 118.269
135.299 16.5138 39.8782 3.47765 118.243
135.399 16.4781 39.9049 3.47189 118.216
135.499 16.4424 39.9314 3.46613 118.19
135.599 16.4066 39.958 3.46035 118.163
135.699 16.3709 39.9845 3.45456 118.137
135.799 16.3352 40.0109 3.44875 118.11
135.899 16.2994 40.0373 3.44294 118.084
135.999 16.2637 40.0636 3.43711 118.057
136.099 16.2279 40.0899 3.43127 118.031
136.199 16.1921 40.1162 3.42542 118.005
136.299 16.1564 40.1424 3.41955 117.979
136.399 16.1206 40.1685 3.41367 117.952
136.499 16.0848 40.1946 3.40778 117.926
136.599 16.049 40.2207 3.40188 117.9
136.699 16.0131 40.2467 3.39597 117.874
136.799 15.9773 40.2727 3.39004 117.848
136.899 15.9415 40.2986 3.3841 117.822
136.999 15.9056 40.3245 3.37815 117.797
137.099 15.8698 40.3503 3.37218 117.771
137.199 15.8339 40.376 3.36621 117.745
137.299 15.7981 40.4018 3.36022 117.719
137.399 15.7622 40.4274 3.35422 117.694
137.499 15.7263 40.4531 3.34821 117.668
137.599 15.6904 40.4786 3.34218 117.642
137.699 15.6545 40.5042 3.33614 117.617
137.799 15.6186 40.5296 3.3301 117.591
137.899 15.5827 40.5551 3.32403 117.566
137.999 15.5468 40.5804 3.31796 117.541
138.099 15.5108 40.6058 3.31188 117.515
138.199 15.4749 40.631 3.30578 117.49
138.299 15.4389 40.6563 3.29967 117.465
138.399 15.403 40.6815 3.29355 117.44
138.499 15.367 40.7066 3.28742 117.414
138.599 15.331 40.7317 3.28127 117.389
138.699 15.295 40.7567 3.27511 117.364
138.799 15.259 40.7817 3.26894 117.339
138.899 15.223 40.8066 3.26276 117.314
138.999 15.187 40.8315 3.25657 117.289
139.099 15.151 40.8563 3.25037 117.265
139.199 15.115 40.8811 3.24415 117.24
139.299 15.079 40.9059 3.23792 117.215
139.399 15.0429 40.9305 3.23168 117.19
139.499 15.0069 40.9552 3.22543 117.166
139.599 14.9708 40.9798 3.21916 117.141
139.699 14.9347 41.0043 3.21289 117.117
139.799 14.8987 41.0288 3.2066 117.092
139.899 14.8626 41.0532 3.2003 117.068
139.999 14.8265 41.0776 3.19399 117.043
140.099 14.7904 41.1019 3.18767 117.019
140.199 14.7543 41.1262 3.18133 116.995
140.299 14.7182 41.1504 3.17499 116.971
140.399 14.6821 41.1746 3.16863 116.946
140.499 14.6459 41.1987 3.16226 116.922
140.599 14.6098 41.2228 3.15588 116.898
140.699 14.5737 41.2468 3.14949 116.874
140.799 14.5375 41.2708 3.14309 116.85
140.899 14.5014 41.2947 3.13667 116.826
140.999 14.4652 41.3186 3.13024 116.802
141.099 14.429 41.3424 3.12381 116.779
141.199 14.3928 41.3662 3.11736 116.755
141.299 14.3566 41.3899 3.1109 116.731
141.399 14.3204 41.4136 3.10442 116.707
141.499 14.2842 41.4372 3.09794 116.684
141.599 14.248 41.4607 3.09144 116.66
141.699 14.2118 41.4842 3.08494 116.637
141.799 14.1756 41.5077 3.07842 116.613
141.899 14.1394 41.5311 3.07189 116.59
141.999 14.1031 41.5545 3.06535 116.567
142.099 14.0669 41.5778 3.0588 116.543
142.199 14.0306 41.601 3.05223 116.52
142.299 13.9944 41.6242 3.04566 116.497
142.399 13.9581 41.6474 3.03907 116.474
142.499 13.9218 41.6704 3.03248 116.451
142.6 13.8855 41.6935 3.02587 116.427
142.7 13.8492 41.7165 3.01925 116.404
142.8 13.8129 41.7394 3.01262 116.382
142.9 13.7766 41.7623 3.00598 116.359
143 13.7403 41.7851 2.99933 116.336
143.1 13.704 41.8079 2.99266 116.313
143.2 13.6677 41.8306 2.98599 116.29
143.3 13.6313 41.8533 2.9793 116.268
143.4 13.595 41.8759 2.97261 116.245
143.5 13.5587 41.8985 2.9659 116.222
143.6 13.5223 41.921 2.95918 116.2
143.7 13.4859 41.9434 2.95245 116.178
143.8 13.4496 41.9658 2.94571 116.155
143.9 13.4132 41.9882 2.93896 116.133
144 13.3768 42.0105 2.9322 116.11
144.1 13.3404 42.0327 2.92542 116.088
144.2 13.304 42.0549 2.91864 116.066
144.3 13.2676 42.0771 2.91184 116.044
144.4 13.2312 42.0992 2.90504 116.022
144.5 13.1948 42.1212 2.89822 116
144.6 13.1584 42.1432 2.89139 115.978
144.7 13.122 42.1651 2.88456 115.956
144.8 13.0855 42.1869 2.87771 115.934
144.9 13.0491 42.2088 2.87085 115.912
145 13.0126 42.2305 2.86398 115.89
145.1 12.9762 42.2522 2.8571 115.869
145.2 12.9397 42.2739 2.85021 115.847
145.3 12.9033 42.2955 2.84331 115.825
145.4 12.8668 42.317 2.83639 115.804
145.5 12.8303 42.3385 2.82947 115.782
145.6 12.7938 42.3599 2.82254 115.761
145.7 12.7573 42.3813 2.81559 115.74
145.8 12.7208 42.4026 2.80864 115.718
145.9 12.6843 42.4239 2.80168 115.697
146 12.6478 42.4451 2.7947 115.676
146.1 12.6113 42.4663 2.78771 115.655
146.2 12.5748 42.4874 2.78072 115.634
146.3 12.5382 42.5084 2.77371 115.613
146.4 12.5017 42.5294 2.7667 115.592
146.5 12.4652 42.5504 2.75967 115.571
146.6 12.4286 42.5713 2.75263 115.55
146.7 12.392 42.5921 2.74558 115.529
146.8 12.3555 42.6129 2.73853 115.508
146.9 12.3189 42.6336 2.73146 115.487
147 12.2823 42.6543 2.72438 115.467
147.1 12.2458 42.6749 2.71729 115.446
147.2 12.2092 42.6954 2.71019 115.426
147.3 12.1726 42.7159 2.70308 115.405
147.4 12.136 42.7364 2.69597 115.385
147.5 12.0994 42.7567 2.68884 115.364
147.6 12.0628 42.7771 2.6817 115.344
147.7 12.0261 42.7974 2.67455 115.324
147.8 11.9895 42.8176 2.66739 115.303
147.9 11.9529 42.8377 2.66022 115.283
148 11.9163 42.8578 2.65304 115.263
148.1 11.8796 42.8779 2.64585 115.243
148.2 11.843 42.8979 2.63866 115.223
148.3 11.8063 42.9178 2.63145 115.203
148.4 11.7697 42.9377 2.62423 115.183
148.5 11.733 42.9575 2.617 115.163
148.6 11.6963 42.9773 2.60976 115.144
148.7 11.6597 42.997 2.60252 115.124
148.8 11.623 43.0167 2.59526 115.104
148.9 11.5863 43.0363 2.58799 115.085
149 11.5496 43.0558 2.58071 115.065
149.1 11.5129 43.0753 2.57343 115.046
149.2 11.4762 43.0947 2.56613 115.026
149.3 11.4395 43.1141 2.55882 115.007
149.4 11.4028 43.1334 2.55151 114.988
149.5 11.366 43.1527 2.54418 114.968
149.6 11.3293 43.1719 2.53685 114.949
149.7 11.2926 43.191 2.5295 114.93
149.8 11.2558 43.2101 2.52215 114.911
149.9 11.2191 43.2291 2.51479 114.892
150 11.1824 43.2481 2.50741 114.873
150.1 11.1456 43.267 2.50003 114.854
150.2 11.1088 43.2859 2.49264 114.835
150.3 11.0721 43.3047 2.48524 114.816
150.4 11.0353 43.3234 2.47783 114.798
150.5 10.9985 43.3421 2.47041 114.779
150.6 10.9617 43.3608 2.46298 114.76
150.7 10.925 43.3793 2.45554 114.742
150.8 10.8882 43.3978 2.4481 114.723
150.9 10.8514 43.4163 2.44064 114.705
151 10.8146 43.4347 2.43317 114.686
151.1 10.7778 43.453 2.4257 114.668
151.2 10.741 43.4713 2.41821 114.65
151.3 10.7041 43.4895 2.41072 114.631
151.4 10.6673 43.5077 2.40322 114.613
151.5 10.6305 43.5258 2.39571 114.595
151.6 10.5937 43.5439 2.38819 114.577
151.7 10.5568 43.5619 2.38066 114.559
151.8 10.52 43.5798 2.37312 114.541
151.9 10.4831 43.5977 2.36557 114.523
152 10.4463 43.6155 2.35801 114.505
152.1 10.4094 43.6332 2.35045 114.488
152.2 10.3725 43.6509 2.34287 114.47
152.3 10.3357 43.6686 2.33529 114.452
152.4 10.2988 43.6862 2.3277 114.435
152.5 10.2619 43.7037 2.3201 114.417
152.6 10.225 43.7212 2.31249 114.4
152.7 10.1882 43.7386 2.30487 114.382
152.8 10.1513 43.7559 2.29724 114.365
152.9 10.1144 43.7732 2.28961 114.348
153 10.0775 43.7904 2.28196 114.331
153.1 10.0406 43.8076 2.27431 114.313
153.2 10.0036 43.8247 2.26665 114.296
153.3 9.96672 43.8418 2.25898 114.279
153.4 9.9298 43.8588 2.2513 114.262
153.5 9.89288 43.8757 2.24361 114.245
153.6 9.85594 43.8926 2.23591 114.228
153.7 9.81901 43.9094 2.22821 114.212
153.8 9.78207 43.9262 2.2205 114.195
153.9 9.74512 43.9429 2.21277 114.178
154 9.70817 43.9595 2.20504 114.161
154.1 9.67122 43.9761 2.19731 114.145
154.2 9.63426 43.9926 2.18956 114.128
154.3 9.59729 44.0091 2.18181 114.112
154.4 9.56033 44.0255 2.17404 114.096
154.5 9.52335 44.0418 2.16627 114.079
154.6 9.48638 44.0581 2.15849 114.063
154.7 9.44939 44.0743 2.1507 114.047
154.8 9.41241 44.0905 2.14291 114.03
154.9 9.37542 44.1066 2.1351 114.014
155 9.33842 44.1226 2.12729 113.998
155.1 9.30142 44.1386 2.11947 113.982
155.2 9.26442 44.1545 2.11164 113.966
155.3 9.22741 44.1704 2.10381 113.951
155.4 9.1904 44.1862 2.09596 113.935
155.5 9.15338 44.2019 2.08811 113.919
155.6 9.11636 44.2176 2.08025 113.903
155.7 9.07933 44.2332 2.07238 113.888
155.8 9.0423 44.2488 2.0645 113.872
155.9 9.00527 44.2643 2.05662 113.857
156 8.96823 44.2797 2.04873 113.841
156.1 8.93119 44.2951 2.04083 113.826
156.2 8.89414 44.3104 2.03292 113.811
156.3 8.85709 44.3257 2.025 113.795
156.4 8.82003 44.3409 2.01708 113.78
156.5 8.78297 44.356 2.00915 113.765
156.6 8.74591 44.3711 2.00121 113.75
156.7 8.70884 44.3861 1.99327 113.735
156.8 8.67177 44.4011 1.98531 113.72
156.9 8.6347 44.416 1.97735 113.705
157 8.59762 44.4308 1.96938 113.69
157.1 8.56053 44.4456 1.96141 113.675
157.2 8.52344 44.4603 1.95342 113.661
157.3 8.48635 44.475 1.94543 113.646
157.4 8.44926 44.4896 1.93743 113.631
157.5 8.41216 44.5041 1.92943 113.617
157.6 8.37505 44.5186 1.92141 113.602
157.7 8.33795 44.533 1.91339 113.588
157.8 8.30083 44.5473 1.90536 113.574
157.9 8.26372 44.5616 1.89733 113.559
158 8.2266 44.5758 1.88928 113.545
158.1 8.18948 44.59 1.88123 113.531
158.2 8.15235 44.6041 1.87318 113.517
158.3 8.11522 44.6181 1.86511 113.503
158.4 8.07808 44.6321 1.85704 113.489
158.5 8.04095 44.646 1.84896 113.475
158.6 8.0038 44.6599 1.84088 113.461
158.7 7.96666 44.6737 1.83278 113.447
158.8 7.92951 44.6874 1.82468 113.434
158.9 7.89236 44.7011 1.81658 113.42
159.001 7.8552 44.7147 1.80846 113.406
159.101 7.81804 44.7282 1.80034 113.393
159.201 7.78088 44.7417 1.79221 113.379
159.301 7.74371 44.7551 1.78408 113.366
159.401 7.70654 44.7685 1.77594 113.352
159.501 7.66936 44.7818 1.76779 113.339
159.601 7.63218 44.795 1.75964 113.326
159.701 7.595 44.8082 1.75147 113.313
159.801 7.55782 44.8213 1.74331 113.3
159.901 7.52063 44.8344 1.73513 113.287
160.001 7.48344 44.8474 1.72695 113.274
160.101 7.44624 44.8603 1.71876 113.261
160.201 7.40904 44.8732 1.71056 113.248
160.301 7.37184 44.886 1.70236 113.235
160.401 7.33463 44.8987 1.69415 113.222
160.501 7.29742 44.9114 1.68594 113.21
160.601 7.26021 44.924 1.67772 113.197
160.701 7.22299 44.9366 1.66949 113.184
160.801 7.18578 44.949 1.66126 113.172
160.901 7.14855 44.9615 1.65302 113.159
161.001 7.11133 44.9738 1.64477 113.147
161.101 7.0741 44.9861 1.63652 113.135
161.201 7.03687 44.9984 1.62826 113.123
161.301 6.99963 45.0106 1.61999 113.11
161.401 6.96239 45.0227 1.61172 113.098
161.501 6.92515 45.0347 1.60344 113.086
161.601 6.8879 45.0467 1.59516 113.074
161.701 6.85065 45.0587 1.58687 113.062
161.801 6.8134 45.0705 1.57857 113.05
161.901 6.77615 45.0823 1.57027 113.039
162.001 6.73889 45.0941 1.56196 113.027
162.101 6.70163 45.1057 1.55364 113.015
162.201 6.66437 45.1174 1.54532 113.004
162.301 6.6271 45.1289 1.53699 112.992
162.401 6.58983 45.1404 1.52866 112.981
162.501 6.55256 45.1518 1.52032 112.969
162.601 6.51528 45.1632 1.51198 112.958
162.701 6.478 45.1745 1.50363 112.946
162.801 6.44072 45.1857 1.49527 112.935
162.901 6.40343 45.1969 1.48691 112.924
163.001 6.36615 45.208 1.47854 112.913
163.101 6.32886 45.219 1.47017 112.902
163.201 6.29156 45.23 1.46179 112.891
163.301 6.25427 45.2409 1.45341 112.88
163.401 6.21697 45.2518 1.44502 112.869
163.501 6.17966 45.2626 1.43662 112.858
163.601 6.14236 45.2733 1.42822 112.848
163.701 6.10505 45.284 1.41981 112.837
163.801 6.06774 45.2946 1.4114 112.826
163.901 6.03043 45.3051 1.40298 112.816
164.001 5.99311 45.3156 1.39456 112.805
164.101 5.95579 45.326 1.38613 112.795
164.201 5.91847 45.3364 1.37769 112.785
164.301 5.88115 45.3466 1.36925 112.774
164.401 5.84382 45.3569 1.36081 112.764
164.501 5.80649 45.367 1.35236 112.754
164.601 5.76916 45.3771 1.3439 112.744
164.701 5.73182 45.3871 1.33544 112.734
164.801 5.69449 45.3971 1.32698 112.724
164.901 5.65715 45.407 1.31851 112.714
165.001 5.6198 45.4168 1.31003 112.704
165.101 5.58246 45.4266 1.30155 112.694
165.201 5.54511 45.4363 1.29307 112.685
165.301 5.50776 45.446 1.28457 112.675
165.401 5.47041 45.4556 1.27608 112.665
165.501 5.43305 45.4651 1.26758 112.656
165.601 5.3957 45.4745 1.25907 112.646
165.701 5.35834 45.4839 1.25056 112.637
165.801 5.32098 45.4933 1.24205 112.628
165.901 5.28361 45.5025 1.23353 112.618
166.001 5.24624 45.5117 1.225 112.609
166.101 5.20887 45.5208 1.21647 112.6
166.201 5.1715 45.5299 1.20794 112.591
166.301 5.13413 45.5389 1.1994 112.582
166.401 5.09675 45.5479 1.19085 112.573
166.501 5.05937 45.5567 1.1823 112.564
166.601 5.02199 45.5656 1.17375 112.555
166.701 4.98461 45.5743 1.16519 112.547
166.801 4.94722 45.583 1.15663 112.538
166.901 4.90984 45.5916 1.14806 112.529
167.001 4.87245 45.6002 1.13949 112.521
167.101 4.83505 45.6086 1.13092 112.512
167.201 4.79766 45.6171 1.12234 112.504
167.301 4.76026 45.6254 1.11375 112.496
167.401 4.72286 45.6337 1.10516 112.487
167.501 4.68546 45.642 1.09657 112.479
167.601 4.64806 45.6501 1.08797 112.471
167.701 4.61065 45.6582 1.07937 112.463
167.801 4.57325 45.6663 1.07077 112.455
167.901 4.53584 45.6742 1.06216 112.447
168.001 4.49843 45.6822 1.05354 112.439
168.101 4.46101 45.69 1.04492 112.431
168.201 4.4236 45.6978 1.0363 112.423
168.301 4.38618 45.7055 1.02768 112.415
168.401 4.34876 45.7131 1.01905 112.408
168.501 4.31134 45.7207 1.01041 112.4
168.601 4.27392 45.7283 1.00177 112.393
168.701 4.23649 45.7357 0.993132 112.385
168.801 4.19907 45.7431 0.984486 112.378
168.901 4.16164 45.7504 0.975837 112.371
169.001 4.12421 45.7577 0.967183 112.363
169.101 4.08678 45.7649 0.958526 112.356
169.201 4.04934 45.772 0.949865 112.349
169.301 4.0119 45.7791 0.941201 112.342
169.401 3.97447 45.7861 0.932532 112.335
169.501 3.93703 45.793 0.923861 112.328
169.601 3.89959 45.7999 0.915185 112.321
169.701 3.86214 45.8067 0.906506 112.314
169.801 3.8247 45.8134 0.897823 112.308
169.901 3.78725 45.8201 0.889137 112.301
170.001 3.7498 45.8267 0.880448 112.294
170.101 3.71235 45.8333 0.871755 112.288
170.201 3.6749 45.8398 0.863059 112.281
170.301 3.63745 45.8462 0.854359 112.275
170.401 3.59999 45.8525 0.845656 112.268
170.501 3.56254 45.8588 0.836949 112.262
170.601 3.52508 45.865 0.82824 112.256
170.701 3.48762 45.8712 0.819527 112.25
170.801 3.45016 45.8773 0.810811 112.244
170.901 3.4127 45.8833 0.802092 112.238
171.001 3.37523 45.8893 0.793369 112.232
171.101 3.33777 45.8952 0.784644 112.226
171.201 3.3003 45.901 0.775915 112.22
171.301 3.26283 45.9067 0.767184 112.214
171.401 3.22536 45.9124 0.758449 112.209
171.501 3.18789 45.9181 0.749712 112.203
171.601 3.15041 45.9236 0.740972 112.197
171.701 3.11294 45.9291 0.732228 112.192
171.801 3.07546 45.9346 0.723482 112.186
171.901 3.03799 45.9399 0.714733 112.181
172.001 3.00051 45.9453 0.705982 112.176
172.101 2.96303 45.9505 0.697227 112.17
172.201 2.92555 45.9557 0.68847 112.165
172.301 2.88807 45.9608 0.67971 112.16
172.401 2.85058 45.9658 0.670948 112.155
172.501 2.8131 45.9708 0.662182 112.15
172.601 2.77561 45.9757 0.653415 112.145
172.701 2.73812 45.9806 0.644644 112.14
172.801 2.70063 45.9853 0.635872 112.136
172.901 2.66314 45.9901 0.627096 112.131
173.001 2.62565 45.9947 0.618318 112.126
173.101 2.58816 45.9993 0.609538 112.122
173.201 2.55067 46.0038 0.600756 112.117
173.301 2.51317 46.0083 0.591971 112.113
173.401 2.47568 46.0126 0.583184 112.108
173.501 2.43818 46.017 0.574394 112.104
173.601 2.40068 46.0212 0.565603 112.1
173.701 2.36318 46.0254 0.556809 112.096
173.801 2.32568 46.0295 0.548013 112.091
173.901 2.28818 46.0336 0.539214 112.087
174.001 2.25068 46.0376 0.530414 112.083
174.101 2.21318 46.0415 0.521612 112.079
174.201 2.17567 46.0454 0.512807 112.076
174.301 2.13817 46.0492 0.504001 112.072
174.401 2.10066 46.0529 0.495192 112.068
174.501 2.06315 46.0566 0.486382 112.064
174.601 2.02565 46.0602 0.47757 112.061
174.701 1.98814 46.0637 0.468756 112.057
174.801 1.95063 46.0672 0.45994 112.054
174.901 1.91312 46.0706 0.451122 112.05
175.001 1.87561 46.0739 0.442302 112.047
175.101 1.83809 46.0772 0.433481 112.044
175.201 1.80058 46.0804 0.424658 112.041
175.301 1.76307 46.0835 0.415834 112.037
175.402 1.72555 46.0866 0.407007 112.034
175.502 1.68804 46.0896 0.39818 112.031
175.602 1.65052 46.0925 0.38935 112.028
175.702 1.61301 46.0954 0.380519 112.026
175.802 1.57549 46.0982 0.371687 112.023
175.902 1.53797 46.1009 0.362853 112.02
176.002 1.50045 46.1036 0.354018 112.017
176.102 1.46293 46.1062 0.345181 112.015
176.202 1.42541 46.1088 0.336343 112.012
176.302 1.38789 46.1112 0.327504 112.01
176.402 1.35037 46.1136 0.318663 112.007
176.502 1.31285 46.116 0.309822 112.005
176.602 1.27532 46.1183 0.300979 112.003
176.702 1.2378 46.1205 0.292134 112
176.802 1.20028 46.1226 0.283289 111.998
176.902 1.16275 46.1247 0.274443 111.996
177.002 1.12523 46.1267 0.265595 111.994
177.102 1.0877 46.1287 0.256746 111.992
177.202 1.05018 46.1306 0.247897 111.99
177.302 1.01265 46.1324 0.239046 111.989
177.402 0.975125 46.1341 0.230195 111.987
177.502 0.937598 46.1358 0.221343 111.985
177.602 0.900071 46.1374 0.212489 111.984
177.702 0.862543 46.139 0.203635 111.982
177.802 0.825015 46.1405 0.19478 111.98
177.902 0.787486 46.1419 0.185925 111.979
178.002 0.749957 46.1432 0.177068 111.978
178.102 0.712428 46.1445 0.168211 111.976
178.202 0.674898 46.1458 0.159354 111.975
178.302 0.637368 46.1469 0.150495 111.974
178.402 0.599838 46.148 0.141636 111.973
178.502 0.562308 46.149 0.132777 111.972
178.602 0.524777 46.15 0.123917 111.971
178.702 0.487246 46.1509 0.115056 111.97
178.802 0.449715 46.1517 0.106195 111.969
178.902 0.412183 46.1525 0.0973341 111.969
179.002 0.374652 46.1532 0.0884724 111.968
179.102 0.33712 46.1538 0.0796103 111.967
179.202 0.299588 46.1543 0.0707479 111.967
179.302 0.262056 46.1548 0.0618853 111.966
179.402 0.224524 46.1553 0.0530223 111.966
179.502 0.186992 46.1556 0.0441592 111.965
179.602 0.14946 46.1559 0.035296 111.965
179.702 0.111927 46.1562 0.0264325 111.965
179.802 0.0743949 46.1563 0.017569 111.965
179.902 0.0368625 46.1564 0.00870541 111.965
