0 2.9464e-15 10.1433 0 165.159
0.1 0.0419911 10.1433 0.00380487 165.159
0.2 0.0839818 10.1434 0.00760973 165.159
0.3 0.125972 10.1435 0.0114146 165.159
0.4 0.167961 10.1436 0.0152194 165.158
0.5 0.209949 10.1438 0.0190241 165.158
0.6 0.251935 10.144 0.0228289 165.158
0.7 0.293919 10.1442 0.0266335 165.158
0.8 0.3359 10.1445 0.0304381 165.158
0.9 0.377879 10.1448 0.0342426 165.157
1 0.419855 10.1451 0.038047 165.157
1.1 0.461828 10.1455 0.0418513 165.156
1.2 0.503797 10.146 0.0456555 165.156
1.3 0.545762 10.1464 0.0494596 165.156
1.4 0.587722 10.1469 0.0532635 165.155
1.5 0.629678 10.1475 0.0570673 165.155
1.6 0.671629 10.148 0.0608709 165.154
1.7 0.713574 10.1486 0.0646744 165.153
1.8 0.755514 10.1493 0.0684777 165.153
1.9 0.797448 10.15 0.0722808 165.152
2 0.839375 10.1507 0.0760837 165.151
2.1 0.881296 10.1515 0.0798864 165.151
2.2 0.923209 10.1522 0.0836889 165.15
2.3 0.965115 10.1531 0.0874912 165.149
2.4 1.00701 10.154 0.0912932 165.148
2.5 1.0489 10.1549 0.095095 165.147
2.6 1.09079 10.1558 0.0988965 165.146
2.7 1.13266 10.1568 0.102698 165.145
2.8 1.17452 10.1578 0.106499 165.144
2.9 1.21638 10.1589 0.110299 165.143
3 1.25822 10.1599 0.1141 165.142
3.1 1.30006 10.1611 0.1179 165.141
3.2 1.34188 10.1622 0.1217 165.14
3.3 1.3837 10.1634 0.125499 165.139
3.4 1.4255 10.1647 0.129298 165.137
3.5 1.46729 10.166 0.133097 165.136
3.6 1.50907 10.1673 0.136895 165.135
3.7 1.55084 10.1686 0.140693 165.133
3.8 1.5926 10.17 0.144491 165.132
3.9 1.63434 10.1714 0.148288 165.131
4 1.67607 10.1729 0.152085 165.129
4.1 1.71779 10.1744 0.155881 165.128
4.2 1.75949 10.1759 0.159677 165.126
4.3 1.80118 10.1775 0.163473 165.125
4.4 1.84285 10.1791 0.167268 165.123
4.5 1.88451 10.1808 0.171063 165.121
4.6 1.92616 10.1824 0.174857 165.12
4.7 1.96779 10.1842 0.178651 165.118
4.8 2.0094 10.1859 0.182444 165.116
4.9 2.051 10.1877 0.186237 165.114
5 2.09258 10.1895 0.190029 165.112
5.1 2.13414 10.1914 0.193821 165.111
5.2 2.17569 10.1933 0.197612 165.109
5.3 2.21722 10.1953 0.201403 165.107
5.4 2.25874 10.1972 0.205193 165.105
5.5 2.30023 10.1993 0.208983 165.103
5.6 2.34171 10.2013 0.212772 165.101
5.7 2.38317 10.2034 0.21656 165.099
5.8 2.42461 10.2055 0.220348 165.097
5.9 2.46603 10.2077 0.224135 165.094
6 2.50743 10.2099 0.227922 165.092
6.1 2.54881 10.2121 0.231708 165.09
6.2 2.59017 10.2144 0.235493 165.088
6.3 2.63151 10.2167 0.239278 165.085
6.4 2.67283 10.219 0.243062 165.083
6.5 2.71413 10.2214 0.246846 165.081
6.6 2.7554 10.2238 0.250629 165.078
6.7 2.79666 10.2263 0.254411 165.076
6.8 2.83789 10.2288 0.258192 165.073
6.9 2.8791 10.2313 0.261973 165.071
7 2.92029 10.2339 0.265753 165.068
7.1 2.96146 10.2365 0.269532 165.066
7.2 3.0026 10.2391 0.273311 165.063
7.3 3.04372 10.2418 0.277089 165.06
7.4 3.08481 10.2445 0.280866 165.057
7.5 3.12588 10.2473 0.284642 165.055
7.6 3.16692 10.2501 0.288418 165.052
7.7 3.20794 10.2529 0.292193 165.049
7.79999 3.24894 10.2558 0.295967 165.046
7.89999 3.28991 10.2587 0.29974 165.043
7.99999 3.33085 10.2616 0.303512 165.04
8.09999 3.37177 10.2646 0.307284 165.037
8.2 3.41266 10.2676 0.311054 165.034
8.3 3.45352 10.2706 0.314824 165.031
8.4 3.49436 10.2737 0.318593 165.028
8.5 3.53517 10.2768 0.322362 165.025
8.6 3.57595 10.28 0.326129 165.022
8.7 3.61671 10.2832 0.329895 165.019
8.8 3.65743 10.2864 0.333661 165.016
8.9 3.69813 10.2896 0.337426 165.012
9 3.7388 10.2929 0.341189 165.009
9.1 3.77943 10.2963 0.344952 165.006
9.2 3.82004 10.2997 0.348714 165.002
9.3 3.86062 10.3031 0.352475 164.999
9.4 3.90117 10.3065 0.356235 164.996
9.5 3.94169 10.31 0.359994 164.992
9.6 3.98218 10.3135 0.363752 164.989
9.7 4.02264 10.3171 0.367509 164.985
9.8 4.06306 10.3207 0.371265 164.981
9.9 4.10346 10.3243 0.37502 164.978
10 4.14382 10.328 0.378774 164.974
10.1 4.18415 10.3317 0.382527 164.97
10.2 4.22444 10.3354 0.386279 164.967
10.3 4.26471 10.3392 0.39003 164.963
10.4 4.30494 10.343 0.39378 164.959
10.5 4.34514 10.3468 0.397529 164.955
10.6 4.3853 10.3507 0.401276 164.951
10.7 4.42543 10.3546 0.405023 164.947
10.8 4.46553 10.3586 0.408769 164.943
10.9 4.50559 10.3626 0.412513 164.939
11 4.54562 10.3666 0.416256 164.935
11.1 4.58561 10.3707 0.419999 164.931
11.2 4.62556 10.3748 0.42374 164.927
11.3 4.66548 10.3789 0.42748 164.923
11.4 4.70537 10.3831 0.431218 164.919
11.5 4.74522 10.3873 0.434956 164.915
11.6 4.78503 10.3916 0.438692 164.91
11.7 4.8248 10.3959 0.442428 164.906
11.8 4.86454 10.4002 0.446162 164.902
11.9 4.90424 10.4045 0.449894 164.897
12 4.9439 10.4089 0.453626 164.893
12.1 4.98352 10.4134 0.457356 164.889
12.2 5.02311 10.4178 0.461085 164.884
12.3 5.06266 10.4223 0.464813 164.88
12.4 5.10217 10.4269 0.46854 164.875
12.5 5.14164 10.4314 0.472265 164.871
12.6 5.18107 10.436 0.475989 164.866
12.7 5.22046 10.4407 0.479712 164.861
12.8 5.25981 10.4454 0.483433 164.857
12.9 5.29912 10.4501 0.487154 164.852
13 5.33839 10.4548 0.490872 164.847
13.1 5.37761 10.4596 0.49459 164.842
13.2 5.4168 10.4645 0.498306 164.838
13.3 5.45595 10.4693 0.502021 164.833
13.4 5.49505 10.4742 0.505734 164.828
13.5 5.53412 10.4792 0.509446 164.823
13.6 5.57314 10.4841 0.513157 164.818
13.7 5.61212 10.4891 0.516866 164.813
13.8 5.65105 10.4942 0.520574 164.808
13.9 5.68995 10.4993 0.524281 164.803
14 5.7288 10.5044 0.527986 164.798
14.1 5.7676 10.5095 0.53169 164.792
14.2 5.80637 10.5147 0.535392 164.787
14.3 5.84508 10.5199 0.539093 164.782
14.4 5.88376 10.5252 0.542792 164.777
14.5 5.92239 10.5305 0.54649 164.772
14.6 5.96098 10.5358 0.550186 164.766
14.7 5.99952 10.5412 0.553881 164.761
14.8 6.03801 10.5466 0.557574 164.755
14.9 6.07646 10.552 0.561266 164.75
15 6.11487 10.5575 0.564956 164.745
15.1 6.15322 10.563 0.568645 164.739
15.2 6.19154 10.5685 0.572332 164.733
15.3 6.2298 10.5741 0.576018 164.728
15.4 6.26802 10.5797 0.579702 164.722
15.5 6.30619 10.5854 0.583385 164.717
15.6 6.34432 10.5911 0.587065 164.711
15.7 6.3824 10.5968 0.590745 164.705
15.8 6.42043 10.6026 0.594423 164.699
15.9 6.45841 10.6084 0.598099 164.694
16 6.49634 10.6142 0.601773 164.688
16.1 6.53423 10.6201 0.605446 164.682
16.2 6.57206 10.626 0.609117 164.676
16.3 6.60985 10.6319 0.612787 164.67
16.4 6.64759 10.6379 0.616455 164.664
16.5 6.68528 10.6439 0.620121 164.658
16.6 6.72291 10.6499 0.623786 164.652
16.7 6.7605 10.656 0.627448 164.646
16.8 6.79804 10.6621 0.63111 164.64
16.9 6.83553 10.6683 0.634769 164.634
17 6.87297 10.6744 0.638427 164.628
17.1 6.91036 10.6807 0.642083 164.621
17.2 6.94769 10.6869 0.645737 164.615
17.3 6.98498 10.6932 0.649389 164.609
17.4 7.02221 10.6995 0.65304 164.602
17.5 7.0594 10.7059 0.656689 164.596
17.6 7.09653 10.7123 0.660336 164.59
17.7 7.1336 10.7187 0.663982 164.583
17.8 7.17063 10.7252 0.667625 164.577
17.9 7.2076 10.7317 0.671267 164.57
18 7.24452 10.7382 0.674907 164.564
18.1 7.28139 10.7448 0.678545 164.557
18.2 7.3182 10.7514 0.682181 164.551
18.3 7.35496 10.7581 0.685816 164.544
18.4 7.39167 10.7647 0.689448 164.537
18.5 7.42832 10.7715 0.693079 164.531
18.6 7.46492 10.7782 0.696708 164.524
18.7 7.50146 10.785 0.700334 164.517
18.8 7.53795 10.7918 0.703959 164.51
18.9 7.57439 10.7987 0.707582 164.503
19 7.61077 10.8056 0.711204 164.496
19.1 7.64709 10.8125 0.714823 164.49
19.2 7.68336 10.8194 0.71844 164.483
19.3 7.71957 10.8264 0.722055 164.476
19.4 7.75573 10.8335 0.725669 164.469
19.5 7.79183 10.8405 0.72928 164.461
19.6 7.82788 10.8476 0.732889 164.454
19.7 7.86387 10.8548 0.736497 164.447
19.8 7.8998 10.8619 0.740102 164.44
19.9 7.93568 10.8691 0.743706 164.433
20 7.97149 10.8764 0.747307 164.426
20.1 8.00725 10.8837 0.750906 164.418
20.2 8.04296 10.891 0.754503 164.411
20.3 8.0786 10.8983 0.758099 164.404
20.4 8.11419 10.9057 0.761692 164.396
20.5 8.14972 10.9131 0.765283 164.389
20.6 8.18519 10.9205 0.768872 164.381
20.7 8.22061 10.928 0.772459 164.374
20.8 8.25596 10.9355 0.776044 164.366
20.9 8.29126 10.9431 0.779626 164.359
21 8.3265 10.9507 0.783207 164.351
21.1 8.36167 10.9583 0.786785 164.344
21.2 8.39679 10.966 0.790361 164.336
21.3 8.43185 10.9736 0.793936 164.328
21.4 8.46685 10.9814 0.797508 164.321
21.5 8.50179 10.9891 0.801077 164.313
21.6 8.53667 10.9969 0.804645 164.305
21.7 8.57149 11.0047 0.80821 164.297
21.8 8.60625 11.0126 0.811774 164.289
21.9 8.64095 11.0205 0.815335 164.282
22 8.67558 11.0284 0.818893 164.274
22.1 8.71016 11.0364 0.82245 164.266
22.2 8.74468 11.0444 0.826004 164.258
22.3 8.77913 11.0524 0.829556 164.25
22.4 8.81352 11.0605 0.833106 164.242
22.5 8.84785 11.0686 0.836654 164.233
22.6 8.88212 11.0767 0.840199 164.225
22.7001 8.91633 11.0849 0.843742 164.217
22.8001 8.95047 11.0931 0.847282 164.209
22.9001 8.98456 11.1014 0.850821 164.201
23.0001 9.01858 11.1096 0.854357 164.192
23.1001 9.05253 11.1179 0.85789 164.184
23.2001 9.08643 11.1263 0.861422 164.176
23.3001 9.12026 11.1346 0.864951 164.167
23.4001 9.15403 11.1431 0.868477 164.159
23.5001 9.18773 11.1515 0.872002 164.151
23.6001 9.22137 11.16 0.875523 164.142
23.7001 9.25495 11.1685 0.879043 164.134
23.8001 9.28847 11.177 0.88256 164.125
23.9001 9.32192 11.1856 0.886075 164.116
24.0001 9.3553 11.1942 0.889587 164.108
24.1001 9.38862 11.2029 0.893097 164.099
24.2001 9.42188 11.2115 0.896604 164.09
24.3001 9.45507 11.2203 0.900109 164.082
24.4001 9.4882 11.229 0.903612 164.073
24.5001 9.52126 11.2378 0.907112 164.064
24.6001 9.55426 11.2466 0.910609 164.055
24.7001 9.5872 11.2555 0.914104 164.047
24.8001 9.62006 11.2643 0.917597 164.038
24.9001 9.65287 11.2733 0.921087 164.029
25.0001 9.6856 11.2822 0.924575 164.02
25.1001 9.71827 11.2912 0.92806 164.011
25.2001 9.75088 11.3002 0.931542 164.002
25.3001 9.78342 11.3093 0.935022 163.993
25.4001 9.81589 11.3183 0.938499 163.984
25.5001 9.8483 11.3275 0.941974 163.975
25.6001 9.88064 11.3366 0.945447 163.965
25.7001 9.91291 11.3458 0.948916 163.956
25.8001 9.94512 11.355 0.952383 163.947
25.9001 9.97726 11.3643 0.955848 163.938
26.0001 10.0093 11.3735 0.95931 163.928
26.1001 10.0413 11.3829 0.962769 163.919
26.2001 10.0733 11.3922 0.966225 163.91
26.3001 10.1051 11.4016 0.969679 163.9
26.4001 10.137 11.411 0.973131 163.891
26.5001 10.1687 11.4205 0.976579 163.882
26.6001 10.2004 11.4299 0.980025 163.872
26.7001 10.232 11.4395 0.983469 163.863
26.8001 10.2635 11.449 0.986909 163.853
26.9001 10.295 11.4586 0.990347 163.843
27.0001 10.3264 11.4682 0.993782 163.834
27.1001 10.3577 11.4779 0.997215 163.824
27.2001 10.3889 11.4875 1.00064 163.814
27.3001 10.4201 11.4972 1.00407 163.805
27.4001 10.4513 11.507 1.0075 163.795
27.5001 10.4823 11.5168 1.01092 163.785
27.6001 10.5133 11.5266 1.01434 163.775
27.7001 10.5442 11.5364 1.01775 163.766
27.8001 10.5751 11.5463 1.02117 163.756
27.9001 10.6058 11.5562 1.02458 163.746
28.0001 10.6365 11.5662 1.02798 163.736
28.1001 10.6672 11.5761 1.03139 163.726
28.2001 10.6978 11.5862 1.03479 163.716
28.3001 10.7283 11.5962 1.03819 163.706
28.4001 10.7587 11.6063 1.04159 163.696
28.5001 10.789 11.6164 1.04498 163.686
28.6001 10.8193 11.6265 1.04837 163.676
28.7001 10.8496 11.6367 1.05176 163.665
28.8001 10.8797 11.6469 1.05514 163.655
28.9001 10.9098 11.6571 1.05852 163.645
29.0001 10.9398 11.6674 1.0619 163.635
29.1001 10.9697 11.6777 1.06528 163.624
29.2001 10.9996 11.688 1.06865 163.614
29.3001 11.0294 11.6984 1.07202 163.604
29.4001 11.0591 11.7088 1.07539 163.593
29.5001 11.0888 11.7192 1.07875 163.583
29.6001 11.1184 11.7297 1.08211 163.572
29.7001 11.1479 11.7402 1.08547 163.562
29.8001 11.1773 11.7507 1.08883 163.551
29.9001 11.2067 11.7613 1.09218 163.541
30.0001 11.236 11.7719 1.09553 163.53
30.1001 11.2652 11.7825 1.09888 163.52
30.2001 11.2944 11.7932 1.10222 163.509
30.3001 11.3235 11.8038 1.10556 163.498
30.4001 11.3525 11.8146 1.1089 163.487
30.5001 11.3814 11.8253 1.11223 163.477
30.6001 11.4103 11.8361 1.11556 163.466
30.7001 11.4391 11.8469 1.11889 163.455
30.8001 11.4678 11.8578 1.12222 163.444
30.9001 11.4965 11.8686 1.12554 163.433
31.0001 11.525 11.8796 1.12886 163.422
31.1001 11.5536 11.8905 1.13217 163.412
31.2001 11.582 11.9015 1.13549 163.401
31.3001 11.6104 11.9125 1.1388 163.39
31.4001 11.6386 11.9235 1.1421 163.379
31.5001 11.6669 11.9346 1.14541 163.367
31.6001 11.695 11.9457 1.14871 163.356
31.7001 11.7231 11.9568 1.152 163.345
31.8001 11.7511 11.968 1.1553 163.334
31.9001 11.779 11.9792 1.15859 163.323
32.0001 11.8069 11.9904 1.16188 163.312
32.1001 11.8347 12.0017 1.16516 163.3
32.2001 11.8624 12.013 1.16844 163.289
32.3001 11.89 12.0243 1.17172 163.278
32.4001 11.9176 12.0356 1.17499 163.266
32.5001 11.9451 12.047 1.17826 163.255
32.6001 11.9725 12.0584 1.18153 163.244
32.7001 11.9998 12.0699 1.1848 163.232
32.8001 12.0271 12.0813 1.18806 163.221
32.9001 12.0543 12.0929 1.19132 163.209
33.0001 12.0814 12.1044 1.19457 163.198
33.1001 12.1085 12.116 1.19782 163.186
33.2001 12.1354 12.1276 1.20107 163.174
33.3001 12.1623 12.1392 1.20432 163.163
33.4001 12.1892 12.1509 1.20756 163.151
33.5001 12.2159 12.1626 1.2108 163.139
33.6001 12.2426 12.1743 1.21403 163.128
33.7001 12.2692 12.186 1.21727 163.116
33.8001 12.2957 12.1978 1.22049 163.104
33.9001 12.3222 12.2096 1.22372 163.092
34.0001 12.3486 12.2215 1.22694 163.081
34.1001 12.3749 12.2334 1.23016 163.069
34.2001 12.4011 12.2453 1.23337 163.057
34.3 12.4273 12.2572 1.23659 163.045
34.4 12.4534 12.2692 1.23979 163.033
34.5 12.4794 12.2812 1.243 163.021
34.6 12.5053 12.2932 1.2462 163.009
34.7 12.5312 12.3053 1.2494 162.997
34.8 12.557 12.3174 1.25259 162.985
34.9 12.5827 12.3295 1.25578 162.973
35 12.6084 12.3417 1.25897 162.96
35.1 12.6339 12.3538 1.26216 162.948
35.2 12.6594 12.3661 1.26534 162.936
35.3 12.6848 12.3783 1.26851 162.924
35.4 12.7102 12.3906 1.27169 162.911
35.5 12.7355 12.4029 1.27486 162.899
35.6 12.7607 12.4152 1.27802 162.887
35.7 12.7858 12.4276 1.28119 162.874
35.8 12.8108 12.44 1.28435 162.862
35.9 12.8358 12.4524 1.2875 162.85
36 12.8607 12.4649 1.29065 162.837
36.1 12.8855 12.4773 1.2938 162.825
36.2 12.9102 12.4899 1.29695 162.812
36.3 12.9349 12.5024 1.30009 162.8
36.4 12.9595 12.515 1.30323 162.787
36.5 12.984 12.5276 1.30636 162.774
36.6 13.0085 12.5402 1.30949 162.762
36.7 13.0329 12.5529 1.31262 162.749
36.8 13.0572 12.5656 1.31575 162.736
36.9 13.0814 12.5783 1.31887 162.724
37 13.1055 12.591 1.32198 162.711
37.1 13.1296 12.6038 1.32509 162.698
37.2 13.1536 12.6166 1.3282 162.685
37.3 13.1775 12.6295 1.33131 162.673
37.4 13.2014 12.6424 1.33441 162.66
37.5 13.2251 12.6553 1.33751 162.647
37.6 13.2488 12.6682 1.3406 162.634
37.7 13.2724 12.6811 1.34369 162.621
37.8 13.296 12.6941 1.34678 162.608
37.9 13.3195 12.7072 1.34986 162.595
38 13.3428 12.7202 1.35294 162.582
38.1 13.3662 12.7333 1.35602 162.569
38.2 13.3894 12.7464 1.35909 162.556
38.3 13.4126 12.7595 1.36216 162.543
38.4 13.4357 12.7727 1.36522 162.529
38.5 13.4587 12.7859 1.36828 162.516
38.6 13.4816 12.7991 1.37134 162.503
38.7 13.5045 12.8123 1.37439 162.49
38.8 13.5273 12.8256 1.37744 162.476
38.9 13.55 12.8389 1.38049 162.463
39 13.5726 12.8523 1.38353 162.45
39.1 13.5952 12.8656 1.38657 162.436
39.2 13.6177 12.879 1.3896 162.423
39.3 13.6401 12.8924 1.39263 162.41
39.4 13.6625 12.9059 1.39566 162.396
39.5 13.6847 12.9194 1.39868 162.383
39.6 13.7069 12.9329 1.4017 162.369
39.7 13.729 12.9464 1.40471 162.356
39.8 13.7511 12.96 1.40772 162.342
39.9 13.773 12.9736 1.41073 162.328
40 13.7949 12.9872 1.41373 162.315
40.1 13.8167 13.0009 1.41673 162.301
40.2 13.8385 13.0145 1.41973 162.287
40.3 13.8601 13.0283 1.42272 162.274
40.4 13.8817 13.042 1.4257 162.26
40.5 13.9032 13.0558 1.42869 162.246
40.6 13.9246 13.0695 1.43167 162.232
40.7 13.946 13.0834 1.43464 162.219
40.7999 13.9673 13.0972 1.43761 162.205
40.8999 13.9885 13.1111 1.44058 162.191
40.9999 14.0096 13.125 1.44354 162.177
41.0999 14.0307 13.1389 1.4465 162.163
41.1999 14.0517 13.1529 1.44946 162.149
41.2999 14.0726 13.1669 1.45241 162.135
41.3999 14.0934 13.1809 1.45536 162.121
41.4999 14.1142 13.1949 1.4583 162.107
41.5999 14.1348 13.209 1.46124 162.093
41.6999 14.1555 13.2231 1.46417 162.079
41.7999 14.176 13.2372 1.4671 162.065
41.8999 14.1964 13.2514 1.47003 162.051
41.9999 14.2168 13.2656 1.47295 162.036
42.0999 14.2371 13.2798 1.47587 162.022
42.1999 14.2574 13.294 1.47879 162.008
42.2999 14.2775 13.3083 1.4817 161.994
42.3999 14.2976 13.3226 1.4846 161.979
42.4999 14.3176 13.3369 1.48751 161.965
42.5999 14.3375 13.3512 1.4904 161.951
42.6999 14.3574 13.3656 1.4933 161.936
42.7999 14.3772 13.38 1.49619 161.922
42.8999 14.3969 13.3944 1.49907 161.908
42.9999 14.4165 13.4089 1.50195 161.893
43.0999 14.436 13.4234 1.50483 161.879
43.1999 14.4555 13.4379 1.5077 161.864
43.2999 14.4749 13.4524 1.51057 161.85
43.3999 14.4943 13.467 1.51344 161.835
43.4999 14.5135 13.4816 1.5163 161.82
43.5999 14.5327 13.4962 1.51915 161.806
43.6999 14.5518 13.5108 1.52201 161.791
43.7999 14.5708 13.5255 1.52485 161.777
43.8999 14.5898 13.5402 1.5277 161.762
43.9999 14.6087 13.5549 1.53054 161.747
44.0999 14.6275 13.5697 1.53337 161.732
44.1999 14.6462 13.5845 1.5362 161.718
44.2999 14.6648 13.5993 1.53903 161.703
44.3999 14.6834 13.6141 1.54185 161.688
44.4999 14.7019 13.629 1.54467 161.673
44.5999 14.7204 13.6438 1.54748 161.658
44.6999 14.7387 13.6588 1.55029 161.643
44.7999 14.757 13.6737 1.55309 161.628
44.8999 14.7752 13.6886 1.55589 161.613
44.9999 14.7933 13.7036 1.55869 161.598
45.0999 14.8114 13.7187 1.56148 161.583
45.1999 14.8294 13.7337 1.56427 161.568
45.2999 14.8473 13.7488 1.56705 161.553
45.3999 14.8651 13.7639 1.56983 161.538
45.4999 14.8829 13.779 1.57261 161.523
45.5999 14.9006 13.7941 1.57538 161.508
45.6999 14.9182 13.8093 1.57814 161.493
45.7999 14.9357 13.8245 1.5809 161.478
45.8999 14.9532 13.8397 1.58366 161.462
45.9999 14.9706 13.855 1.58641 161.447
46.0999 14.9879 13.8702 1.58916 161.432
46.1999 15.0051 13.8855 1.5919 161.416
46.2999 15.0223 13.9009 1.59464 161.401
46.3999 15.0394 13.9162 1.59737 161.386
46.4999 15.0564 13.9316 1.6001 161.37
46.5999 15.0734 13.947 1.60283 161.355
46.6999 15.0903 13.9624 1.60555 161.34
46.7999 15.107 13.9779 1.60827 161.324
46.8999 15.1238 13.9933 1.61098 161.309
46.9999 15.1404 14.0088 1.61369 161.293
47.0999 15.157 14.0244 1.61639 161.278
47.1999 15.1735 14.0399 1.61909 161.262
47.2999 15.1899 14.0555 1.62178 161.247
47.3998 15.2063 14.0711 1.62447 161.231
47.4998 15.2226 14.0867 1.62715 161.215
47.5998 15.2388 14.1024 1.62983 161.2
47.6998 15.2549 14.1181 1.63251 161.184
47.7998 15.271 14.1338 1.63518 161.168
47.8998 15.287 14.1495 1.63785 161.153
47.9998 15.3029 14.1653 1.64051 161.137
48.0998 15.3187 14.181 1.64317 161.121
48.1998 15.3345 14.1968 1.64582 161.105
48.2998 15.3502 14.2127 1.64847 161.089
48.3998 15.3658 14.2285 1.65111 161.073
48.4998 15.3814 14.2444 1.65375 161.058
48.5998 15.3968 14.2603 1.65638 161.042
48.6998 15.4123 14.2762 1.65901 161.026
48.7998 15.4276 14.2922 1.66164 161.01
48.8998 15.4428 14.3082 1.66426 160.994
48.9998 15.458 14.3242 1.66687 160.978
49.0998 15.4731 14.3402 1.66948 160.962
49.1998 15.4882 14.3562 1.67209 160.946
49.2998 15.5032 14.3723 1.67469 160.93
49.3998 15.518 14.3884 1.67729 160.914
49.4998 15.5329 14.4045 1.67988 160.898
49.5998 15.5476 14.4207 1.68247 160.881
49.6998 15.5623 14.4368 1.68505 160.865
49.7998 15.5769 14.453 1.68763 160.849
49.8998 15.5914 14.4692 1.6902 160.833
49.9998 15.6059 14.4855 1.69277 160.817
50.0998 15.6203 14.5017 1.69533 160.8
50.1998 15.6346 14.518 1.69789 160.784
50.2998 15.6488 14.5343 1.70044 160.768
50.3998 15.663 14.5507 1.70299 160.751
50.4998 15.6771 14.567 1.70554 160.735
50.5998 15.6911 14.5834 1.70808 160.719
50.6998 15.7051 14.5998 1.71061 160.702
50.7998 15.719 14.6163 1.71314 160.686
50.8998 15.7328 14.6327 1.71567 160.669
50.9998 15.7465 14.6492 1.71819 160.653
51.0998 15.7602 14.6657 1.7207 160.636
51.1998 15.7738 14.6822 1.72321 160.62
51.2998 15.7873 14.6987 1.72572 160.603
51.3998 15.8008 14.7153 1.72822 160.587
51.4998 15.8142 14.7319 1.73071 160.57
51.5998 15.8275 14.7485 1.73321 160.553
51.6998 15.8407 14.7652 1.73569 160.537
51.7998 15.8539 14.7818 1.73817 160.52
51.8998 15.867 14.7985 1.74065 160.504
51.9998 15.88 14.8152 1.74312 160.487
52.0998 15.893 14.8319 1.74559 160.47
52.1998 15.9059 14.8487 1.74805 160.453
52.2998 15.9187 14.8655 1.75051 160.437
52.3998 15.9314 14.8823 1.75296 160.42
52.4998 15.9441 14.8991 1.7554 160.403
52.5998 15.9567 14.9159 1.75785 160.386
52.6998 15.9693 14.9328 1.76028 160.369
52.7998 15.9817 14.9497 1.76271 160.352
52.8998 15.9941 14.9666 1.76514 160.335
52.9998 16.0064 14.9835 1.76756 160.318
53.0998 16.0187 15.0005 1.76998 160.302
53.1998 16.0309 15.0175 1.77239 160.285
53.2998 16.043 15.0345 1.7748 160.268
53.3998 16.055 15.0515 1.7772 160.251
53.4998 16.067 15.0685 1.7796 160.233
53.5998 16.0789 15.0856 1.78199 160.216
53.6998 16.0907 15.1027 1.78438 160.199
53.7998 16.1025 15.1198 1.78676 160.182
53.8997 16.1142 15.1369 1.78913 160.165
53.9997 16.1258 15.1541 1.79151 160.148
54.0997 16.1373 15.1712 1.79387 160.131
54.1997 16.1488 15.1884 1.79623 160.114
54.2997 16.1602 15.2057 1.79859 160.096
54.3997 16.1716 15.2229 1.80094 160.079
54.4997 16.1829 15.2402 1.80329 160.062
54.5997 16.1941 15.2574 1.80563 160.045
54.6997 16.2052 15.2747 1.80796 160.027
54.7997 16.2163 15.2921 1.8103 160.01
54.8997 16.2273 15.3094 1.81262 159.993
54.9997 16.2382 15.3268 1.81494 159.975
55.0997 16.2491 15.3442 1.81726 159.958
55.1997 16.2598 15.3616 1.81957 159.94
55.2997 16.2706 15.379 1.82187 159.923
55.3997 16.2812 15.3965 1.82417 159.906
55.4997 16.2918 15.4139 1.82647 159.888
55.5997 16.3023 15.4314 1.82876 159.871
55.6997 16.3128 15.449 1.83104 159.853
55.7997 16.3231 15.4665 1.83332 159.836
55.8997 16.3335 15.484 1.83559 159.818
55.9997 16.3437 15.5016 1.83786 159.8
56.0997 16.3539 15.5192 1.84013 159.783
56.1997 16.364 15.5368 1.84238 159.765
56.2997 16.374 15.5545 1.84464 159.748
56.3997 16.384 15.5721 1.84688 159.73
56.4997 16.3939 15.5898 1.84913 159.712
56.5997 16.4037 15.6075 1.85136 159.694
56.6997 16.4135 15.6252 1.8536 159.677
56.7997 16.4232 15.643 1.85582 159.659
56.8997 16.4328 15.6608 1.85804 159.641
56.9997 16.4424 15.6785 1.86026 159.623
57.0997 16.4519 15.6963 1.86247 159.606
57.1997 16.4613 15.7142 1.86468 159.588
57.2997 16.4707 15.732 1.86688 159.57
57.3997 16.48 15.7499 1.86907 159.552
57.4997 16.4892 15.7678 1.87126 159.534
57.5997 16.4984 15.7857 1.87345 159.516
57.6997 16.5075 15.8036 1.87563 159.498
57.7997 16.5165 15.8215 1.8778 159.48
57.8997 16.5254 15.8395 1.87997 159.463
57.9997 16.5343 15.8575 1.88213 159.445
58.0997 16.5432 15.8755 1.88429 159.427
58.1997 16.5519 15.8935 1.88644 159.409
58.2997 16.5606 15.9115 1.88859 159.39
58.3997 16.5692 15.9296 1.89073 159.372
58.4997 16.5778 15.9477 1.89286 159.354
58.5997 16.5863 15.9658 1.89499 159.336
58.6997 16.5947 15.9839 1.89712 159.318
58.7997 16.6031 16.002 1.89924 159.3
58.8997 16.6114 16.0202 1.90135 159.282
58.9997 16.6196 16.0384 1.90346 159.264
59.0997 16.6278 16.0566 1.90557 159.245
59.1997 16.6359 16.0748 1.90766 159.227
59.2997 16.6439 16.093 1.90976 159.209
59.3997 16.6519 16.1112 1.91184 159.191
59.4997 16.6598 16.1295 1.91393 159.173
59.5997 16.6676 16.1478 1.916 159.154
59.6997 16.6754 16.1661 1.91807 159.136
59.7997 16.6831 16.1844 1.92014 159.118
59.8997 16.6907 16.2028 1.9222 159.099
59.9997 16.6983 16.2212 1.92425 159.081
60.0997 16.7058 16.2395 1.9263 159.062
60.1997 16.7133 16.2579 1.92834 159.044
60.2997 16.7207 16.2764 1.93038 159.026
60.3997 16.728 16.2948 1.93241 159.007
60.4996 16.7352 16.3132 1.93444 158.989
60.5996 16.7424 16.3317 1.93646 158.97
60.6996 16.7495 16.3502 1.93848 158.952
60.7996 16.7566 16.3687 1.94049 158.933
60.8996 16.7636 16.3873 1.94249 158.915
60.9996 16.7705 16.4058 1.94449 158.896
61.0996 16.7774 16.4244 1.94648 158.878
61.1996 16.7842 16.4429 1.94847 158.859
61.2996 16.7909 16.4615 1.95045 158.84
61.3996 16.7976 16.4802 1.95243 158.822
61.4996 16.8042 16.4988 1.9544 158.803
61.5996 16.8108 16.5175 1.95637 158.785
61.6996 16.8172 16.5361 1.95833 158.766
61.7996 16.8237 16.5548 1.96028 158.747
61.8996 16.83 16.5735 1.96223 158.728
61.9996 16.8363 16.5922 1.96417 158.71
62.0996 16.8425 16.611 1.96611 158.691
62.1996 16.8487 16.6297 1.96804 158.672
62.2996 16.8548 16.6485 1.96997 158.653
62.3996 16.8608 16.6673 1.97189 158.635
62.4996 16.8668 16.6861 1.9738 158.616
62.5996 16.8727 16.7049 1.97571 158.597
62.6996 16.8786 16.7238 1.97761 158.578
62.7996 16.8844 16.7427 1.97951 158.559
62.8996 16.8901 16.7615 1.9814 158.54
62.9996 16.8957 16.7804 1.98329 158.522
63.0996 16.9013 16.7993 1.98517 158.503
63.1996 16.9069 16.8183 1.98705 158.484
63.2996 16.9124 16.8372 1.98892 158.465
63.3996 16.9178 16.8562 1.99078 158.446
63.4996 16.9231 16.8752 1.99264 158.427
63.5996 16.9284 16.8941 1.99449 158.408
63.6996 16.9336 16.9132 1.99633 158.389
63.7996 16.9388 16.9322 1.99817 158.37
63.8996 16.9439 16.9512 2.00001 158.351
63.9996 16.9489 16.9703 2.00184 158.332
64.0996 16.9539 16.9894 2.00366 158.313
64.1996 16.9588 17.0085 2.00548 158.294
64.2996 16.9637 17.0276 2.00729 158.274
64.3996 16.9685 17.0467 2.0091 158.255
64.4996 16.9732 17.0658 2.0109 158.236
64.5996 16.9779 17.085 2.01269 158.217
64.6996 16.9825 17.1042 2.01448 158.198
64.7996 16.9871 17.1234 2.01626 158.179
64.8996 16.9915 17.1426 2.01804 158.159
64.9996 16.996 17.1618 2.01981 158.14
65.0996 17.0003 17.181 2.02157 158.121
65.1996 17.0046 17.2003 2.02333 158.102
65.2996 17.0089 17.2195 2.02509 158.082
65.3996 17.0131 17.2388 2.02684 158.063
65.4996 17.0172 17.2581 2.02858 158.044
65.5996 17.0213 17.2774 2.03031 158.025
65.6996 17.0253 17.2968 2.03204 158.005
65.7996 17.0292 17.3161 2.03377 157.986
65.8996 17.0331 17.3355 2.03549 157.967
65.9996 17.0369 17.3548 2.0372 157.947
66.0996 17.0407 17.3742 2.0389 157.928
66.1996 17.0444 17.3936 2.0406 157.908
66.2996 17.048 17.413 2.0423 157.889
66.3996 17.0516 17.4325 2.04399 157.87
66.4996 17.0552 17.4519 2.04567 157.85
66.5996 17.0586 17.4714 2.04735 157.831
66.6996 17.062 17.4909 2.04902 157.811
66.7996 17.0654 17.5104 2.05068 157.792
66.8996 17.0687 17.5299 2.05234 157.772
66.9995 17.0719 17.5494 2.054 157.753
67.0995 17.0751 17.5689 2.05564 157.733
67.1995 17.0782 17.5885 2.05729 157.714
67.2995 17.0812 17.608 2.05892 157.694
67.3995 17.0842 17.6276 2.06055 157.674
67.4995 17.0872 17.6472 2.06217 157.655
67.5995 17.09 17.6668 2.06379 157.635
67.6995 17.0928 17.6864 2.0654 157.616
67.7995 17.0956 17.7061 2.06701 157.596
67.8995 17.0983 17.7257 2.06861 157.576
67.9995 17.101 17.7454 2.0702 157.557
68.0995 17.1035 17.7651 2.07179 157.537
68.1995 17.1061 17.7848 2.07337 157.517
68.2995 17.1085 17.8045 2.07495 157.498
68.3995 17.1109 17.8242 2.07651 157.478
68.4995 17.1133 17.8439 2.07808 157.458
68.5995 17.1156 17.8637 2.07964 157.438
68.6995 17.1178 17.8834 2.08119 157.419
68.7995 17.12 17.9032 2.08273 157.399
68.8995 17.1221 17.923 2.08427 157.379
68.9995 17.1242 17.9428 2.0858 157.359
69.0995 17.1262 17.9626 2.08733 157.339
69.1995 17.1282 17.9824 2.08885 157.32
69.2995 17.1301 18.0023 2.09037 157.3
69.3995 17.1319 18.0221 2.09188 157.28
69.4995 17.1337 18.042 2.09338 157.26
69.5995 17.1354 18.0619 2.09488 157.24
69.6995 17.1371 18.0817 2.09637 157.22
69.7995 17.1387 18.1017 2.09785 157.2
69.8995 17.1402 18.1216 2.09933 157.18
69.9995 17.1417 18.1415 2.1008 157.161
70.0995 17.1432 18.1614 2.10227 157.141
70.1995 17.1446 18.1814 2.10373 157.121
70.2995 17.1459 18.2014 2.10518 157.101
70.3995 17.1472 18.2213 2.10663 157.081
70.4995 17.1484 18.2413 2.10807 157.061
70.5995 17.1495 18.2613 2.10951 157.041
70.6995 17.1506 18.2814 2.11094 157.021
70.7995 17.1517 18.3014 2.11236 157.001
70.8995 17.1527 18.3214 2.11378 156.981
70.9995 17.1536 18.3415 2.11519 156.961
71.0995 17.1545 18.3615 2.11659 156.94
71.1995 17.1553 18.3816 2.11799 156.92
71.2995 17.1561 18.4017 2.11938 156.9
71.3995 17.1568 18.4218 2.12077 156.88
71.4995 17.1575 18.4419 2.12215 156.86
71.5995 17.1581 18.4621 2.12352 156.84
71.6995 17.1586 18.4822 2.12489 156.82
71.7995 17.1591 18.5023 2.12625 156.8
71.8995 17.1596 18.5225 2.12761 156.78
71.9995 17.16 18.5427 2.12895 156.759
72.0995 17.1603 18.5629 2.1303 156.739
72.1995 17.1606 18.583 2.13163 156.719
72.2995 17.1608 18.6033 2.13296 156.699
72.3995 17.161 18.6235 2.13429 156.679
72.4995 17.1611 18.6437 2.1356 156.658
72.5995 17.1611 18.6639 2.13692 156.638
72.6995 17.1612 18.6842 2.13822 156.618
72.7995 17.1611 18.7045 2.13952 156.598
72.8995 17.161 18.7247 2.14081 156.577
72.9995 17.1609 18.745 2.1421 156.557
73.0995 17.1606 18.7653 2.14338 156.537
73.1995 17.1604 18.7856 2.14465 156.516
73.2995 17.1601 18.8059 2.14592 156.496
73.3995 17.1597 18.8262 2.14718 156.476
73.4995 17.1593 18.8466 2.14844 156.455
73.5994 17.1588 18.8669 2.14969 156.435
73.6994 17.1583 18.8873 2.15093 156.415
73.7994 17.1577 18.9077 2.15216 156.394
73.8994 17.1571 18.928 2.15339 156.374
73.9994 17.1564 18.9484 2.15462 156.354
74.0994 17.1556 18.9688 2.15583 156.333
74.1994 17.1548 18.9892 2.15704 156.313
74.2994 17.154 19.0096 2.15825 156.292
74.3994 17.1531 19.0301 2.15945 156.272
74.4994 17.1521 19.0505 2.16064 156.252
74.5994 17.1511 19.071 2.16182 156.231
74.6994 17.1501 19.0914 2.163 156.211
74.7994 17.149 19.1119 2.16418 156.19
74.8994 17.1478 19.1324 2.16534 156.17
74.9994 17.1466 19.1529 2.1665 156.149
75.0994 17.1453 19.1734 2.16766 156.129
75.1994 17.144 19.1939 2.1688 156.108
75.2994 17.1427 19.2144 2.16994 156.088
75.3994 17.1412 19.2349 2.17108 156.067
75.4994 17.1398 19.2554 2.17221 156.047
75.5994 17.1382 19.276 2.17333 156.026
75.6994 17.1367 19.2965 2.17444 156.005
75.7994 17.135 19.3171 2.17555 155.985
75.8994 17.1334 19.3377 2.17665 155.964
75.9994 17.1316 19.3583 2.17775 155.944
76.0994 17.1299 19.3788 2.17884 155.923
76.1994 17.128 19.3994 2.17992 155.903
76.2994 17.1262 19.4201 2.181 155.882
76.3994 17.1242 19.4407 2.18207 155.861
76.4994 17.1222 19.4613 2.18313 155.841
76.5994 17.1202 19.4819 2.18419 155.82
76.6994 17.1181 19.5026 2.18524 155.799
76.7994 17.116 19.5232 2.18629 155.779
76.8994 17.1138 19.5439 2.18732 155.758
76.9994 17.1116 19.5645 2.18836 155.737
77.0994 17.1093 19.5852 2.18938 155.717
77.1994 17.107 19.6059 2.1904 155.696
77.2994 17.1046 19.6266 2.19141 155.675
77.3994 17.1021 19.6473 2.19242 155.655
77.4994 17.0997 19.668 2.19342 155.634
77.5994 17.0971 19.6887 2.19441 155.613
77.6994 17.0945 19.7094 2.1954 155.593
77.7994 17.0919 19.7302 2.19638 155.572
77.8994 17.0892 19.7509 2.19735 155.551
77.9994 17.0865 19.7717 2.19832 155.53
78.0994 17.0837 19.7924 2.19928 155.51
78.1994 17.0809 19.8132 2.20023 155.489
78.2994 17.078 19.834 2.20118 155.468
78.3994 17.0751 19.8547 2.20212 155.447
78.4994 17.0721 19.8755 2.20305 155.426
78.5994 17.0691 19.8963 2.20398 155.406
78.6994 17.066 19.9171 2.2049 155.385
78.7994 17.0629 19.9379 2.20581 155.364
78.8994 17.0597 19.9587 2.20672 155.343
78.9994 17.0565 19.9796 2.20762 155.322
79.0994 17.0532 20.0004 2.20852 155.302
79.1994 17.0499 20.0212 2.20941 155.281
79.2994 17.0465 20.0421 2.21029 155.26
79.3994 17.0431 20.0629 2.21116 155.239
79.4994 17.0396 20.0838 2.21203 155.218
79.5994 17.0361 20.1046 2.2129 155.197
79.6994 17.0326 20.1255 2.21375 155.177
79.7994 17.0289 20.1464 2.2146 155.156
79.8994 17.0253 20.1673 2.21544 155.135
79.9994 17.0216 20.1882 2.21628 155.114
80.0993 17.0178 20.2091 2.21711 155.093
80.1993 17.014 20.23 2.21793 155.072
80.2993 17.0102 20.2509 2.21875 155.051
80.3993 17.0063 20.2718 2.21956 155.03
80.4993 17.0024 20.2927 2.22036 155.009
80.5993 16.9984 20.3136 2.22116 154.988
80.6993 16.9943 20.3346 2.22195 154.967
80.7993 16.9903 20.3555 2.22273 154.947
80.8993 16.9861 20.3765 2.2235 154.926
80.9993 16.982 20.3974 2.22427 154.905
81.0993 16.9777 20.4184 2.22504 154.884
81.1993 16.9735 20.4393 2.22579 154.863
81.2993 16.9691 20.4603 2.22654 154.842
81.3993 16.9648 20.4813 2.22729 154.821
81.4993 16.9604 20.5023 2.22802 154.8
81.5993 16.9559 20.5232 2.22875 154.779
81.6993 16.9514 20.5442 2.22948 154.758
81.7993 16.9469 20.5652 2.2302 154.737
81.8993 16.9423 20.5862 2.23091 154.716
81.9993 16.9376 20.6072 2.23161 154.695
82.0993 16.9329 20.6282 2.23231 154.674
82.1993 16.9282 20.6493 2.233 154.653
82.2993 16.9234 20.6703 2.23368 154.632
82.3993 16.9186 20.6913 2.23436 154.611
82.4993 16.9137 20.7123 2.23503 154.59
82.5993 16.9088 20.7334 2.23569 154.569
82.6993 16.9039 20.7544 2.23635 154.548
82.7993 16.8989 20.7755 2.237 154.527
82.8993 16.8938 20.7965 2.23764 154.506
82.9993 16.8887 20.8176 2.23828 154.484
83.0993 16.8836 20.8386 2.23891 154.463
83.1993 16.8784 20.8597 2.23953 154.442
83.2993 16.8732 20.8808 2.24015 154.421
83.3993 16.8679 20.9018 2.24076 154.4
83.4993 16.8626 20.9229 2.24136 154.379
83.5993 16.8572 20.944 2.24196 154.358
83.6993 16.8518 20.9651 2.24255 154.337
83.7993 16.8463 20.9862 2.24313 154.316
83.8993 16.8408 21.0073 2.24371 154.295
83.9993 16.8353 21.0284 2.24428 154.274
84.0993 16.8297 21.0495 2.24484 154.253
84.1993 16.8241 21.0706 2.24539 154.231
84.2993 16.8184 21.0917 2.24594 154.21
84.3993 16.8127 21.1128 2.24649 154.189
84.4993 16.8069 21.1339 2.24702 154.168
84.5993 16.8011 21.155 2.24755 154.147
84.6993 16.7953 21.1761 2.24808 154.126
84.7993 16.7894 21.1973 2.24859 154.105
84.8993 16.7834 21.2184 2.2491 154.084
84.9993 16.7774 21.2395 2.2496 154.062
85.0993 16.7714 21.2607 2.2501 154.041
85.1993 16.7653 21.2818 2.25059 154.02
85.2993 16.7592 21.303 2.25107 153.999
85.3993 16.7531 21.3241 2.25154 153.978
85.4993 16.7469 21.3453 2.25201 153.957
85.5993 16.7406 21.3664 2.25247 153.936
85.6993 16.7343 21.3876 2.25293 153.914
85.7993 16.728 21.4087 2.25338 153.893
85.8993 16.7216 21.4299 2.25382 153.872
85.9993 16.7152 21.451 2.25425 153.851
86.0993 16.7088 21.4722 2.25468 153.83
86.1993 16.7023 21.4934 2.2551 153.809
86.2993 16.6957 21.5145 2.25552 153.787
86.3993 16.6891 21.5357 2.25592 153.766
86.4993 16.6825 21.5569 2.25633 153.745
86.5993 16.6758 21.5781 2.25672 153.724
86.6992 16.6691 21.5992 2.25711 153.703
86.7992 16.6624 21.6204 2.25749 153.682
86.8992 16.6556 21.6416 2.25786 153.66
86.9992 16.6487 21.6628 2.25823 153.639
87.0992 16.6419 21.684 2.25859 153.618
87.1992 16.6349 21.7052 2.25894 153.597
87.2992 16.628 21.7264 2.25929 153.576
87.3992 16.621 21.7476 2.25963 153.554
87.4992 16.6139 21.7688 2.25996 153.533
87.5992 16.6068 21.7899 2.26028 153.512
87.6992 16.5997 21.8111 2.2606 153.491
87.7992 16.5925 21.8323 2.26092 153.47
87.8992 16.5853 21.8535 2.26122 153.448
87.9992 16.5781 21.8747 2.26152 153.427
88.0992 16.5708 21.896 2.26181 153.406
88.1992 16.5634 21.9172 2.2621 153.385
88.2992 16.5561 21.9384 2.26237 153.364
88.3992 16.5486 21.9596 2.26265 153.342
88.4992 16.5412 21.9808 2.26291 153.321
88.5992 16.5337 22.002 2.26317 153.3
88.6992 16.5261 22.0232 2.26342 153.279
88.7992 16.5186 22.0444 2.26366 153.258
88.8992 16.5109 22.0656 2.2639 153.236
88.9992 16.5033 22.0868 2.26413 153.215
89.0992 16.4956 22.108 2.26435 153.194
89.1992 16.4878 22.1293 2.26457 153.173
89.2992 16.4801 22.1505 2.26478 153.152
89.3992 16.4722 22.1717 2.26498 153.13
89.4992 16.4644 22.1929 2.26518 153.109
89.5992 16.4565 22.2141 2.26537 153.088
89.6992 16.4485 22.2353 2.26555 153.067
89.7992 16.4405 22.2565 2.26572 153.045
89.8992 16.4325 22.2778 2.26589 153.024
89.9992 16.4245 22.299 2.26605 153.003
90.0992 16.4164 22.3202 2.26621 152.982
90.1992 16.4082 22.3414 2.26636 152.961
90.2992 16.4 22.3626 2.2665 152.939
90.3992 16.3918 22.3838 2.26663 152.918
90.4992 16.3836 22.4051 2.26676 152.897
90.5992 16.3753 22.4263 2.26688 152.876
90.6992 16.3669 22.4475 2.26699 152.855
90.7992 16.3585 22.4687 2.2671 152.833
90.8992 16.3501 22.4899 2.2672 152.812
90.9992 16.3417 22.5111 2.26729 152.791
91.0992 16.3332 22.5323 2.26738 152.77
91.1992 16.3247 22.5535 2.26746 152.748
91.2992 16.3161 22.5748 2.26753 152.727
91.3992 16.3075 22.596 2.26759 152.706
91.4992 16.2988 22.6172 2.26765 152.685
91.5992 16.2901 22.6384 2.2677 152.664
91.6992 16.2814 22.6596 2.26775 152.642
91.7992 16.2727 22.6808 2.26778 152.621
91.8992 16.2638 22.702 2.26782 152.6
91.9992 16.255 22.7232 2.26784 152.579
92.0992 16.2461 22.7444 2.26786 152.558
92.1992 16.2372 22.7656 2.26787 152.536
92.2992 16.2283 22.7868 2.26787 152.515
92.3992 16.2193 22.808 2.26786 152.494
92.4992 16.2102 22.8292 2.26785 152.473
92.5992 16.2012 22.8504 2.26784 152.452
92.6992 16.1921 22.8716 2.26781 152.43
92.7992 16.1829 22.8928 2.26778 152.409
92.8992 16.1737 22.914 2.26774 152.388
92.9992 16.1645 22.9352 2.2677 152.367
93.0992 16.1553 22.9563 2.26764 152.346
93.1992 16.146 22.9775 2.26758 152.324
93.2991 16.1367 22.9987 2.26752 152.303
93.3991 16.1273 23.0199 2.26745 152.282
93.4991 16.1179 23.0411 2.26737 152.261
93.5991 16.1084 23.0622 2.26728 152.24
93.6991 16.099 23.0834 2.26718 152.219
93.7991 16.0895 23.1046 2.26708 152.197
93.8991 16.0799 23.1257 2.26698 152.176
93.9991 16.0703 23.1469 2.26686 152.155
94.0991 16.0607 23.1681 2.26674 152.134
94.1991 16.051 23.1892 2.26661 152.113
94.2991 16.0413 23.2104 2.26648 152.092
94.3991 16.0316 23.2315 2.26633 152.07
94.4991 16.0218 23.2527 2.26618 152.049
94.5991 16.012 23.2738 2.26603 152.028
94.6991 16.0022 23.295 2.26586 152.007
94.7991 15.9923 23.3161 2.26569 151.986
94.8991 15.9824 23.3373 2.26552 151.965
94.9991 15.9724 23.3584 2.26533 151.944
95.0991 15.9624 23.3795 2.26514 151.922
95.1991 15.9524 23.4007 2.26494 151.901
95.2991 15.9424 23.4218 2.26474 151.88
95.3991 15.9323 23.4429 2.26453 151.859
95.4991 15.9221 23.464 2.26431 151.838
95.5991 15.912 23.4852 2.26408 151.817
95.6991 15.9018 23.5063 2.26385 151.796
95.7991 15.8915 23.5274 2.26361 151.775
95.8991 15.8813 23.5485 2.26336 151.754
95.9991 15.871 23.5696 2.26311 151.732
96.0991 15.8606 23.5907 2.26285 151.711
96.1991 15.8502 23.6118 2.26258 151.69
96.2991 15.8398 23.6329 2.26231 151.669
96.3991 15.8294 23.654 2.26203 151.648
96.4991 15.8189 23.675 2.26174 151.627
96.5991 15.8084 23.6961 2.26144 151.606
96.6991 15.7978 23.7172 2.26114 151.585
96.7991 15.7872 23.7383 2.26083 151.564
96.8991 15.7766 23.7593 2.26052 151.543
96.9991 15.766 23.7804 2.26019 151.522
97.0991 15.7553 23.8014 2.25986 151.501
97.1991 15.7446 23.8225 2.25953 151.48
97.2991 15.7338 23.8435 2.25918 151.458
97.3991 15.723 23.8646 2.25883 151.437
97.4991 15.7122 23.8856 2.25847 151.416
97.5991 15.7013 23.9066 2.25811 151.395
97.6991 15.6904 23.9277 2.25774 151.374
97.7991 15.6795 23.9487 2.25736 151.353
97.8991 15.6685 23.9697 2.25697 151.332
97.9991 15.6575 23.9907 2.25658 151.311
98.0991 15.6465 24.0117 2.25618 151.29
98.1991 15.6354 24.0327 2.25577 151.269
98.2991 15.6243 24.0537 2.25536 151.248
98.3991 15.6132 24.0747 2.25494 151.227
98.4991 15.602 24.0957 2.25451 151.206
98.5991 15.5908 24.1167 2.25408 151.185
98.6991 15.5796 24.1377 2.25364 151.164
98.7991 15.5683 24.1586 2.25319 151.143
98.8991 15.557 24.1796 2.25273 151.122
98.9991 15.5457 24.2005 2.25227 151.101
99.0991 15.5343 24.2215 2.2518 151.081
99.1991 15.5229 24.2424 2.25132 151.06
99.2991 15.5115 24.2634 2.25084 151.039
99.3991 15.5 24.2843 2.25035 151.018
99.4991 15.4885 24.3052 2.24985 150.997
99.5991 15.477 24.3262 2.24935 150.976
99.6991 15.4654 24.3471 2.24884 150.955
99.799 15.4538 24.368 2.24832 150.934
99.899 15.4422 24.3889 2.2478 150.913
99.999 15.4305 24.4098 2.24726 150.892
100.099 15.4188 24.4307 2.24672 150.871
100.199 15.4071 24.4516 2.24618 150.85
100.299 15.3954 24.4724 2.24563 150.83
100.399 15.3836 24.4933 2.24507 150.809
100.499 15.3717 24.5142 2.2445 150.788
100.599 15.3599 24.535 2.24393 150.767
100.699 15.348 24.5559 2.24335 150.746
100.799 15.3361 24.5767 2.24276 150.725
100.899 15.3241 24.5976 2.24216 150.704
100.999 15.3121 24.6184 2.24156 150.684
101.099 15.3001 24.6392 2.24095 150.663
101.199 15.2881 24.66 2.24034 150.642
101.299 15.276 24.6808 2.23972 150.621
101.399 15.2639 24.7016 2.23909 150.6
101.499 15.2517 24.7224 2.23845 150.58
101.599 15.2396 24.7432 2.23781 150.559
101.699 15.2274 24.764 2.23716 150.538
101.799 15.2151 24.7848 2.2365 150.517
101.899 15.2029 24.8055 2.23584 150.496
101.999 15.1906 24.8263 2.23516 150.476
102.099 15.1782 24.847 2.23449 150.455
102.199 15.1659 24.8678 2.2338 150.434
102.299 15.1535 24.8885 2.23311 150.414
102.399 15.1411 24.9092 2.23241 150.393
102.499 15.1286 24.9299 2.2317 150.372
102.599 15.1161 24.9507 2.23099 150.351
102.699 15.1036 24.9714 2.23027 150.331
102.799 15.091 24.992 2.22955 150.31
102.899 15.0785 25.0127 2.22881 150.289
102.999 15.0659 25.0334 2.22807 150.269
103.099 15.0532 25.0541 2.22732 150.248
103.199 15.0405 25.0747 2.22657 150.227
103.299 15.0278 25.0954 2.22581 150.207
103.399 15.0151 25.116 2.22504 150.186
103.499 15.0024 25.1367 2.22427 150.165
103.599 14.9896 25.1573 2.22348 150.145
103.699 14.9767 25.1779 2.22269 150.124
103.799 14.9639 25.1985 2.2219 150.104
103.899 14.951 25.2191 2.22109 150.083
103.999 14.9381 25.2397 2.22028 150.062
104.099 14.9252 25.2603 2.21947 150.042
104.199 14.9122 25.2809 2.21864 150.021
104.299 14.8992 25.3014 2.21781 150.001
104.399 14.8862 25.322 2.21698 149.98
104.499 14.8731 25.3425 2.21613 149.96
104.599 14.86 25.3631 2.21528 149.939
104.699 14.8469 25.3836 2.21442 149.918
104.799 14.8337 25.4041 2.21356 149.898
104.899 14.8206 25.4246 2.21268 149.877
104.999 14.8073 25.4451 2.2118 149.857
105.099 14.7941 25.4656 2.21092 149.836
105.199 14.7808 25.4861 2.21003 149.816
105.299 14.7675 25.5065 2.20913 149.795
105.399 14.7542 25.527 2.20822 149.775
105.499 14.7409 25.5474 2.2073 149.755
105.599 14.7275 25.5679 2.20638 149.734
105.699 14.7141 25.5883 2.20546 149.714
105.799 14.7006 25.6087 2.20452 149.693
105.899 14.6872 25.6291 2.20358 149.673
105.999 14.6737 25.6495 2.20263 149.652
106.099 14.6601 25.6699 2.20168 149.632
106.199 14.6466 25.6903 2.20071 149.612
106.299 14.633 25.7107 2.19974 149.591
106.399 14.6194 25.731 2.19877 149.571
106.499 14.6057 25.7514 2.19779 149.551
106.599 14.5921 25.7717 2.1968 149.53
106.699 14.5784 25.792 2.1958 149.51
106.799 14.5646 25.8124 2.1948 149.49
106.899 14.5509 25.8327 2.19379 149.469
106.999 14.5371 25.853 2.19277 149.449
107.099 14.5233 25.8732 2.19174 149.429
107.199 14.5095 25.8935 2.19071 149.409
107.299 14.4956 25.9138 2.18967 149.388
107.399 14.4817 25.934 2.18863 149.368
107.499 14.4678 25.9543 2.18758 149.348
107.599 14.4538 25.9745 2.18652 149.328
107.699 14.4398 25.9947 2.18545 149.307
107.799 14.4258 26.0149 2.18438 149.287
107.899 14.4118 26.0351 2.1833 149.267
107.999 14.3977 26.0553 2.18222 149.247
108.099 14.3837 26.0755 2.18112 149.227
108.199 14.3695 26.0956 2.18002 149.206
108.299 14.3554 26.1158 2.17892 149.186
108.399 14.3412 26.1359 2.1778 149.166
108.499 14.327 26.156 2.17668 149.146
108.599 14.3128 26.1761 2.17555 149.126
108.699 14.2986 26.1963 2.17442 149.106
108.799 14.2843 26.2163 2.17328 149.086
108.899 14.27 26.2364 2.17213 149.066
108.999 14.2556 26.2565 2.17098 149.046
109.099 14.2413 26.2765 2.16981 149.025
109.199 14.2269 26.2966 2.16865 149.005
109.299 14.2125 26.3166 2.16747 148.985
109.399 14.198 26.3366 2.16629 148.965
109.499 14.1836 26.3566 2.1651 148.945
109.599 14.1691 26.3766 2.1639 148.925
109.699 14.1545 26.3966 2.1627 148.905
109.799 14.14 26.4166 2.16149 148.885
109.899 14.1254 26.4365 2.16027 148.865
109.999 14.1108 26.4565 2.15905 148.846
110.099 14.0962 26.4764 2.15782 148.826
110.199 14.0815 26.4963 2.15658 148.806
110.299 14.0669 26.5162 2.15534 148.786
110.399 14.0522 26.5361 2.15409 148.766
110.499 14.0374 26.556 2.15283 148.746
110.599 14.0227 26.5759 2.15157 148.726
110.699 14.0079 26.5957 2.1503 148.706
110.799 13.9931 26.6156 2.14902 148.686
110.899 13.9782 26.6354 2.14773 148.667
110.999 13.9634 26.6552 2.14644 148.647
111.099 13.9485 26.675 2.14515 148.627
111.199 13.9336 26.6948 2.14384 148.607
111.299 13.9186 26.7146 2.14253 148.587
111.399 13.9037 26.7343 2.14121 148.568
111.499 13.8887 26.7541 2.13988 148.548
111.599 13.8737 26.7738 2.13855 148.528
111.699 13.8586 26.7935 2.13721 148.509
111.799 13.8436 26.8132 2.13587 148.489
111.899 13.8285 26.8329 2.13452 148.469
111.999 13.8133 26.8526 2.13316 148.449
112.099 13.7982 26.8722 2.13179 148.43
112.199 13.783 26.8919 2.13042 148.41
112.299 13.7678 26.9115 2.12904 148.39
112.399 13.7526 26.9312 2.12765 148.371
112.499 13.7374 26.9508 2.12626 148.351
112.599 13.7221 26.9704 2.12486 148.332
112.699 13.7068 26.9899 2.12345 148.312
112.799 13.6915 27.0095 2.12204 148.293
112.899 13.6762 27.0291 2.12062 148.273
112.999 13.6608 27.0486 2.11919 148.253
113.099 13.6454 27.0681 2.11776 148.234
113.199 13.63 27.0876 2.11632 148.214
113.299 13.6146 27.1071 2.11487 148.195
113.399 13.5991 27.1266 2.11342 148.175
113.499 13.5836 27.1461 2.11196 148.156
113.599 13.5681 27.1655 2.11049 148.137
113.699 13.5525 27.1849 2.10901 148.117
113.799 13.537 27.2044 2.10753 148.098
113.899 13.5214 27.2238 2.10605 148.078
113.999 13.5058 27.2431 2.10455 148.059
114.099 13.4901 27.2625 2.10305 148.039
114.199 13.4745 27.2819 2.10154 148.02
114.299 13.4588 27.3012 2.10003 148.001
114.399 13.4431 27.3206 2.09851 147.981
114.499 13.4274 27.3399 2.09698 147.962
114.599 13.4116 27.3592 2.09545 147.943
114.699 13.3958 27.3784 2.09391 147.924
114.799 13.38 27.3977 2.09236 147.904
114.899 13.3642 27.417 2.0908 147.885
114.999 13.3483 27.4362 2.08924 147.866
115.099 13.3325 27.4554 2.08768 147.847
115.199 13.3166 27.4746 2.0861 147.827
115.299 13.3007 27.4938 2.08452 147.808
115.399 13.2847 27.513 2.08293 147.789
115.499 13.2687 27.5321 2.08134 147.77
115.599 13.2528 27.5513 2.07974 147.751
115.699 13.2367 27.5704 2.07813 147.732
115.799 13.2207 27.5895 2.07651 147.712
115.899 13.2046 27.6086 2.07489 147.693
115.999 13.1886 27.6277 2.07327 147.674
116.099 13.1724 27.6468 2.07163 147.655
116.199 13.1563 27.6658 2.06999 147.636
116.299 13.1402 27.6848 2.06834 147.617
116.399 13.124 27.7038 2.06669 147.598
116.499 13.1078 27.7228 2.06503 147.579
116.599 13.0916 27.7418 2.06336 147.56
116.699 13.0753 27.7608 2.06169 147.541
116.799 13.059 27.7797 2.06001 147.522
116.899 13.0428 27.7986 2.05832 147.503
116.999 13.0264 27.8176 2.05663 147.484
117.099 13.0101 27.8365 2.05493 147.466
117.199 12.9938 27.8553 2.05322 147.447
117.299 12.9774 27.8742 2.05151 147.428
117.399 12.961 27.893 2.04979 147.409
117.499 12.9445 27.9119 2.04806 147.39
117.599 12.9281 27.9307 2.04633 147.371
117.699 12.9116 27.9495 2.04459 147.353
117.799 12.8951 27.9682 2.04284 147.334
117.899 12.8786 27.987 2.04109 147.315
117.999 12.8621 28.0057 2.03933 147.296
118.099 12.8455 28.0245 2.03756 147.278
118.199 12.8289 28.0432 2.03579 147.259
118.299 12.8123 28.0619 2.03401 147.24
118.399 12.7957 28.0805 2.03222 147.221
118.499 12.7791 28.0992 2.03043 147.203
118.599 12.7624 28.1178 2.02863 147.184
118.699 12.7457 28.1364 2.02683 147.166
118.799 12.729 28.155 2.02502 147.147
118.899 12.7123 28.1736 2.0232 147.128
118.999 12.6955 28.1922 2.02137 147.11
119.099 12.6787 28.2107 2.01954 147.091
119.199 12.6619 28.2293 2.0177 147.073
119.299 12.6451 28.2478 2.01586 147.054
119.399 12.6283 28.2663 2.01401 147.036
119.499 12.6114 28.2847 2.01215 147.017
119.599 12.5945 28.3032 2.01029 146.999
119.699 12.5776 28.3216 2.00842 146.98
119.799 12.5607 28.3401 2.00654 146.962
119.899 12.5437 28.3585 2.00466 146.944
119.999 12.5268 28.3768 2.00277 146.925
120.099 12.5098 28.3952 2.00087 146.907
120.199 12.4928 28.4136 1.99897 146.888
120.299 12.4757 28.4319 1.99706 146.87
120.399 12.4587 28.4502 1.99514 146.852
120.499 12.4416 28.4685 1.99322 146.834
120.599 12.4245 28.4867 1.99129 146.815
120.699 12.4074 28.505 1.98936 146.797
120.799 12.3903 28.5232 1.98742 146.779
120.899 12.3731 28.5414 1.98547 146.761
120.999 12.3559 28.5596 1.98352 146.742
121.099 12.3387 28.5778 1.98156 146.724
121.199 12.3215 28.596 1.97959 146.706
121.299 12.3043 28.6141 1.97762 146.688
121.399 12.287 28.6322 1.97564 146.67
121.499 12.2697 28.6503 1.97365 146.652
121.599 12.2524 28.6684 1.97166 146.634
121.699 12.2351 28.6865 1.96966 146.616
121.799 12.2178 28.7045 1.96765 146.598
121.899 12.2004 28.7225 1.96564 146.579
121.999 12.183 28.7405 1.96362 146.561
122.099 12.1656 28.7585 1.9616 146.544
122.199 12.1482 28.7765 1.95957 146.526
122.299 12.1308 28.7944 1.95753 146.508
122.399 12.1133 28.8123 1.95549 146.49
122.499 12.0958 28.8302 1.95344 146.472
122.599 12.0783 28.8481 1.95138 146.454
122.699 12.0608 28.866 1.94932 146.436
122.799 12.0433 28.8838 1.94725 146.418
122.899 12.0257 28.9017 1.94518 146.4
122.999 12.0081 28.9195 1.9431 146.383
123.099 11.9905 28.9372 1.94101 146.365
123.199 11.9729 28.955 1.93892 146.347
123.299 11.9553 28.9728 1.93682 146.329
123.399 11.9376 28.9905 1.93471 146.312
123.499 11.9199 29.0082 1.9326 146.294
123.599 11.9022 29.0259 1.93048 146.276
123.699 11.8845 29.0435 1.92835 146.258
123.799 11.8668 29.0612 1.92622 146.241
123.899 11.849 29.0788 1.92408 146.223
123.999 11.8313 29.0964 1.92194 146.206
124.099 11.8135 29.114 1.91979 146.188
124.199 11.7956 29.1315 1.91763 146.171
124.299 11.7778 29.1491 1.91547 146.153
124.399 11.76 29.1666 1.9133 146.135
124.499 11.7421 29.1841 1.91113 146.118
124.599 11.7242 29.2015 1.90895 146.1
124.699 11.7063 29.219 1.90676 146.083
124.799 11.6884 29.2364 1.90456 146.066
124.899 11.6704 29.2538 1.90236 146.048
124.999 11.6525 29.2712 1.90016 146.031
125.099 11.6345 29.2886 1.89795 146.013
125.199 11.6165 29.3059 1.89573 145.996
125.299 11.5985 29.3233 1.8935 145.979
125.399 11.5804 29.3406 1.89127 145.961
125.499 11.5624 29.3579 1.88904 145.944
125.599 11.5443 29.3751 1.88679 145.927
125.699 11.5262 29.3924 1.88454 145.91
125.799 11.5081 29.4096 1.88229 145.892
125.899 11.4899 29.4268 1.88003 145.875
125.999 11.4718 29.4439 1.87776 145.858
126.099 11.4536 29.4611 1.87549 145.841
126.199 11.4354 29.4782 1.87321 145.824
126.299 11.4172 29.4953 1.87092 145.807
126.399 11.399 29.5124 1.86863 145.79
126.499 11.3808 29.5295 1.86633 145.773
126.599 11.3625 29.5465 1.86402 145.755
126.699 11.3442 29.5636 1.86171 145.738
126.799 11.3259 29.5806 1.8594 145.721
126.899 11.3076 29.5975 1.85708 145.704
126.999 11.2893 29.6145 1.85475 145.688
127.099 11.2709 29.6314 1.85241 145.671
127.199 11.2526 29.6483 1.85007 145.654
127.299 11.2342 29.6652 1.84772 145.637
127.399 11.2158 29.6821 1.84537 145.62
127.499 11.1974 29.6989 1.84301 145.603
127.599 11.1789 29.7157 1.84065 145.586
127.699 11.1605 29.7325 1.83828 145.569
127.799 11.142 29.7493 1.8359 145.553
127.899 11.1235 29.7661 1.83352 145.536
127.999 11.105 29.7828 1.83113 145.519
128.099 11.0865 29.7995 1.82873 145.503
128.199 11.0679 29.8162 1.82633 145.486
128.299 11.0494 29.8329 1.82393 145.469
128.399 11.0308 29.8495 1.82151 145.453
128.499 11.0122 29.8661 1.81909 145.436
128.599 10.9936 29.8827 1.81667 145.419
128.699 10.975 29.8993 1.81424 145.403
128.799 10.9563 29.9158 1.8118 145.386
128.899 10.9377 29.9324 1.80936 145.37
128.999 10.919 29.9489 1.80691 145.353
129.099 10.9003 29.9653 1.80446 145.337
129.199 10.8816 29.9818 1.802 145.32
129.299 10.8628 29.9982 1.79953 145.304
129.399 10.8441 30.0146 1.79706 145.287
129.499 10.8253 30.031 1.79458 145.271
129.599 10.8065 30.0474 1.79209 145.255
129.699 10.7877 30.0637 1.7896 145.238
129.799 10.7689 30.08 1.78711 145.222
129.899 10.7501 30.0963 1.78461 145.206
129.999 10.7313 30.1126 1.7821 145.189
130.099 10.7124 30.1288 1.77959 145.173
130.199 10.6935 30.145 1.77707 145.157
130.299 10.6746 30.1612 1.77454 145.141
130.399 10.6557 30.1774 1.77201 145.125
130.499 10.6368 30.1935 1.76947 145.108
130.599 10.6178 30.2097 1.76693 145.092
130.699 10.5989 30.2258 1.76438 145.076
130.799 10.5799 30.2418 1.76183 145.06
130.899 10.5609 30.2579 1.75927 145.044
130.999 10.5419 30.2739 1.7567 145.028
131.099 10.5228 30.2899 1.75413 145.012
131.199 10.5038 30.3059 1.75155 144.996
131.299 10.4847 30.3218 1.74897 144.98
131.399 10.4657 30.3378 1.74638 144.964
131.499 10.4466 30.3537 1.74379 144.948
131.599 10.4275 30.3695 1.74119 144.932
131.699 10.4083 30.3854 1.73858 144.917
131.799 10.3892 30.4012 1.73597 144.901
131.899 10.37 30.417 1.73335 144.885
131.999 10.3509 30.4328 1.73073 144.869
132.099 10.3317 30.4486 1.7281 144.853
132.199 10.3125 30.4643 1.72547 144.838
132.299 10.2933 30.48 1.72283 144.822
132.399 10.274 30.4957 1.72018 144.806
132.499 10.2548 30.5113 1.71753 144.791
132.599 10.2355 30.527 1.71487 144.775
132.699 10.2162 30.5426 1.71221 144.759
132.799 10.1969 30.5582 1.70954 144.744
132.899 10.1776 30.5737 1.70687 144.728
132.999 10.1583 30.5892 1.70419 144.713
133.099 10.139 30.6048 1.7015 144.697
133.199 10.1196 30.6202 1.69881 144.682
133.299 10.1002 30.6357 1.69611 144.666
133.399 10.0808 30.6511 1.69341 144.651
133.499 10.0614 30.6665 1.6907 144.635
133.599 10.042 30.6819 1.68799 144.62
133.699 10.0226 30.6973 1.68527 144.605
133.799 10.0031 30.7126 1.68254 144.589
133.899 9.98368 30.7279 1.67981 144.574
133.999 9.96421 30.7432 1.67708 144.559
134.099 9.94471 30.7584 1.67434 144.544
134.199 9.92521 30.7736 1.67159 144.528
134.299 9.90568 30.7888 1.66884 144.513
134.399 9.88615 30.804 1.66608 144.498
134.499 9.8666 30.8191 1.66332 144.483
134.599 9.84703 30.8343 1.66055 144.468
134.699 9.82745 30.8494 1.65777 144.453
134.799 9.80785 30.8644 1.65499 144.438
134.899 9.78824 30.8795 1.65221 144.423
134.999 9.76862 30.8945 1.64942 144.408
135.099 9.74898 30.9095 1.64662 144.393
135.199 9.72933 30.9244 1.64382 144.378
135.299 9.70966 30.9394 1.64101 144.363
135.399 9.68998 30.9543 1.6382 144.348
135.499 9.67028 30.9692 1.63538 144.333
135.599 9.65057 30.984 1.63256 144.318
135.699 9.63084 30.9989 1.62973 144.303
135.799 9.6111 31.0137 1.6269 144.288
135.899 9.59135 31.0284 1.62406 144.274
135.999 9.57158 31.0432 1.62121 144.259
136.099 9.5518 31.0579 1.61836 144.244
136.199 9.532 31.0726 1.61551 144.229
136.299 9.51219 31.0873 1.61264 144.215
136.399 9.49237 31.1019 1.60978 144.2
136.499 9.47253 31.1166 1.60691 144.185
136.599 9.45268 31.1312 1.60403 144.171
136.699 9.43282 31.1457 1.60115 144.156
136.799 9.41294 31.1603 1.59826 144.142
136.899 9.39304 31.1748 1.59537 144.127
136.999 9.37314 31.1893 1.59247 144.113
137.099 9.35321 31.2037 1.58956 144.098
137.199 9.33328 31.2181 1.58665 144.084
137.299 9.31333 31.2325 1.58374 144.069
137.399 9.29337 31.2469 1.58082 144.055
137.499 9.2734 31.2613 1.5779 144.041
137.599 9.25341 31.2756 1.57497 144.026
137.699 9.2334 31.2899 1.57203 144.012
137.799 9.21339 31.3041 1.56909 143.998
137.899 9.19336 31.3184 1.56615 143.984
137.999 9.17332 31.3326 1.56319 143.969
138.099 9.15326 31.3468 1.56024 143.955
138.199 9.13319 31.3609 1.55728 143.941
138.299 9.11311 31.3751 1.55431 143.927
138.399 9.09301 31.3892 1.55134 143.913
138.499 9.07291 31.4032 1.54836 143.899
138.599 9.05278 31.4173 1.54538 143.885
138.699 9.03265 31.4313 1.54239 143.871
138.799 9.0125 31.4453 1.5394 143.857
138.899 8.99234 31.4593 1.5364 143.843
138.999 8.97217 31.4732 1.5334 143.829
139.099 8.95198 31.4871 1.53039 143.815
139.199 8.93178 31.501 1.52738 143.801
139.299 8.91157 31.5148 1.52436 143.787
139.399 8.89134 31.5286 1.52134 143.773
139.499 8.8711 31.5424 1.51831 143.76
139.599 8.85085 31.5562 1.51528 143.746
139.699 8.83059 31.5699 1.51224 143.732
139.799 8.81031 31.5836 1.5092 143.718
139.899 8.79002 31.5973 1.50615 143.705
139.999 8.76972 31.611 1.5031 143.691
140.099 8.7494 31.6246 1.50004 143.677
140.199 8.72908 31.6382 1.49698 143.664
140.299 8.70874 31.6518 1.49391 143.65
140.399 8.68839 31.6653 1.49084 143.637
140.499 8.66802 31.6788 1.48776 143.623
140.599 8.64764 31.6923 1.48467 143.61
140.699 8.62726 31.7058 1.48159 143.596
140.799 8.60685 31.7192 1.47849 143.583
140.899 8.58644 31.7326 1.4754 143.569
140.999 8.56601 31.7459 1.47229 143.556
141.099 8.54558 31.7593 1.46919 143.543
141.199 8.52513 31.7726 1.46607 143.529
141.299 8.50466 31.7859 1.46296 143.516
141.399 8.48419 31.7991 1.45983 143.503
141.499 8.4637 31.8123 1.45671 143.49
141.599 8.4432 31.8255 1.45357 143.476
141.699 8.42269 31.8387 1.45044 143.463
141.799 8.40217 31.8518 1.4473 143.45
141.899 8.38163 31.8649 1.44415 143.437
141.999 8.36109 31.878 1.441 143.424
142.099 8.34053 31.8911 1.43784 143.411
142.199 8.31996 31.9041 1.43468 143.398
142.299 8.29938 31.9171 1.43151 143.385
142.399 8.27878 31.93 1.42834 143.372
142.499 8.25818 31.943 1.42517 143.359
142.6 8.23756 31.9559 1.42199 143.346
142.7 8.21693 31.9687 1.4188 143.333
142.8 8.19629 31.9816 1.41561 143.32
142.9 8.17564 31.9944 1.41242 143.308
143 8.15498 32.0072 1.40922 143.295
143.1 8.1343 32.0199 1.40601 143.282
143.2 8.11362 32.0327 1.40281 143.269
143.3 8.09292 32.0454 1.39959 143.257
143.4 8.07221 32.058 1.39637 143.244
143.5 8.05149 32.0707 1.39315 143.231
143.6 8.03076 32.0833 1.38992 143.219
143.7 8.01002 32.0958 1.38669 143.206
143.8 7.98926 32.1084 1.38346 143.194
143.9 7.9685 32.1209 1.38021 143.181
144 7.94772 32.1334 1.37697 143.169
144.1 7.92693 32.1458 1.37372 143.156
144.2 7.90613 32.1583 1.37046 143.144
144.3 7.88532 32.1707 1.3672 143.131
144.4 7.8645 32.183 1.36394 143.119
144.5 7.84367 32.1954 1.36067 143.107
144.6 7.82283 32.2077 1.3574 143.094
144.7 7.80198 32.2199 1.35412 143.082
144.8 7.78111 32.2322 1.35083 143.07
144.9 7.76024 32.2444 1.34755 143.058
145 7.73935 32.2566 1.34426 143.045
145.1 7.71845 32.2687 1.34096 143.033
145.2 7.69754 32.2809 1.33766 143.021
145.3 7.67663 32.293 1.33435 143.009
145.4 7.6557 32.305 1.33104 142.997
145.5 7.63476 32.3171 1.32773 142.985
145.6 7.61381 32.3291 1.32441 142.973
145.7 7.59285 32.341 1.32109 142.961
145.8 7.57187 32.353 1.31776 142.949
145.9 7.55089 32.3649 1.31443 142.937
146 7.5299 32.3768 1.31109 142.925
146.1 7.5089 32.3886 1.30775 142.913
146.2 7.48788 32.4004 1.30441 142.902
146.3 7.46686 32.4122 1.30106 142.89
146.4 7.44583 32.424 1.2977 142.878
146.5 7.42478 32.4357 1.29434 142.866
146.6 7.40373 32.4474 1.29098 142.855
146.7 7.38266 32.4591 1.28761 142.843
146.8 7.36159 32.4707 1.28424 142.831
146.9 7.3405 32.4823 1.28087 142.82
147 7.31941 32.4939 1.27749 142.808
147.1 7.2983 32.5054 1.2741 142.797
147.2 7.27719 32.5169 1.27071 142.785
147.3 7.25606 32.5284 1.26732 142.774
147.4 7.23493 32.5399 1.26392 142.762
147.5 7.21378 32.5513 1.26052 142.751
147.6 7.19263 32.5627 1.25712 142.739
147.7 7.17146 32.574 1.25371 142.728
147.8 7.15029 32.5853 1.25029 142.717
147.9 7.12911 32.5966 1.24688 142.705
148 7.10791 32.6079 1.24345 142.694
148.1 7.08671 32.6191 1.24003 142.683
148.2 7.06549 32.6303 1.2366 142.672
148.3 7.04427 32.6415 1.23316 142.661
148.4 7.02304 32.6526 1.22972 142.649
148.5 7.00179 32.6637 1.22628 142.638
148.6 6.98054 32.6748 1.22283 142.627
148.7 6.95928 32.6858 1.21938 142.616
148.8 6.93801 32.6968 1.21592 142.605
148.9 6.91673 32.7078 1.21246 142.594
149 6.89544 32.7187 1.209 142.583
149.1 6.87414 32.7296 1.20553 142.572
149.2 6.85283 32.7405 1.20206 142.561
149.3 6.83151 32.7514 1.19858 142.551
149.4 6.81018 32.7622 1.1951 142.54
149.5 6.78885 32.773 1.19162 142.529
149.6 6.7675 32.7837 1.18813 142.518
149.7 6.74615 32.7944 1.18464 142.508
149.8 6.72478 32.8051 1.18114 142.497
149.9 6.70341 32.8158 1.17764 142.486
150 6.68203 32.8264 1.17414 142.476
150.1 6.66063 32.837 1.17063 142.465
150.2 6.63923 32.8476 1.16712 142.454
150.3 6.61782 32.8581 1.1636 142.444
150.4 6.59641 32.8686 1.16008 142.433
150.5 6.57498 32.8791 1.15656 142.423
150.6 6.55354 32.8895 1.15303 142.413
150.7 6.5321 32.8999 1.1495 142.402
150.8 6.51064 32.9103 1.14596 142.392
150.9 6.48918 32.9206 1.14242 142.381
151 6.46771 32.9309 1.13888 142.371
151.1 6.44623 32.9412 1.13533 142.361
151.2 6.42474 32.9514 1.13178 142.351
151.3 6.40324 32.9616 1.12823 142.34
151.4 6.38173 32.9718 1.12467 142.33
151.5 6.36022 32.9819 1.12111 142.32
151.6 6.3387 32.992 1.11754 142.31
151.7 6.31716 33.0021 1.11397 142.3
151.8 6.29562 33.0121 1.1104 142.29
151.9 6.27407 33.0222 1.10682 142.28
152 6.25252 33.0321 1.10324 142.27
152.1 6.23095 33.0421 1.09965 142.26
152.2 6.20938 33.052 1.09606 142.25
152.3 6.18779 33.0619 1.09247 142.24
152.4 6.1662 33.0717 1.08887 142.23
152.5 6.1446 33.0815 1.08527 142.22
152.6 6.123 33.0913 1.08167 142.211
152.7 6.10138 33.1011 1.07806 142.201
152.8 6.07976 33.1108 1.07445 142.191
152.9 6.05812 33.1205 1.07084 142.182
153 6.03648 33.1301 1.06722 142.172
153.1 6.01484 33.1397 1.0636 142.162
153.2 5.99318 33.1493 1.05997 142.153
153.3 5.97152 33.1589 1.05634 142.143
153.4 5.94984 33.1684 1.05271 142.134
153.5 5.92816 33.1779 1.04907 142.124
153.6 5.90648 33.1873 1.04543 142.115
153.7 5.88478 33.1967 1.04179 142.105
153.8 5.86308 33.2061 1.03814 142.096
153.9 5.84136 33.2155 1.03449 142.087
154 5.81964 33.2248 1.03084 142.077
154.1 5.79792 33.2341 1.02718 142.068
154.2 5.77618 33.2433 1.02352 142.059
154.3 5.75444 33.2525 1.01986 142.049
154.4 5.73269 33.2617 1.01619 142.04
154.5 5.71093 33.2709 1.01252 142.031
154.6 5.68917 33.28 1.00884 142.022
154.7 5.66739 33.2891 1.00517 142.013
154.8 5.64561 33.2981 1.00149 142.004
154.9 5.62382 33.3071 0.9978 141.995
155 5.60203 33.3161 0.994112 141.986
155.1 5.58023 33.3251 0.99042 141.977
155.2 5.55842 33.334 0.986725 141.968
155.3 5.5366 33.3429 0.983027 141.959
155.4 5.51477 33.3517 0.979325 141.95
155.5 5.49294 33.3605 0.97562 141.941
155.6 5.4711 33.3693 0.971912 141.933
155.7 5.44925 33.3781 0.968201 141.924
155.8 5.4274 33.3868 0.964486 141.915
155.9 5.40554 33.3955 0.960767 141.907
156 5.38367 33.4041 0.957046 141.898
156.1 5.3618 33.4127 0.953321 141.889
156.2 5.33991 33.4213 0.949593 141.881
156.3 5.31802 33.4298 0.945862 141.872
156.4 5.29613 33.4383 0.942128 141.864
156.5 5.27422 33.4468 0.93839 141.855
156.6 5.25231 33.4553 0.934649 141.847
156.7 5.23039 33.4637 0.930906 141.838
156.8 5.20847 33.4721 0.927158 141.83
156.9 5.18654 33.4804 0.923408 141.822
157 5.1646 33.4887 0.919655 141.813
157.1 5.14266 33.497 0.915898 141.805
157.2 5.1207 33.5052 0.912138 141.797
157.3 5.09875 33.5134 0.908376 141.789
157.4 5.07678 33.5216 0.90461 141.78
157.5 5.05481 33.5297 0.900841 141.772
157.6 5.03283 33.5378 0.897069 141.764
157.7 5.01085 33.5459 0.893294 141.756
157.8 4.98885 33.5539 0.889516 141.748
157.9 4.96686 33.5619 0.885735 141.74
158 4.94485 33.5699 0.88195 141.732
158.1 4.92284 33.5778 0.878163 141.724
158.2 4.90082 33.5857 0.874373 141.716
158.3 4.8788 33.5936 0.87058 141.708
158.4 4.85677 33.6014 0.866784 141.701
158.5 4.83473 33.6092 0.862985 141.693
158.6 4.81269 33.617 0.859183 141.685
158.7 4.79064 33.6247 0.855378 141.677
158.8 4.76858 33.6324 0.85157 141.67
158.9 4.74652 33.64 0.84776 141.662
159.001 4.72445 33.6477 0.843946 141.654
159.101 4.70238 33.6552 0.840129 141.647
159.201 4.6803 33.6628 0.83631 141.639
159.301 4.65821 33.6703 0.832488 141.632
159.401 4.63612 33.6778 0.828663 141.624
159.501 4.61402 33.6852 0.824835 141.617
159.601 4.59191 33.6926 0.821004 141.609
159.701 4.5698 33.7 0.817171 141.602
159.801 4.54769 33.7074 0.813335 141.595
159.901 4.52556 33.7147 0.809496 141.587
160.001 4.50343 33.722 0.805654 141.58
160.101 4.4813 33.7292 0.801809 141.573
160.201 4.45916 33.7364 0.797962 141.566
160.301 4.43701 33.7436 0.794112 141.558
160.401 4.41486 33.7507 0.790259 141.551
160.501 4.3927 33.7578 0.786404 141.544
160.601 4.37054 33.7649 0.782546 141.537
160.701 4.34837 33.7719 0.778685 141.53
160.801 4.3262 33.7789 0.774822 141.523
160.901 4.30402 33.7858 0.770956 141.516
161.001 4.28183 33.7928 0.767087 141.509
161.101 4.25964 33.7997 0.763216 141.502
161.201 4.23744 33.8065 0.759342 141.496
161.301 4.21524 33.8133 0.755465 141.489
161.401 4.19303 33.8201 0.751586 141.482
161.501 4.17082 33.8269 0.747704 141.475
161.601 4.1486 33.8336 0.74382 141.468
161.701 4.12638 33.8403 0.739933 141.462
161.801 4.10415 33.8469 0.736044 141.455
161.901 4.08191 33.8535 0.732152 141.448
162.001 4.05967 33.8601 0.728258 141.442
162.101 4.03743 33.8666 0.724361 141.435
162.201 4.01517 33.8731 0.720462 141.429
162.301 3.99292 33.8796 0.71656 141.422
162.401 3.97066 33.886 0.712656 141.416
162.501 3.94839 33.8924 0.70875 141.41
162.601 3.92612 33.8988 0.704841 141.403
162.701 3.90384 33.9051 0.700929 141.397
162.801 3.88156 33.9114 0.697015 141.391
162.901 3.85928 33.9177 0.693099 141.384
163.001 3.83698 33.9239 0.689181 141.378
163.101 3.81469 33.9301 0.68526 141.372
163.201 3.79239 33.9362 0.681336 141.366
163.301 3.77008 33.9423 0.677411 141.36
163.401 3.74777 33.9484 0.673483 141.354
163.501 3.72545 33.9545 0.669553 141.348
163.601 3.70313 33.9605 0.66562 141.342
163.701 3.68081 33.9664 0.661685 141.336
163.801 3.65848 33.9724 0.657748 141.33
163.901 3.63614 33.9783 0.653809 141.324
164.001 3.6138 33.9841 0.649867 141.318
164.101 3.59146 33.99 0.645924 141.312
164.201 3.56911 33.9958 0.641978 141.306
164.301 3.54676 34.0015 0.63803 141.3
164.401 3.5244 34.0073 0.634079 141.295
164.501 3.50204 34.0129 0.630127 141.289
164.601 3.47967 34.0186 0.626172 141.283
164.701 3.4573 34.0242 0.622215 141.278
164.801 3.43492 34.0298 0.618256 141.272
164.901 3.41254 34.0353 0.614295 141.267
165.001 3.39016 34.0408 0.610332 141.261
165.101 3.36777 34.0463 0.606367 141.256
165.201 3.34537 34.0518 0.602399 141.25
165.301 3.32298 34.0572 0.59843 141.245
165.401 3.30057 34.0625 0.594459 141.239
165.501 3.27817 34.0679 0.590485 141.234
165.601 3.25576 34.0731 0.58651 141.229
165.701 3.23334 34.0784 0.582532 141.224
165.801 3.21092 34.0836 0.578553 141.218
165.901 3.1885 34.0888 0.574571 141.213
166.001 3.16607 34.094 0.570588 141.208
166.101 3.14364 34.0991 0.566602 141.203
166.201 3.12121 34.1042 0.562615 141.198
166.301 3.09877 34.1092 0.558626 141.193
166.401 3.07632 34.1142 0.554635 141.188
166.501 3.05388 34.1192 0.550642 141.183
166.601 3.03143 34.1241 0.546647 141.178
166.701 3.00897 34.129 0.54265 141.173
166.801 2.98651 34.1339 0.538651 141.168
166.901 2.96405 34.1387 0.534651 141.163
167.001 2.94158 34.1435 0.530648 141.159
167.101 2.91911 34.1482 0.526644 141.154
167.201 2.89664 34.153 0.522638 141.149
167.301 2.87416 34.1576 0.51863 141.144
167.401 2.85168 34.1623 0.514621 141.14
167.501 2.8292 34.1669 0.510609 141.135
167.601 2.80671 34.1715 0.506596 141.131
167.701 2.78422 34.176 0.502581 141.126
167.801 2.76172 34.1805 0.498565 141.122
167.901 2.73922 34.185 0.494547 141.117
168.001 2.71672 34.1894 0.490527 141.113
168.101 2.69421 34.1938 0.486505 141.108
168.201 2.6717 34.1982 0.482482 141.104
168.301 2.64919 34.2025 0.478457 141.1
168.401 2.62667 34.2068 0.47443 141.095
168.501 2.60415 34.211 0.470402 141.091
168.601 2.58163 34.2152 0.466372 141.087
168.701 2.5591 34.2194 0.462341 141.083
168.801 2.53657 34.2235 0.458308 141.078
168.901 2.51404 34.2276 0.454273 141.074
169.001 2.49151 34.2317 0.450237 141.07
169.101 2.46897 34.2357 0.446199 141.066
169.201 2.44642 34.2397 0.44216 141.062
169.301 2.42388 34.2437 0.438119 141.058
169.401 2.40133 34.2476 0.434077 141.054
169.501 2.37878 34.2515 0.430034 141.051
169.601 2.35622 34.2553 0.425988 141.047
169.701 2.33367 34.2592 0.421942 141.043
169.801 2.31111 34.2629 0.417894 141.039
169.901 2.28854 34.2667 0.413844 141.035
170.001 2.26598 34.2704 0.409793 141.032
170.101 2.24341 34.274 0.405741 141.028
170.201 2.22083 34.2777 0.401687 141.024
170.301 2.19826 34.2813 0.397632 141.021
170.401 2.17568 34.2848 0.393575 141.017
170.501 2.1531 34.2883 0.389518 141.014
170.601 2.13052 34.2918 0.385458 141.01
170.701 2.10793 34.2953 0.381398 141.007
170.801 2.08534 34.2987 0.377336 141.003
170.901 2.06275 34.302 0.373273 141
171.001 2.04016 34.3054 0.369208 140.997
171.101 2.01756 34.3087 0.365143 140.993
171.201 1.99496 34.3119 0.361076 140.99
171.301 1.97236 34.3152 0.357008 140.987
171.401 1.94976 34.3184 0.352938 140.984
171.501 1.92715 34.3215 0.348868 140.981
171.601 1.90454 34.3246 0.344796 140.977
171.701 1.88193 34.3277 0.340723 140.974
171.801 1.85931 34.3308 0.336649 140.971
171.901 1.8367 34.3338 0.332574 140.968
172.001 1.81408 34.3367 0.328497 140.965
172.101 1.79146 34.3397 0.32442 140.962
172.201 1.76883 34.3426 0.320341 140.959
172.301 1.74621 34.3454 0.316261 140.957
172.401 1.72358 34.3483 0.31218 140.954
172.501 1.70095 34.351 0.308098 140.951
172.601 1.67832 34.3538 0.304015 140.948
172.701 1.65569 34.3565 0.299931 140.946
172.801 1.63305 34.3592 0.295846 140.943
172.901 1.61041 34.3618 0.29176 140.94
173.001 1.58777 34.3644 0.287673 140.938
173.101 1.56513 34.367 0.283585 140.935
173.201 1.54248 34.3695 0.279496 140.932
173.301 1.51984 34.372 0.275406 140.93
173.401 1.49719 34.3745 0.271315 140.928
173.501 1.47454 34.3769 0.267223 140.925
173.601 1.45189 34.3793 0.26313 140.923
173.701 1.42923 34.3816 0.259037 140.92
173.801 1.40658 34.3839 0.254942 140.918
173.901 1.38392 34.3862 0.250847 140.916
174.001 1.36126 34.3884 0.24675 140.914
174.101 1.3386 34.3906 0.242653 140.911
174.201 1.31594 34.3928 0.238555 140.909
174.301 1.29327 34.3949 0.234456 140.907
174.401 1.27061 34.397 0.230357 140.905
174.501 1.24794 34.3991 0.226256 140.903
174.601 1.22527 34.4011 0.222155 140.901
174.701 1.2026 34.4031 0.218053 140.899
174.801 1.17993 34.405 0.21395 140.897
174.901 1.15726 34.4069 0.209847 140.895
175.001 1.13458 34.4088 0.205743 140.893
175.101 1.1119 34.4106 0.201638 140.891
175.201 1.08923 34.4124 0.197532 140.89
175.301 1.06655 34.4141 0.193426 140.888
175.402 1.04387 34.4159 0.189319 140.886
175.502 1.02118 34.4176 0.185211 140.884
175.602 0.998501 34.4192 0.181103 140.883
175.702 0.975816 34.4208 0.176994 140.881
175.802 0.95313 34.4224 0.172885 140.88
175.902 0.930443 34.4239 0.168775 140.878
176.002 0.907755 34.4254 0.164664 140.877
176.102 0.885066 34.4269 0.160553 140.875
176.202 0.862376 34.4283 0.156441 140.874
176.302 0.839684 34.4297 0.152329 140.872
176.402 0.816991 34.431 0.148216 140.871
176.502 0.794298 34.4323 0.144103 140.87
176.602 0.771603 34.4336 0.139989 140.868
176.702 0.748908 34.4349 0.135875 140.867
176.802 0.726211 34.4361 0.13176 140.866
176.902 0.703514 34.4372 0.127645 140.865
177.002 0.680815 34.4384 0.123529 140.864
177.102 0.658116 34.4394 0.119413 140.863
177.202 0.635416 34.4405 0.115297 140.862
177.302 0.612715 34.4415 0.11118 140.86
177.402 0.590014 34.4425 0.107063 140.86
177.502 0.567311 34.4434 0.102945 140.859
177.602 0.544608 34.4444 0.0988271 140.858
177.702 0.521905 34.4452 0.0947088 140.857
177.802 0.4992 34.4461 0.0905901 140.856
177.902 0.476495 34.4468 0.0864712 140.855
178.002 0.45379 34.4476 0.0823519 140.854
178.102 0.431083 34.4483 0.0782324 140.854
178.202 0.408377 34.449 0.0741126 140.853
178.302 0.385669 34.4497 0.0699926 140.852
178.402 0.362962 34.4503 0.0658723 140.852
178.502 0.340253 34.4508 0.0617517 140.851
178.602 0.317545 34.4514 0.057631 140.851
178.702 0.294836 34.4519 0.0535101 140.85
178.802 0.272126 34.4523 0.049389 140.85
178.902 0.249416 34.4528 0.0452677 140.849
179.002 0.226706 34.4532 0.0411463 140.849
179.102 0.203996 34.4535 0.0370247 140.849
179.202 0.181285 34.4538 0.032903 140.848
179.302 0.158575 34.4541 0.0287811 140.848
179.402 0.135864 34.4543 0.0246592 140.848
179.502 0.113152 34.4545 0.0205372 140.847
179.602 0.0904409 34.4547 0.0164151 140.847
179.702 0.0677294 34.4548 0.012293 140.847
179.802 0.0450179 34.4549 0.00817084 140.847
179.902 0.0223063 34.455 0.00404864 140.847
