0 1.01856e-14 3.40613 0 177.997
0.1 0.145161 3.40616 0.00733543 177.997
0.2 0.290318 3.40627 0.0146708 177.997
0.3 0.435466 3.40646 0.0220062 177.997
0.4 0.580601 3.40672 0.0293415 177.996
0.5 0.72572 3.40705 0.0366768 177.996
0.6 0.870817 3.40746 0.044012 177.996
0.7 1.01589 3.40794 0.051347 177.995
0.8 1.16093 3.4085 0.0586819 177.995
0.9 1.30594 3.40913 0.0660167 177.994
1 1.45091 3.40983 0.0733514 177.993
1.1 1.59584 3.41061 0.0806858 177.992
1.2 1.74072 3.41146 0.0880201 177.992
1.3 1.88555 3.41239 0.0953542 177.991
1.4 2.03032 3.41339 0.102688 177.99
1.5 2.17504 3.41446 0.110022 177.989
1.6 2.31969 3.41561 0.117355 177.987
1.7 2.46427 3.41683 0.124688 177.986
1.8 2.60879 3.41813 0.132021 177.985
1.9 2.75322 3.4195 0.139353 177.984
2 2.89758 3.42095 0.146685 177.982
2.1 3.04185 3.42247 0.154017 177.981
2.2 3.18603 3.42406 0.161348 177.979
2.3 3.33013 3.42573 0.168679 177.977
2.4 3.47412 3.42747 0.17601 177.976
2.5 3.61801 3.42928 0.18334 177.974
2.6 3.7618 3.43117 0.19067 177.972
2.7 3.90548 3.43313 0.197999 177.97
2.8 4.04905 3.43517 0.205328 177.968
2.9 4.1925 3.43728 0.212656 177.966
3 4.33583 3.43947 0.219984 177.964
3.1 4.47903 3.44173 0.227311 177.961
3.2 4.62211 3.44406 0.234638 177.959
3.3 4.76505 3.44647 0.241964 177.957
3.4 4.90785 3.44895 0.249289 177.954
3.5 5.05052 3.45151 0.256614 177.952
3.6 5.19303 3.45413 0.263938 177.949
3.7 5.3354 3.45684 0.271262 177.946
3.8 5.47762 3.45961 0.278585 177.943
3.9 5.61968 3.46247 0.285908 177.941
4 5.76158 3.46539 0.293229 177.938
4.1 5.90332 3.46839 0.30055 177.935
4.2 6.04489 3.47146 0.30787 177.932
4.3 6.18629 3.47461 0.31519 177.928
4.4 6.32751 3.47783 0.322509 177.925
4.5 6.46855 3.48113 0.329827 177.922
4.6 6.60941 3.48449 0.337144 177.919
4.7 6.75008 3.48794 0.34446 177.915
4.8 6.89056 3.49145 0.351776 177.912
4.9 7.03085 3.49504 0.359091 177.908
5 7.17094 3.49871 0.366404 177.904
5.1 7.31083 3.50244 0.373717 177.901
5.2 7.45051 3.50626 0.381029 177.897
5.3 7.58999 3.51014 0.388341 177.893
5.4 7.72925 3.5141 0.395651 177.889
5.5 7.8683 3.51813 0.40296 177.885
5.6 8.00713 3.52224 0.410268 177.881
5.7 8.14574 3.52642 0.417576 177.877
5.8 8.28412 3.53068 0.424882 177.872
5.9 8.42227 3.535 0.432187 177.868
6 8.56019 3.5394 0.439492 177.864
6.1 8.69787 3.54388 0.446795 177.859
6.2 8.83532 3.54843 0.454097 177.855
6.3 8.97252 3.55305 0.461398 177.85
6.4 9.10947 3.55775 0.468698 177.845
6.5 9.24618 3.56252 0.475997 177.841
6.6 9.38264 3.56736 0.483294 177.836
6.7 9.51884 3.57228 0.490591 177.831
6.8 9.65478 3.57727 0.497886 177.826
6.9 9.79046 3.58234 0.50518 177.821
7 9.92588 3.58747 0.512473 177.816
7.1 10.061 3.59269 0.519765 177.81
7.2 10.1959 3.59797 0.527055 177.805
7.3 10.3305 3.60333 0.534344 177.8
7.4 10.4648 3.60876 0.541632 177.794
7.5 10.5989 3.61427 0.548919 177.789
7.6 10.7326 3.61985 0.556204 177.783
7.7 10.8661 3.6255 0.563488 177.778
7.79999 10.9993 3.63123 0.57077 177.772
7.89999 11.1322 3.63702 0.578051 177.766
7.99999 11.2648 3.6429 0.585331 177.76
8.09999 11.3971 3.64884 0.59261 177.754
8.2 11.5291 3.65486 0.599887 177.748
8.3 11.6609 3.66096 0.607162 177.742
8.4 11.7923 3.66712 0.614436 177.736
8.5 11.9234 3.67336 0.621709 177.73
8.6 12.0541 3.67968 0.62898 177.723
8.7 12.1846 3.68606 0.636249 177.717
8.8 12.3148 3.69252 0.643517 177.71
8.9 12.4446 3.69906 0.650784 177.704
9 12.5742 3.70566 0.658049 177.697
9.1 12.7034 3.71234 0.665312 177.691
9.2 12.8322 3.71909 0.672574 177.684
9.3 12.9608 3.72592 0.679834 177.677
9.4 13.089 3.73282 0.687093 177.67
9.5 13.2169 3.73979 0.694349 177.663
9.6 13.3445 3.74683 0.701605 177.656
9.7 13.4717 3.75395 0.708858 177.649
9.8 13.5986 3.76114 0.71611 177.642
9.9 13.7251 3.76841 0.72336 177.635
10 13.8513 3.77574 0.730608 177.627
10.1 13.9772 3.78315 0.737855 177.62
10.2 14.1027 3.79064 0.7451 177.612
10.3 14.2279 3.79819 0.752343 177.605
10.4 14.3527 3.80582 0.759584 177.597
10.5 14.4771 3.81352 0.766823 177.589
10.6 14.6012 3.8213 0.77406 177.582
10.7 14.725 3.82915 0.781296 177.574
10.8 14.8484 3.83707 0.78853 177.566
10.9 14.9714 3.84506 0.795762 177.558
11 15.0941 3.85313 0.802992 177.55
11.1 15.2164 3.86126 0.81022 177.542
11.2 15.3383 3.86948 0.817446 177.534
11.3 15.4599 3.87776 0.82467 177.525
11.4 15.5811 3.88612 0.831892 177.517
11.5 15.702 3.89455 0.839112 177.508
11.6 15.8224 3.90305 0.84633 177.5
11.7 15.9425 3.91162 0.853546 177.491
11.8 16.0622 3.92027 0.86076 177.483
11.9 16.1816 3.92899 0.867972 177.474
12 16.3005 3.93778 0.875181 177.465
12.1 16.4191 3.94665 0.882389 177.456
12.2 16.5373 3.95558 0.889595 177.447
12.3 16.6552 3.96459 0.896798 177.438
12.4 16.7726 3.97368 0.903999 177.429
12.5 16.8897 3.98283 0.911198 177.42
12.6 17.0063 3.99206 0.918395 177.411
12.7 17.1226 4.00136 0.92559 177.402
12.8 17.2385 4.01073 0.932782 177.392
12.9 17.354 4.02017 0.939972 177.383
13 17.4691 4.02969 0.94716 177.373
13.1 17.5839 4.03928 0.954346 177.364
13.2 17.6982 4.04894 0.961529 177.354
13.3 17.8121 4.05867 0.96871 177.344
13.4 17.9257 4.06847 0.975888 177.335
13.5 18.0388 4.07835 0.983065 177.325
13.6 18.1516 4.0883 0.990239 177.315
13.7 18.2639 4.09832 0.99741 177.305
13.8 18.3759 4.10841 1.00458 177.295
13.9 18.4874 4.11858 1.01175 177.284
14 18.5986 4.12882 1.01891 177.274
14.1 18.7093 4.13912 1.02607 177.264
14.2 18.8197 4.1495 1.03323 177.254
14.3 18.9296 4.15996 1.04039 177.243
14.4 19.0392 4.17048 1.04754 177.233
14.5 19.1483 4.18108 1.05469 177.222
14.6 19.2571 4.19175 1.06184 177.211
14.7 19.3654 4.20248 1.06899 177.201
14.8 19.4733 4.2133 1.07613 177.19
14.9 19.5808 4.22418 1.08328 177.179
15 19.688 4.23513 1.09041 177.168
15.1 19.7947 4.24616 1.09755 177.157
15.2 19.901 4.25726 1.10468 177.146
15.3 20.0068 4.26843 1.11181 177.135
15.4 20.1123 4.27967 1.11894 177.123
15.5 20.2174 4.29098 1.12607 177.112
15.6 20.322 4.30236 1.13319 177.101
15.7 20.4263 4.31382 1.14031 177.089
15.8 20.5301 4.32534 1.14743 177.078
15.9 20.6336 4.33694 1.15454 177.066
16 20.7366 4.34861 1.16165 177.054
16.1 20.8392 4.36035 1.16876 177.043
16.2 20.9414 4.37216 1.17587 177.031
16.3 21.0431 4.38404 1.18297 177.019
16.4 21.1445 4.396 1.19007 177.007
16.5 21.2454 4.40802 1.19717 176.995
16.6 21.346 4.42012 1.20426 176.983
16.7 21.4461 4.43228 1.21136 176.971
16.8 21.5458 4.44452 1.21844 176.958
16.9 21.6451 4.45683 1.22553 176.946
17 21.744 4.46921 1.23261 176.934
17.1 21.8425 4.48166 1.23969 176.921
17.2 21.9405 4.49418 1.24677 176.909
17.3 22.0382 4.50677 1.25384 176.896
17.4 22.1354 4.51944 1.26091 176.884
17.5 22.2322 4.53217 1.26798 176.871
17.6 22.3286 4.54497 1.27505 176.858
17.7 22.4246 4.55785 1.28211 176.845
17.8 22.5202 4.57079 1.28917 176.832
17.9 22.6153 4.58381 1.29622 176.819
18 22.7101 4.5969 1.30327 176.806
18.1 22.8044 4.61005 1.31032 176.793
18.2 22.8983 4.62328 1.31737 176.78
18.3 22.9918 4.63658 1.32441 176.766
18.4 23.0849 4.64995 1.33145 176.753
18.5 23.1776 4.66339 1.33849 176.74
18.6 23.2699 4.67689 1.34552 176.726
18.7 23.3617 4.69047 1.35255 176.713
18.8 23.4532 4.70412 1.35958 176.699
18.9 23.5442 4.71784 1.3666 176.685
19 23.6348 4.73163 1.37362 176.671
19.1 23.7251 4.74549 1.38063 176.658
19.2 23.8149 4.75942 1.38765 176.644
19.3 23.9043 4.77342 1.39466 176.63
19.4 23.9932 4.78749 1.40166 176.616
19.5 24.0818 4.80163 1.40867 176.601
19.6 24.17 4.81584 1.41567 176.587
19.7 24.2577 4.83012 1.42266 176.573
19.8 24.3451 4.84447 1.42965 176.559
19.9 24.432 4.85889 1.43664 176.544
20 24.5185 4.87337 1.44363 176.53
20.1 24.6047 4.88793 1.45061 176.515
20.2 24.6904 4.90256 1.45759 176.5
20.3 24.7757 4.91726 1.46456 176.486
20.4 24.8606 4.93202 1.47154 176.471
20.5 24.9451 4.94686 1.4785 176.456
20.6 25.0292 4.96177 1.48547 176.441
20.7 25.1129 4.97674 1.49243 176.426
20.8 25.1962 4.99179 1.49939 176.411
20.9 25.279 5.0069 1.50634 176.396
21 25.3615 5.02208 1.51329 176.381
21.1 25.4436 5.03733 1.52023 176.366
21.2 25.5253 5.05266 1.52718 176.35
21.3 25.6066 5.06805 1.53411 176.335
21.4 25.6875 5.0835 1.54105 176.32
21.5 25.7679 5.09903 1.54798 176.304
21.6 25.848 5.11463 1.55491 176.288
21.7 25.9277 5.1303 1.56183 176.273
21.8 26.007 5.14603 1.56875 176.257
21.9 26.0859 5.16184 1.57567 176.241
22 26.1644 5.17771 1.58258 176.225
22.1 26.2425 5.19365 1.58949 176.209
22.2 26.3202 5.20966 1.59639 176.193
22.3 26.3975 5.22574 1.60329 176.177
22.4 26.4744 5.24188 1.61019 176.161
22.5 26.551 5.2581 1.61708 176.145
22.6 26.6271 5.27438 1.62397 176.129
22.7001 26.7029 5.29074 1.63085 176.112
22.8001 26.7782 5.30716 1.63774 176.096
22.9001 26.8532 5.32365 1.64461 176.079
23.0001 26.9278 5.3402 1.65148 176.063
23.1001 27.002 5.35683 1.65835 176.046
23.2001 27.0758 5.37352 1.66522 176.029
23.3001 27.1492 5.39029 1.67208 176.013
23.4001 27.2222 5.40712 1.67894 175.996
23.5001 27.2949 5.42401 1.68579 175.979
23.6001 27.3672 5.44098 1.69264 175.962
23.7001 27.439 5.45801 1.69948 175.945
23.8001 27.5106 5.47512 1.70632 175.928
23.9001 27.5817 5.49229 1.71316 175.911
24.0001 27.6524 5.50952 1.71999 175.893
24.1001 27.7228 5.52683 1.72681 175.876
24.2001 27.7928 5.5442 1.73364 175.859
24.3001 27.8624 5.56164 1.74046 175.841
24.4001 27.9316 5.57915 1.74727 175.824
24.5001 28.0005 5.59673 1.75408 175.806
24.6001 28.069 5.61437 1.76089 175.789
24.7001 28.1371 5.63208 1.76769 175.771
24.8001 28.2049 5.64986 1.77449 175.753
24.9001 28.2722 5.6677 1.78128 175.735
25.0001 28.3392 5.68561 1.78807 175.717
25.1001 28.4059 5.70359 1.79485 175.699
25.2001 28.4721 5.72164 1.80163 175.681
25.3001 28.538 5.73975 1.80841 175.663
25.4001 28.6036 5.75793 1.81518 175.645
25.5001 28.6687 5.77618 1.82195 175.627
25.6001 28.7335 5.79449 1.82871 175.609
25.7001 28.798 5.81288 1.83547 175.59
25.8001 28.862 5.83132 1.84222 175.572
25.9001 28.9258 5.84984 1.84897 175.553
26.0001 28.9891 5.86842 1.85571 175.535
26.1001 29.0521 5.88707 1.86245 175.516
26.2001 29.1147 5.90578 1.86919 175.497
26.3001 29.177 5.92456 1.87592 175.478
26.4001 29.2389 5.94341 1.88264 175.46
26.5001 29.3005 5.96232 1.88937 175.441
26.6001 29.3617 5.9813 1.89608 175.422
26.7001 29.4226 6.00035 1.90279 175.403
26.8001 29.4831 6.01946 1.9095 175.384
26.9001 29.5432 6.03864 1.9162 175.364
27.0001 29.603 6.05789 1.9229 175.345
27.1001 29.6625 6.0772 1.9296 175.326
27.2001 29.7216 6.09657 1.93628 175.306
27.3001 29.7803 6.11602 1.94297 175.287
27.4001 29.8387 6.13553 1.94965 175.267
27.5001 29.8968 6.1551 1.95632 175.248
27.6001 29.9545 6.17474 1.96299 175.228
27.7001 30.0119 6.19445 1.96966 175.209
27.8001 30.0689 6.21422 1.97632 175.189
27.9001 30.1256 6.23405 1.98297 175.169
28.0001 30.182 6.25396 1.98962 175.149
28.1001 30.238 6.27392 1.99626 175.129
28.2001 30.2937 6.29396 2.00291 175.109
28.3001 30.349 6.31406 2.00954 175.089
28.4001 30.404 6.33422 2.01617 175.069
28.5001 30.4587 6.35445 2.0228 175.049
28.6001 30.513 6.37474 2.02942 175.028
28.7001 30.567 6.3951 2.03603 175.008
28.8001 30.6207 6.41553 2.04264 174.987
28.9001 30.674 6.43602 2.04925 174.967
29.0001 30.727 6.45657 2.05585 174.946
29.1001 30.7797 6.47719 2.06244 174.926
29.2001 30.8321 6.49787 2.06903 174.905
29.3001 30.8841 6.51862 2.07562 174.884
29.4001 30.9358 6.53943 2.0822 174.864
29.5001 30.9872 6.56031 2.08877 174.843
29.6001 31.0382 6.58125 2.09534 174.822
29.7001 31.089 6.60226 2.10191 174.801
29.8001 31.1394 6.62333 2.10847 174.78
29.9001 31.1895 6.64447 2.11502 174.759
30.0001 31.2392 6.66567 2.12157 174.737
30.1001 31.2887 6.68693 2.12811 174.716
30.2001 31.3378 6.70826 2.13465 174.695
30.3001 31.3867 6.72965 2.14118 174.673
30.4001 31.4352 6.7511 2.14771 174.652
30.5001 31.4834 6.77262 2.15423 174.63
30.6001 31.5312 6.79421 2.16075 174.609
30.7001 31.5788 6.81586 2.16726 174.587
30.8001 31.6261 6.83757 2.17377 174.565
30.9001 31.673 6.85934 2.18027 174.544
31.0001 31.7197 6.88118 2.18677 174.522
31.1001 31.766 6.90308 2.19326 174.5
31.2001 31.812 6.92505 2.19974 174.478
31.3001 31.8577 6.94708 2.20622 174.456
31.4001 31.9032 6.96917 2.21269 174.434
31.5001 31.9483 6.99132 2.21916 174.412
31.6001 31.9931 7.01354 2.22563 174.389
31.7001 32.0376 7.03582 2.23208 174.367
31.8001 32.0818 7.05817 2.23853 174.345
31.9001 32.1257 7.08058 2.24498 174.322
32.0001 32.1693 7.10305 2.25142 174.3
32.1001 32.2127 7.12558 2.25786 174.277
32.2001 32.2557 7.14817 2.26429 174.255
32.3001 32.2984 7.17083 2.27071 174.232
32.4001 32.3408 7.19355 2.27713 174.209
32.5001 32.383 7.21634 2.28354 174.187
32.6001 32.4248 7.23918 2.28995 174.164
32.7001 32.4664 7.26209 2.29635 174.141
32.8001 32.5077 7.28506 2.30274 174.118
32.9001 32.5486 7.3081 2.30913 174.095
33.0001 32.5893 7.33119 2.31552 174.072
33.1001 32.6298 7.35435 2.3219 174.049
33.2001 32.6699 7.37757 2.32827 174.025
33.3001 32.7097 7.40085 2.33464 174.002
33.4001 32.7493 7.4242 2.341 173.979
33.5001 32.7886 7.4476 2.34735 173.955
33.6001 32.8275 7.47107 2.3537 173.932
33.7001 32.8663 7.4946 2.36005 173.908
33.8001 32.9047 7.51819 2.36638 173.885
33.9001 32.9429 7.54184 2.37272 173.861
34.0001 32.9807 7.56555 2.37904 173.837
34.1001 33.0183 7.58933 2.38536 173.814
34.2001 33.0557 7.61317 2.39167 173.79
34.3 33.0927 7.63706 2.39798 173.766
34.4 33.1295 7.66102 2.40429 173.742
34.5 33.166 7.68504 2.41058 173.718
34.6 33.2023 7.70913 2.41687 173.694
34.7 33.2382 7.73327 2.42316 173.67
34.8 33.2739 7.75747 2.42943 173.646
34.9 33.3094 7.78173 2.43571 173.621
35 33.3445 7.80606 2.44197 173.597
35.1 33.3794 7.83045 2.44823 173.573
35.2 33.4141 7.85489 2.45448 173.548
35.3 33.4484 7.8794 2.46073 173.524
35.4 33.4826 7.90397 2.46697 173.499
35.5 33.5164 7.92859 2.47321 173.474
35.6 33.55 7.95328 2.47944 173.45
35.7 33.5833 7.97803 2.48566 173.425
35.8 33.6164 8.00284 2.49188 173.4
35.9 33.6492 8.02771 2.49809 173.375
36 33.6817 8.05264 2.50429 173.35
36.1 33.714 8.07762 2.51049 173.325
36.2 33.7461 8.10267 2.51668 173.3
36.3 33.7779 8.12778 2.52287 173.275
36.4 33.8094 8.15295 2.52905 173.25
36.5 33.8407 8.17818 2.53522 173.225
36.6 33.8717 8.20346 2.54139 173.2
36.7 33.9025 8.22881 2.54755 173.174
36.8 33.933 8.25422 2.5537 173.149
36.9 33.9633 8.27968 2.55985 173.123
37 33.9934 8.30521 2.56599 173.098
37.1 34.0232 8.33079 2.57212 173.072
37.2 34.0527 8.35643 2.57825 173.047
37.3 34.082 8.38214 2.58437 173.021
37.4 34.1111 8.4079 2.59049 172.995
37.5 34.1399 8.43372 2.5966 172.969
37.6 34.1684 8.4596 2.6027 172.943
37.7 34.1968 8.48553 2.60879 172.917
37.8 34.2249 8.51153 2.61488 172.891
37.9 34.2527 8.53758 2.62097 172.865
38 34.2803 8.5637 2.62704 172.839
38.1 34.3077 8.58987 2.63311 172.813
38.2 34.3349 8.6161 2.63917 172.787
38.3 34.3618 8.64239 2.64523 172.761
38.4 34.3885 8.66873 2.65128 172.734
38.5 34.4149 8.69514 2.65732 172.708
38.6 34.4411 8.7216 2.66336 172.681
38.7 34.4671 8.74812 2.66939 172.655
38.8 34.4928 8.7747 2.67541 172.628
38.9 34.5183 8.80133 2.68143 172.602
39 34.5436 8.82803 2.68744 172.575
39.1 34.5687 8.85478 2.69344 172.548
39.2 34.5935 8.88159 2.69943 172.521
39.3 34.6181 8.90845 2.70542 172.495
39.4 34.6425 8.93538 2.71141 172.468
39.5 34.6667 8.96236 2.71738 172.441
39.6 34.6906 8.9894 2.72335 172.414
39.7 34.7143 9.01649 2.72931 172.387
39.8 34.7378 9.04364 2.73527 172.359
39.9 34.7611 9.07085 2.74121 172.332
40 34.7841 9.09812 2.74715 172.305
40.1 34.8069 9.12544 2.75309 172.278
40.2 34.8295 9.15282 2.75902 172.25
40.3 34.8519 9.18025 2.76494 172.223
40.4 34.8741 9.20775 2.77085 172.195
40.5 34.8961 9.2353 2.77676 172.168
40.6 34.9178 9.2629 2.78265 172.14
40.7 34.9394 9.29056 2.78855 172.112
40.7999 34.9607 9.31828 2.79443 172.085
40.8999 34.9818 9.34605 2.80031 172.057
40.9999 35.0027 9.37388 2.80618 172.029
41.0999 35.0234 9.40177 2.81204 172.001
41.1999 35.0438 9.42971 2.8179 171.973
41.2999 35.0641 9.45771 2.82375 171.945
41.3999 35.0841 9.48576 2.82959 171.917
41.4999 35.104 9.51387 2.83543 171.889
41.5999 35.1236 9.54203 2.84126 171.861
41.6999 35.1431 9.57025 2.84708 171.833
41.7999 35.1623 9.59853 2.85289 171.804
41.8999 35.1813 9.62686 2.8587 171.776
41.9999 35.2002 9.65524 2.8645 171.748
42.0999 35.2188 9.68368 2.87029 171.719
42.1999 35.2372 9.71218 2.87607 171.691
42.2999 35.2554 9.74073 2.88185 171.662
42.3999 35.2734 9.76933 2.88762 171.634
42.4999 35.2913 9.79799 2.89338 171.605
42.5999 35.3089 9.82671 2.89914 171.576
42.6999 35.3263 9.85548 2.90489 171.548
42.7999 35.3435 9.8843 2.91063 171.519
42.8999 35.3606 9.91318 2.91636 171.49
42.9999 35.3774 9.94211 2.92209 171.461
43.0999 35.394 9.97109 2.92781 171.432
43.1999 35.4105 10.0001 2.93352 171.403
43.2999 35.4267 10.0292 2.93922 171.374
43.3999 35.4428 10.0584 2.94492 171.345
43.4999 35.4587 10.0876 2.95061 171.315
43.5999 35.4743 10.1168 2.95629 171.286
43.6999 35.4898 10.1461 2.96196 171.257
43.7999 35.5051 10.1755 2.96763 171.228
43.8999 35.5202 10.2049 2.97329 171.198
43.9999 35.5351 10.2344 2.97894 171.169
44.0999 35.5499 10.2639 2.98458 171.139
44.1999 35.5644 10.2935 2.99022 171.11
44.2999 35.5788 10.3231 2.99584 171.08
44.3999 35.593 10.3528 3.00146 171.05
44.4999 35.607 10.3825 3.00708 171.02
44.5999 35.6208 10.4123 3.01268 170.991
44.6999 35.6344 10.4422 3.01828 170.961
44.7999 35.6478 10.4721 3.02387 170.931
44.8999 35.6611 10.502 3.02945 170.901
44.9999 35.6742 10.532 3.03503 170.871
45.0999 35.6871 10.5621 3.04059 170.841
45.1999 35.6998 10.5922 3.04615 170.811
45.2999 35.7124 10.6223 3.0517 170.781
45.3999 35.7247 10.6525 3.05725 170.75
45.4999 35.7369 10.6828 3.06278 170.72
45.5999 35.7489 10.7131 3.06831 170.69
45.6999 35.7608 10.7435 3.07383 170.66
45.7999 35.7724 10.7739 3.07934 170.629
45.8999 35.7839 10.8044 3.08485 170.599
45.9999 35.7952 10.8349 3.09034 170.568
46.0999 35.8064 10.8654 3.09583 170.538
46.1999 35.8174 10.8961 3.10131 170.507
46.2999 35.8282 10.9267 3.10678 170.476
46.3999 35.8388 10.9575 3.11225 170.446
46.4999 35.8493 10.9882 3.1177 170.415
46.5999 35.8595 11.0191 3.12315 170.384
46.6999 35.8697 11.0499 3.12859 170.353
46.7999 35.8796 11.0809 3.13403 170.322
46.8999 35.8894 11.1118 3.13945 170.291
46.9999 35.899 11.1429 3.14487 170.26
47.0999 35.9085 11.174 3.15027 170.229
47.1999 35.9178 11.2051 3.15567 170.198
47.2999 35.9269 11.2363 3.16107 170.167
47.3998 35.9358 11.2675 3.16645 170.136
47.4998 35.9446 11.2988 3.17183 170.104
47.5998 35.9533 11.3301 3.17719 170.073
47.6998 35.9617 11.3615 3.18255 170.042
47.7998 35.97 11.3929 3.18791 170.01
47.8998 35.9782 11.4244 3.19325 169.979
47.9998 35.9862 11.4559 3.19858 169.947
48.0998 35.994 11.4875 3.20391 169.916
48.1998 36.0017 11.5191 3.20923 169.884
48.2998 36.0092 11.5508 3.21454 169.852
48.3998 36.0165 11.5826 3.21984 169.82
48.4998 36.0237 11.6143 3.22513 169.789
48.5998 36.0308 11.6462 3.23042 169.757
48.6998 36.0377 11.678 3.2357 169.725
48.7998 36.0444 11.71 3.24097 169.693
48.8998 36.051 11.7419 3.24623 169.661
48.9998 36.0574 11.774 3.25148 169.629
49.0998 36.0636 11.806 3.25672 169.597
49.1998 36.0697 11.8381 3.26196 169.565
49.2998 36.0757 11.8703 3.26718 169.533
49.3998 36.0815 11.9025 3.2724 169.5
49.4998 36.0872 11.9348 3.27761 169.468
49.5998 36.0927 11.9671 3.28281 169.436
49.6998 36.098 11.9995 3.288 169.404
49.7998 36.1032 12.0319 3.29319 169.371
49.8998 36.1083 12.0643 3.29836 169.339
49.9998 36.1132 12.0968 3.30353 169.306
50.0998 36.118 12.1294 3.30869 169.274
50.1998 36.1226 12.162 3.31384 169.241
50.2998 36.1271 12.1946 3.31898 169.208
50.3998 36.1314 12.2273 3.32412 169.176
50.4998 36.1356 12.2601 3.32924 169.143
50.5998 36.1396 12.2929 3.33436 169.11
50.6998 36.1435 12.3257 3.33946 169.077
50.7998 36.1472 12.3586 3.34456 169.044
50.8998 36.1508 12.3915 3.34965 169.012
50.9998 36.1543 12.4245 3.35473 168.979
51.0998 36.1576 12.4575 3.3598 168.946
51.1998 36.1608 12.4906 3.36487 168.912
51.2998 36.1638 12.5237 3.36992 168.879
51.3998 36.1667 12.5568 3.37497 168.846
51.4998 36.1695 12.5901 3.38001 168.813
51.5998 36.1721 12.6233 3.38503 168.78
51.6998 36.1746 12.6566 3.39005 168.746
51.7998 36.1769 12.69 3.39506 168.713
51.8998 36.1791 12.7233 3.40007 168.68
51.9998 36.1812 12.7568 3.40506 168.646
52.0998 36.1831 12.7903 3.41004 168.613
52.1998 36.1849 12.8238 3.41502 168.579
52.2998 36.1866 12.8574 3.41999 168.546
52.3998 36.1881 12.891 3.42494 168.512
52.4998 36.1895 12.9247 3.42989 168.478
52.5998 36.1907 12.9584 3.43483 168.445
52.6998 36.1918 12.9921 3.43976 168.411
52.7998 36.1928 13.0259 3.44469 168.377
52.8998 36.1937 13.0598 3.4496 168.343
52.9998 36.1944 13.0937 3.4545 168.309
53.0998 36.195 13.1276 3.4594 168.275
53.1998 36.1955 13.1616 3.46428 168.241
53.2998 36.1958 13.1956 3.46916 168.207
53.3998 36.196 13.2297 3.47403 168.173
53.4998 36.1961 13.2638 3.47889 168.139
53.5998 36.196 13.2979 3.48374 168.105
53.6998 36.1958 13.3321 3.48858 168.071
53.7998 36.1955 13.3664 3.49341 168.037
53.8997 36.1951 13.4007 3.49823 168.002
53.9997 36.1945 13.435 3.50304 167.968
54.0997 36.1938 13.4694 3.50785 167.934
54.1997 36.193 13.5038 3.51264 167.899
54.2997 36.1921 13.5382 3.51743 167.865
54.3997 36.191 13.5727 3.5222 167.83
54.4997 36.1898 13.6073 3.52697 167.796
54.5997 36.1885 13.6419 3.53173 167.761
54.6997 36.1871 13.6765 3.53648 167.727
54.7997 36.1855 13.7112 3.54121 167.692
54.8997 36.1838 13.7459 3.54594 167.657
54.9997 36.182 13.7807 3.55066 167.622
55.0997 36.1801 13.8155 3.55538 167.588
55.1997 36.178 13.8503 3.56008 167.553
55.2997 36.1759 13.8852 3.56477 167.518
55.3997 36.1736 13.9201 3.56945 167.483
55.4997 36.1712 13.9551 3.57413 167.448
55.5997 36.1686 13.9901 3.57879 167.413
55.6997 36.166 14.0252 3.58345 167.378
55.7997 36.1632 14.0603 3.58809 167.343
55.8997 36.1603 14.0954 3.59273 167.308
55.9997 36.1573 14.1306 3.59735 167.272
56.0997 36.1542 14.1658 3.60197 167.237
56.1997 36.151 14.2011 3.60658 167.202
56.2997 36.1476 14.2364 3.61118 167.167
56.3997 36.1442 14.2717 3.61577 167.131
56.4997 36.1406 14.3071 3.62034 167.096
56.5997 36.1369 14.3426 3.62491 167.06
56.6997 36.1331 14.378 3.62947 167.025
56.7997 36.1292 14.4135 3.63402 166.989
56.8997 36.1251 14.4491 3.63856 166.954
56.9997 36.121 14.4847 3.6431 166.918
57.0997 36.1167 14.5203 3.64762 166.883
57.1997 36.1123 14.556 3.65213 166.847
57.2997 36.1079 14.5917 3.65663 166.811
57.3997 36.1033 14.6275 3.66112 166.776
57.4997 36.0986 14.6632 3.66561 166.74
57.5997 36.0937 14.6991 3.67008 166.704
57.6997 36.0888 14.7349 3.67454 166.668
57.7997 36.0838 14.7709 3.679 166.632
57.8997 36.0786 14.8068 3.68344 166.596
57.9997 36.0734 14.8428 3.68787 166.56
58.0997 36.068 14.8788 3.6923 166.524
58.1997 36.0625 14.9149 3.69671 166.488
58.2997 36.057 14.951 3.70112 166.452
58.3997 36.0513 14.9872 3.70551 166.416
58.4997 36.0455 15.0233 3.7099 166.38
58.5997 36.0396 15.0596 3.71427 166.343
58.6997 36.0336 15.0958 3.71864 166.307
58.7997 36.0275 15.1321 3.72299 166.271
58.8997 36.0212 15.1685 3.72734 166.235
58.9997 36.0149 15.2048 3.73167 166.198
59.0997 36.0085 15.2413 3.736 166.162
59.1997 36.002 15.2777 3.74031 166.125
59.2997 35.9953 15.3142 3.74462 166.089
59.3997 35.9886 15.3507 3.74892 166.052
59.4997 35.9818 15.3873 3.7532 166.016
59.5997 35.9748 15.4239 3.75748 165.979
59.6997 35.9678 15.4606 3.76174 165.942
59.7997 35.9606 15.4972 3.766 165.906
59.8997 35.9534 15.534 3.77024 165.869
59.9997 35.946 15.5707 3.77448 165.832
60.0997 35.9386 15.6075 3.7787 165.796
60.1997 35.931 15.6443 3.78292 165.759
60.2997 35.9234 15.6812 3.78713 165.722
60.3997 35.9156 15.7181 3.79132 165.685
60.4996 35.9078 15.755 3.79551 165.648
60.5996 35.8998 15.792 3.79968 165.611
60.6996 35.8918 15.829 3.80384 165.574
60.7996 35.8837 15.8661 3.808 165.537
60.8996 35.8754 15.9032 3.81214 165.5
60.9996 35.8671 15.9403 3.81628 165.463
61.0996 35.8587 15.9774 3.8204 165.426
61.1996 35.8501 16.0146 3.82452 165.388
61.2996 35.8415 16.0518 3.82862 165.351
61.3996 35.8328 16.0891 3.83271 165.314
61.4996 35.824 16.1264 3.83679 165.277
61.5996 35.8151 16.1637 3.84087 165.239
61.6996 35.806 16.2011 3.84493 165.202
61.7996 35.7969 16.2385 3.84898 165.165
61.8996 35.7878 16.276 3.85302 165.127
61.9996 35.7785 16.3134 3.85705 165.09
62.0996 35.7691 16.3509 3.86107 165.052
62.1996 35.7596 16.3885 3.86509 165.015
62.2996 35.75 16.4261 3.86909 164.977
62.3996 35.7404 16.4637 3.87307 164.939
62.4996 35.7306 16.5013 3.87705 164.902
62.5996 35.7208 16.539 3.88102 164.864
62.6996 35.7109 16.5767 3.88498 164.826
62.7996 35.7008 16.6145 3.88893 164.789
62.8996 35.6907 16.6523 3.89287 164.751
62.9996 35.6805 16.6901 3.89679 164.713
63.0996 35.6702 16.7279 3.90071 164.675
63.1996 35.6598 16.7658 3.90462 164.637
63.2996 35.6494 16.8037 3.90851 164.599
63.3996 35.6388 16.8417 3.9124 164.561
63.4996 35.6281 16.8797 3.91627 164.523
63.5996 35.6174 16.9177 3.92013 164.485
63.6996 35.6066 16.9557 3.92399 164.447
63.7996 35.5957 16.9938 3.92783 164.409
63.8996 35.5847 17.0319 3.93166 164.371
63.9996 35.5736 17.0701 3.93548 164.333
64.0996 35.5624 17.1083 3.93929 164.295
64.1996 35.5511 17.1465 3.94309 164.257
64.2996 35.5398 17.1847 3.94688 164.218
64.3996 35.5283 17.223 3.95066 164.18
64.4996 35.5168 17.2613 3.95443 164.142
64.5996 35.5052 17.2996 3.95818 164.103
64.6996 35.4935 17.338 3.96193 164.065
64.7996 35.4817 17.3764 3.96566 164.027
64.8996 35.4699 17.4149 3.96939 163.988
64.9996 35.4579 17.4533 3.9731 163.95
65.0996 35.4459 17.4918 3.97681 163.911
65.1996 35.4338 17.5304 3.9805 163.873
65.2996 35.4216 17.5689 3.98418 163.834
65.3996 35.4093 17.6075 3.98785 163.796
65.4996 35.397 17.6461 3.99151 163.757
65.5996 35.3845 17.6848 3.99516 163.718
65.6996 35.372 17.7235 3.9988 163.68
65.7996 35.3594 17.7622 4.00243 163.641
65.8996 35.3467 17.8009 4.00604 163.602
65.9996 35.334 17.8397 4.00965 163.563
66.0996 35.3211 17.8785 4.01324 163.525
66.1996 35.3082 17.9173 4.01682 163.486
66.2996 35.2952 17.9562 4.0204 163.447
66.3996 35.2821 17.9951 4.02396 163.408
66.4996 35.2689 18.034 4.02751 163.369
66.5996 35.2557 18.073 4.03105 163.33
66.6996 35.2424 18.112 4.03458 163.291
66.7996 35.229 18.151 4.0381 163.252
66.8996 35.2155 18.19 4.0416 163.213
66.9995 35.2019 18.2291 4.0451 163.174
67.0995 35.1883 18.2682 4.04858 163.135
67.1995 35.1746 18.3073 4.05205 163.096
67.2995 35.1608 18.3465 4.05552 163.057
67.3995 35.1469 18.3857 4.05897 163.017
67.4995 35.133 18.4249 4.06241 162.978
67.5995 35.1189 18.4641 4.06584 162.939
67.6995 35.1048 18.5034 4.06925 162.9
67.7995 35.0907 18.5427 4.07266 162.86
67.8995 35.0764 18.582 4.07606 162.821
67.9995 35.0621 18.6214 4.07944 162.782
68.0995 35.0477 18.6608 4.08281 162.742
68.1995 35.0332 18.7002 4.08618 162.703
68.2995 35.0187 18.7396 4.08953 162.663
68.3995 35.004 18.7791 4.09287 162.624
68.4995 34.9893 18.8186 4.09619 162.584
68.5995 34.9746 18.8581 4.09951 162.545
68.6995 34.9597 18.8977 4.10282 162.505
68.7995 34.9448 18.9372 4.10611 162.466
68.8995 34.9298 18.9768 4.10939 162.426
68.9995 34.9148 19.0165 4.11266 162.387
69.0995 34.8996 19.0561 4.11592 162.347
69.1995 34.8844 19.0958 4.11917 162.307
69.2995 34.8691 19.1355 4.12241 162.268
69.3995 34.8538 19.1752 4.12564 162.228
69.4995 34.8384 19.215 4.12885 162.188
69.5995 34.8229 19.2548 4.13205 162.148
69.6995 34.8073 19.2946 4.13525 162.108
69.7995 34.7917 19.3344 4.13843 162.069
69.8995 34.7759 19.3743 4.1416 162.029
69.9995 34.7602 19.4142 4.14475 161.989
70.0995 34.7443 19.4541 4.1479 161.949
70.1995 34.7284 19.494 4.15103 161.909
70.2995 34.7124 19.534 4.15416 161.869
70.3995 34.6964 19.574 4.15727 161.829
70.4995 34.6802 19.614 4.16037 161.789
70.5995 34.664 19.6541 4.16346 161.749
70.6995 34.6478 19.6941 4.16654 161.709
70.7995 34.6315 19.7342 4.1696 161.669
70.8995 34.6151 19.7743 4.17266 161.629
70.9995 34.5986 19.8145 4.1757 161.589
71.0995 34.5821 19.8546 4.17873 161.548
71.1995 34.5655 19.8948 4.18175 161.508
71.2995 34.5488 19.935 4.18476 161.468
71.3995 34.5321 19.9752 4.18775 161.428
71.4995 34.5153 20.0155 4.19074 161.388
71.5995 34.4984 20.0558 4.19371 161.347
71.6995 34.4815 20.0961 4.19667 161.307
71.7995 34.4645 20.1364 4.19962 161.267
71.8995 34.4474 20.1768 4.20256 161.226
71.9995 34.4303 20.2171 4.20548 161.186
72.0995 34.4131 20.2575 4.2084 161.145
72.1995 34.3958 20.2979 4.2113 161.105
72.2995 34.3785 20.3384 4.21419 161.065
72.3995 34.3611 20.3788 4.21707 161.024
72.4995 34.3436 20.4193 4.21993 160.984
72.5995 34.3261 20.4598 4.22279 160.943
72.6995 34.3085 20.5004 4.22563 160.903
72.7995 34.2909 20.5409 4.22847 160.862
72.8995 34.2732 20.5815 4.23129 160.822
72.9995 34.2554 20.6221 4.23409 160.781
73.0995 34.2376 20.6627 4.23689 160.74
73.1995 34.2197 20.7033 4.23967 160.7
73.2995 34.2017 20.744 4.24245 160.659
73.3995 34.1837 20.7847 4.24521 160.618
73.4995 34.1656 20.8254 4.24796 160.578
73.5994 34.1474 20.8661 4.25069 160.537
73.6994 34.1292 20.9069 4.25342 160.496
73.7994 34.111 20.9476 4.25613 160.455
73.8994 34.0926 20.9884 4.25883 160.415
73.9994 34.0742 21.0292 4.26152 160.374
74.0994 34.0558 21.07 4.2642 160.333
74.1994 34.0373 21.1109 4.26686 160.292
74.2994 34.0187 21.1518 4.26952 160.251
74.3994 34 21.1926 4.27216 160.21
74.4994 33.9813 21.2336 4.27479 160.169
74.5994 33.9626 21.2745 4.2774 160.129
74.6994 33.9438 21.3154 4.28001 160.088
74.7994 33.9249 21.3564 4.2826 160.047
74.8994 33.906 21.3974 4.28518 160.006
74.9994 33.887 21.4384 4.28775 159.965
75.0994 33.8679 21.4794 4.29031 159.924
75.1994 33.8488 21.5205 4.29285 159.883
75.2994 33.8296 21.5615 4.29539 159.841
75.3994 33.8104 21.6026 4.29791 159.8
75.4994 33.7911 21.6437 4.30042 159.759
75.5994 33.7718 21.6848 4.30291 159.718
75.6994 33.7524 21.726 4.3054 159.677
75.7994 33.7329 21.7671 4.30787 159.636
75.8994 33.7134 21.8083 4.31033 159.595
75.9994 33.6938 21.8495 4.31277 159.554
76.0994 33.6742 21.8907 4.31521 159.512
76.1994 33.6545 21.9319 4.31763 159.471
76.2994 33.6348 21.9732 4.32004 159.43
76.3994 33.615 22.0144 4.32244 159.389
76.4994 33.5951 22.0557 4.32483 159.347
76.5994 33.5752 22.097 4.3272 159.306
76.6994 33.5552 22.1383 4.32956 159.265
76.7994 33.5352 22.1796 4.33191 159.223
76.8994 33.5151 22.221 4.33425 159.182
76.9994 33.495 22.2624 4.33658 159.141
77.0994 33.4748 22.3037 4.33889 159.099
77.1994 33.4545 22.3451 4.34119 159.058
77.2994 33.4342 22.3866 4.34348 159.016
77.3994 33.4139 22.428 4.34575 158.975
77.4994 33.3935 22.4694 4.34802 158.934
77.5994 33.373 22.5109 4.35027 158.892
77.6994 33.3525 22.5524 4.35251 158.851
77.7994 33.3319 22.5939 4.35473 158.809
77.8994 33.3113 22.6354 4.35695 158.768
77.9994 33.2906 22.6769 4.35915 158.726
78.0994 33.2699 22.7185 4.36134 158.685
78.1994 33.2491 22.76 4.36351 158.643
78.2994 33.2283 22.8016 4.36568 158.601
78.3994 33.2074 22.8432 4.36783 158.56
78.4994 33.1865 22.8848 4.36997 158.518
78.5994 33.1655 22.9264 4.37209 158.477
78.6994 33.1444 22.968 4.37421 158.435
78.7994 33.1233 23.0097 4.37631 158.393
78.8994 33.1022 23.0513 4.3784 158.352
78.9994 33.081 23.093 4.38047 158.31
79.0994 33.0597 23.1347 4.38254 158.268
79.1994 33.0384 23.1764 4.38459 158.227
79.2994 33.0171 23.2181 4.38663 158.185
79.3994 32.9957 23.2598 4.38865 158.143
79.4994 32.9742 23.3016 4.39067 158.101
79.5994 32.9527 23.3433 4.39267 158.06
79.6994 32.9311 23.3851 4.39466 158.018
79.7994 32.9095 23.4269 4.39663 157.976
79.8994 32.8879 23.4687 4.39859 157.934
79.9994 32.8662 23.5105 4.40055 157.893
80.0993 32.8444 23.5523 4.40248 157.851
80.1993 32.8226 23.5942 4.40441 157.809
80.2993 32.8007 23.636 4.40632 157.767
80.3993 32.7788 23.6779 4.40822 157.725
80.4993 32.7569 23.7198 4.41011 157.683
80.5993 32.7349 23.7616 4.41198 157.641
80.6993 32.7128 23.8035 4.41384 157.599
80.7993 32.6907 23.8454 4.41569 157.558
80.8993 32.6686 23.8874 4.41753 157.516
80.9993 32.6464 23.9293 4.41935 157.474
81.0993 32.6241 23.9712 4.42116 157.432
81.1993 32.6018 24.0132 4.42296 157.39
81.2993 32.5795 24.0552 4.42475 157.348
81.3993 32.5571 24.0972 4.42652 157.306
81.4993 32.5346 24.1391 4.42828 157.264
81.5993 32.5122 24.1811 4.43003 157.222
81.6993 32.4896 24.2232 4.43176 157.18
81.7993 32.467 24.2652 4.43348 157.138
81.8993 32.4444 24.3072 4.43519 157.096
81.9993 32.4217 24.3493 4.43688 157.054
82.0993 32.399 24.3913 4.43857 157.012
82.1993 32.3763 24.4334 4.44024 156.97
82.2993 32.3534 24.4754 4.44189 156.928
82.3993 32.3306 24.5175 4.44354 156.885
82.4993 32.3077 24.5596 4.44517 156.843
82.5993 32.2847 24.6017 4.44679 156.801
82.6993 32.2617 24.6438 4.44839 156.759
82.7993 32.2387 24.686 4.44998 156.717
82.8993 32.2156 24.7281 4.45156 156.675
82.9993 32.1925 24.7702 4.45313 156.633
83.0993 32.1693 24.8124 4.45468 156.591
83.1993 32.146 24.8545 4.45622 156.548
83.2993 32.1228 24.8967 4.45775 156.506
83.3993 32.0995 24.9389 4.45927 156.464
83.4993 32.0761 24.9811 4.46077 156.422
83.5993 32.0527 25.0233 4.46226 156.38
83.6993 32.0293 25.0655 4.46373 156.338
83.7993 32.0058 25.1077 4.46519 156.295
83.8993 31.9822 25.1499 4.46664 156.253
83.9993 31.9586 25.1921 4.46808 156.211
84.0993 31.935 25.2344 4.4695 156.169
84.1993 31.9114 25.2766 4.47091 156.126
84.2993 31.8876 25.3188 4.47231 156.084
84.3993 31.8639 25.3611 4.4737 156.042
84.4993 31.8401 25.4034 4.47507 156
84.5993 31.8163 25.4456 4.47642 155.957
84.6993 31.7924 25.4879 4.47777 155.915
84.7993 31.7684 25.5302 4.4791 155.873
84.8993 31.7445 25.5725 4.48042 155.831
84.9993 31.7205 25.6148 4.48173 155.788
85.0993 31.6964 25.6571 4.48302 155.746
85.1993 31.6723 25.6994 4.4843 155.704
85.2993 31.6482 25.7417 4.48556 155.661
85.3993 31.624 25.784 4.48682 155.619
85.4993 31.5998 25.8264 4.48806 155.577
85.5993 31.5755 25.8687 4.48928 155.534
85.6993 31.5512 25.911 4.4905 155.492
85.7993 31.5269 25.9534 4.4917 155.45
85.8993 31.5025 25.9957 4.49288 155.407
85.9993 31.4781 26.0381 4.49406 155.365
86.0993 31.4536 26.0805 4.49522 155.323
86.1993 31.4291 26.1228 4.49636 155.28
86.2993 31.4045 26.1652 4.4975 155.238
86.3993 31.3799 26.2076 4.49862 155.195
86.4993 31.3553 26.2499 4.49972 155.153
86.5993 31.3306 26.2923 4.50082 155.111
86.6992 31.3059 26.3347 4.5019 155.068
86.7992 31.2812 26.3771 4.50297 155.026
86.8992 31.2564 26.4195 4.50402 154.984
86.9992 31.2315 26.4619 4.50506 154.941
87.0992 31.2067 26.5043 4.50609 154.899
87.1992 31.1817 26.5467 4.5071 154.856
87.2992 31.1568 26.5891 4.5081 154.814
87.3992 31.1318 26.6316 4.50909 154.771
87.4992 31.1068 26.674 4.51007 154.729
87.5992 31.0817 26.7164 4.51103 154.687
87.6992 31.0566 26.7588 4.51197 154.644
87.7992 31.0314 26.8013 4.51291 154.602
87.8992 31.0063 26.8437 4.51383 154.559
87.9992 30.981 26.8861 4.51474 154.517
88.0992 30.9558 26.9286 4.51563 154.474
88.1992 30.9305 26.971 4.51651 154.432
88.2992 30.9051 27.0134 4.51738 154.39
88.3992 30.8797 27.0559 4.51823 154.347
88.4992 30.8543 27.0983 4.51907 154.305
88.5992 30.8289 27.1408 4.5199 154.262
88.6992 30.8034 27.1832 4.52071 154.22
88.7992 30.7779 27.2257 4.52151 154.177
88.8992 30.7523 27.2681 4.5223 154.135
88.9992 30.7267 27.3106 4.52307 154.092
89.0992 30.701 27.3531 4.52383 154.05
89.1992 30.6754 27.3955 4.52457 154.008
89.2992 30.6496 27.438 4.52531 153.965
89.3992 30.6239 27.4804 4.52603 153.923
89.4992 30.5981 27.5229 4.52673 153.88
89.5992 30.5723 27.5654 4.52742 153.838
89.6992 30.5464 27.6078 4.5281 153.795
89.7992 30.5205 27.6503 4.52877 153.753
89.8992 30.4946 27.6927 4.52942 153.71
89.9992 30.4686 27.7352 4.53005 153.668
90.0992 30.4426 27.7777 4.53068 153.625
90.1992 30.4165 27.8201 4.53129 153.583
90.2992 30.3905 27.8626 4.53188 153.54
90.3992 30.3643 27.905 4.53247 153.498
90.4992 30.3382 27.9475 4.53304 153.456
90.5992 30.312 27.99 4.53359 153.413
90.6992 30.2858 28.0324 4.53414 153.371
90.7992 30.2595 28.0749 4.53466 153.328
90.8992 30.2332 28.1173 4.53518 153.286
90.9992 30.2069 28.1598 4.53568 153.243
91.0992 30.1805 28.2023 4.53617 153.201
91.1992 30.1541 28.2447 4.53664 153.158
91.2992 30.1277 28.2872 4.5371 153.116
91.3992 30.1012 28.3296 4.53755 153.073
91.4992 30.0747 28.3721 4.53798 153.031
91.5992 30.0482 28.4145 4.5384 152.989
91.6992 30.0216 28.457 4.53881 152.946
91.7992 29.995 28.4994 4.5392 152.904
91.8992 29.9684 28.5418 4.53958 152.861
91.9992 29.9417 28.5843 4.53995 152.819
92.0992 29.915 28.6267 4.5403 152.776
92.1992 29.8882 28.6691 4.54063 152.734
92.2992 29.8614 28.7116 4.54096 152.691
92.3992 29.8346 28.754 4.54127 152.649
92.4992 29.8078 28.7964 4.54156 152.607
92.5992 29.7809 28.8388 4.54185 152.564
92.6992 29.754 28.8813 4.54211 152.522
92.7992 29.7271 28.9237 4.54237 152.479
92.8992 29.7001 28.9661 4.54261 152.437
92.9992 29.6731 29.0085 4.54284 152.395
93.0992 29.646 29.0509 4.54305 152.352
93.1992 29.6189 29.0933 4.54325 152.31
93.2991 29.5918 29.1357 4.54344 152.267
93.3991 29.5647 29.1781 4.54361 152.225
93.4991 29.5375 29.2205 4.54377 152.183
93.5991 29.5103 29.2628 4.54391 152.14
93.6991 29.4831 29.3052 4.54404 152.098
93.7991 29.4558 29.3476 4.54416 152.055
93.8991 29.4285 29.3899 4.54426 152.013
93.9991 29.4011 29.4323 4.54435 151.971
94.0991 29.3738 29.4747 4.54443 151.928
94.1991 29.3464 29.517 4.54449 151.886
94.2991 29.3189 29.5594 4.54454 151.844
94.3991 29.2915 29.6017 4.54457 151.801
94.4991 29.264 29.644 4.54459 151.759
94.5991 29.2365 29.6864 4.5446 151.717
94.6991 29.2089 29.7287 4.54459 151.674
94.7991 29.1813 29.771 4.54457 151.632
94.8991 29.1537 29.8133 4.54453 151.59
94.9991 29.126 29.8556 4.54448 151.547
95.0991 29.0983 29.8979 4.54442 151.505
95.1991 29.0706 29.9402 4.54434 151.463
95.2991 29.0429 29.9825 4.54425 151.421
95.3991 29.0151 30.0248 4.54415 151.378
95.4991 28.9873 30.067 4.54403 151.336
95.5991 28.9595 30.1093 4.5439 151.294
95.6991 28.9316 30.1516 4.54375 151.251
95.7991 28.9037 30.1938 4.54359 151.209
95.8991 28.8758 30.236 4.54341 151.167
95.9991 28.8478 30.2783 4.54323 151.125
96.0991 28.8198 30.3205 4.54302 151.083
96.1991 28.7918 30.3627 4.54281 151.04
96.2991 28.7638 30.4049 4.54258 150.998
96.3991 28.7357 30.4471 4.54233 150.956
96.4991 28.7076 30.4893 4.54207 150.914
96.5991 28.6794 30.5315 4.5418 150.872
96.6991 28.6513 30.5737 4.54152 150.829
96.7991 28.6231 30.6159 4.54122 150.787
96.8991 28.5948 30.658 4.5409 150.745
96.9991 28.5666 30.7002 4.54057 150.703
97.0991 28.5383 30.7423 4.54023 150.661
97.1991 28.51 30.7844 4.53987 150.619
97.2991 28.4816 30.8266 4.5395 150.576
97.3991 28.4533 30.8687 4.53912 150.534
97.4991 28.4249 30.9108 4.53872 150.492
97.5991 28.3964 30.9529 4.53831 150.45
97.6991 28.368 30.995 4.53788 150.408
97.7991 28.3395 31.037 4.53744 150.366
97.8991 28.311 31.0791 4.53699 150.324
97.9991 28.2824 31.1212 4.53652 150.282
98.0991 28.2539 31.1632 4.53604 150.24
98.1991 28.2253 31.2052 4.53554 150.198
98.2991 28.1966 31.2473 4.53503 150.156
98.3991 28.168 31.2893 4.5345 150.114
98.4991 28.1393 31.3313 4.53397 150.072
98.5991 28.1106 31.3733 4.53341 150.03
98.6991 28.0818 31.4152 4.53285 149.988
98.7991 28.0531 31.4572 4.53226 149.946
98.8991 28.0243 31.4992 4.53167 149.904
98.9991 27.9954 31.5411 4.53106 149.862
99.0991 27.9666 31.583 4.53044 149.82
99.1991 27.9377 31.625 4.5298 149.778
99.2991 27.9088 31.6669 4.52915 149.736
99.3991 27.8799 31.7088 4.52848 149.694
99.4991 27.8509 31.7507 4.5278 149.652
99.5991 27.8219 31.7925 4.52711 149.61
99.6991 27.7929 31.8344 4.5264 149.569
99.799 27.7639 31.8762 4.52568 149.527
99.899 27.7348 31.9181 4.52494 149.485
99.999 27.7057 31.9599 4.52419 149.443
100.099 27.6766 32.0017 4.52343 149.401
100.199 27.6474 32.0435 4.52265 149.36
100.299 27.6182 32.0853 4.52186 149.318
100.399 27.589 32.1271 4.52105 149.276
100.499 27.5598 32.1688 4.52023 149.234
100.599 27.5306 32.2106 4.51939 149.192
100.699 27.5013 32.2523 4.51854 149.151
100.799 27.472 32.294 4.51768 149.109
100.899 27.4426 32.3357 4.5168 149.067
100.999 27.4133 32.3774 4.51591 149.026
101.099 27.3839 32.4191 4.51501 148.984
101.199 27.3545 32.4607 4.51409 148.942
101.299 27.3251 32.5024 4.51315 148.901
101.399 27.2956 32.544 4.5122 148.859
101.499 27.2661 32.5856 4.51124 148.817
101.599 27.2366 32.6272 4.51026 148.776
101.699 27.207 32.6688 4.50927 148.734
101.799 27.1775 32.7104 4.50827 148.693
101.899 27.1479 32.752 4.50725 148.651
101.999 27.1183 32.7935 4.50621 148.61
102.099 27.0886 32.835 4.50517 148.568
102.199 27.059 32.8765 4.5041 148.526
102.299 27.0293 32.918 4.50303 148.485
102.399 26.9996 32.9595 4.50194 148.444
102.499 26.9698 33.001 4.50083 148.402
102.599 26.9401 33.0424 4.49971 148.361
102.699 26.9103 33.0839 4.49858 148.319
102.799 26.8805 33.1253 4.49743 148.278
102.899 26.8506 33.1667 4.49627 148.236
102.999 26.8208 33.2081 4.4951 148.195
103.099 26.7909 33.2494 4.49391 148.154
103.199 26.761 33.2908 4.4927 148.112
103.299 26.731 33.3321 4.49148 148.071
103.399 26.7011 33.3734 4.49025 148.03
103.499 26.6711 33.4147 4.48901 147.988
103.599 26.6411 33.456 4.48774 147.947
103.699 26.611 33.4973 4.48647 147.906
103.799 26.581 33.5385 4.48518 147.865
103.899 26.5509 33.5797 4.48388 147.823
103.999 26.5208 33.6209 4.48256 147.782
104.099 26.4907 33.6621 4.48123 147.741
104.199 26.4605 33.7033 4.47988 147.7
104.299 26.4303 33.7445 4.47852 147.659
104.399 26.4001 33.7856 4.47714 147.617
104.499 26.3699 33.8267 4.47576 147.576
104.599 26.3397 33.8678 4.47435 147.535
104.699 26.3094 33.9089 4.47293 147.494
104.799 26.2791 33.95 4.4715 147.453
104.899 26.2488 33.991 4.47006 147.412
104.999 26.2185 34.032 4.4686 147.371
105.099 26.1881 34.073 4.46712 147.33
105.199 26.1577 34.114 4.46563 147.289
105.299 26.1273 34.155 4.46413 147.248
105.399 26.0969 34.1959 4.46261 147.207
105.499 26.0664 34.2369 4.46108 147.166
105.599 26.0359 34.2778 4.45953 147.125
105.699 26.0054 34.3187 4.45797 147.084
105.799 25.9749 34.3595 4.4564 147.043
105.899 25.9444 34.4004 4.45481 147.003
105.999 25.9138 34.4412 4.45321 146.962
106.099 25.8832 34.482 4.45159 146.921
106.199 25.8526 34.5228 4.44996 146.88
106.299 25.822 34.5636 4.44831 146.839
106.399 25.7913 34.6043 4.44665 146.799
106.499 25.7607 34.645 4.44498 146.758
106.599 25.73 34.6857 4.44329 146.717
106.699 25.6992 34.7264 4.44159 146.677
106.799 25.6685 34.7671 4.43987 146.636
106.899 25.6377 34.8077 4.43814 146.595
106.999 25.6069 34.8483 4.43639 146.555
107.099 25.5761 34.8889 4.43463 146.514
107.199 25.5453 34.9295 4.43286 146.474
107.299 25.5144 34.9701 4.43107 146.433
107.399 25.4836 35.0106 4.42927 146.392
107.499 25.4527 35.0511 4.42745 146.352
107.599 25.4218 35.0916 4.42562 146.311
107.699 25.3908 35.1321 4.42378 146.271
107.799 25.3599 35.1725 4.42192 146.231
107.899 25.3289 35.2129 4.42004 146.19
107.999 25.2979 35.2533 4.41815 146.15
108.099 25.2669 35.2937 4.41625 146.109
108.199 25.2358 35.334 4.41433 146.069
108.299 25.2048 35.3744 4.4124 146.029
108.399 25.1737 35.4147 4.41046 145.988
108.499 25.1426 35.4549 4.4085 145.948
108.599 25.1114 35.4952 4.40652 145.908
108.699 25.0803 35.5354 4.40454 145.868
108.799 25.0491 35.5756 4.40253 145.827
108.899 25.0179 35.6158 4.40052 145.787
108.999 24.9867 35.656 4.39849 145.747
109.099 24.9555 35.6961 4.39644 145.707
109.199 24.9242 35.7362 4.39438 145.667
109.299 24.893 35.7763 4.39231 145.627
109.399 24.8617 35.8164 4.39022 145.587
109.499 24.8304 35.8564 4.38812 145.547
109.599 24.799 35.8964 4.386 145.507
109.699 24.7677 35.9364 4.38387 145.467
109.799 24.7363 35.9764 4.38172 145.427
109.899 24.7049 36.0163 4.37956 145.387
109.999 24.6735 36.0562 4.37739 145.347
110.099 24.6421 36.0961 4.3752 145.307
110.199 24.6106 36.136 4.373 145.267
110.299 24.5792 36.1758 4.37078 145.227
110.399 24.5477 36.2157 4.36855 145.187
110.499 24.5161 36.2554 4.36631 145.148
110.599 24.4846 36.2952 4.36405 145.108
110.699 24.4531 36.3349 4.36178 145.068
110.799 24.4215 36.3746 4.35949 145.028
110.899 24.3899 36.4143 4.35719 144.989
110.999 24.3583 36.454 4.35487 144.949
111.099 24.3267 36.4936 4.35254 144.909
111.199 24.295 36.5332 4.35019 144.87
111.299 24.2634 36.5728 4.34784 144.83
111.399 24.2317 36.6123 4.34546 144.791
111.499 24.2 36.6519 4.34307 144.751
111.599 24.1682 36.6913 4.34067 144.712
111.699 24.1365 36.7308 4.33826 144.672
111.799 24.1047 36.7703 4.33583 144.633
111.899 24.073 36.8097 4.33338 144.593
111.999 24.0412 36.8491 4.33092 144.554
112.099 24.0093 36.8884 4.32845 144.515
112.199 23.9775 36.9277 4.32596 144.475
112.299 23.9457 36.967 4.32346 144.436
112.399 23.9138 37.0063 4.32095 144.397
112.499 23.8819 37.0456 4.31842 144.357
112.599 23.85 37.0848 4.31587 144.318
112.699 23.818 37.124 4.31332 144.279
112.799 23.7861 37.1631 4.31074 144.24
112.899 23.7541 37.2022 4.30816 144.201
112.999 23.7221 37.2413 4.30556 144.162
113.099 23.6901 37.2804 4.30294 144.123
113.199 23.6581 37.3195 4.30031 144.084
113.299 23.6261 37.3585 4.29767 144.045
113.399 23.594 37.3975 4.29501 144.006
113.499 23.5619 37.4364 4.29234 143.967
113.599 23.5299 37.4753 4.28966 143.928
113.699 23.4977 37.5142 4.28696 143.889
113.799 23.4656 37.5531 4.28424 143.85
113.899 23.4335 37.5919 4.28151 143.811
113.999 23.4013 37.6308 4.27877 143.772
114.099 23.3691 37.6695 4.27601 143.733
114.199 23.3369 37.7083 4.27324 143.695
114.299 23.3047 37.747 4.27046 143.656
114.399 23.2725 37.7857 4.26766 143.617
114.499 23.2402 37.8243 4.26485 143.579
114.599 23.2079 37.863 4.26202 143.54
114.699 23.1757 37.9015 4.25918 143.501
114.799 23.1434 37.9401 4.25632 143.463
114.899 23.111 37.9786 4.25345 143.424
114.999 23.0787 38.0171 4.25057 143.386
115.099 23.0463 38.0556 4.24767 143.347
115.199 23.014 38.094 4.24476 143.309
115.299 22.9816 38.1324 4.24183 143.271
115.399 22.9492 38.1708 4.23889 143.232
115.499 22.9167 38.2092 4.23593 143.194
115.599 22.8843 38.2475 4.23297 143.156
115.699 22.8518 38.2858 4.22998 143.117
115.799 22.8194 38.324 4.22699 143.079
115.899 22.7869 38.3622 4.22397 143.041
115.999 22.7544 38.4004 4.22095 143.003
116.099 22.7218 38.4385 4.21791 142.964
116.199 22.6893 38.4767 4.21486 142.926
116.299 22.6567 38.5147 4.21179 142.888
116.399 22.6241 38.5528 4.20871 142.85
116.499 22.5916 38.5908 4.20561 142.812
116.599 22.5589 38.6288 4.2025 142.774
116.699 22.5263 38.6667 4.19938 142.736
116.799 22.4937 38.7047 4.19624 142.698
116.899 22.461 38.7426 4.19309 142.66
116.999 22.4283 38.7804 4.18992 142.623
117.099 22.3956 38.8182 4.18674 142.585
117.199 22.3629 38.856 4.18355 142.547
117.299 22.3302 38.8938 4.18034 142.509
117.399 22.2975 38.9315 4.17712 142.472
117.499 22.2647 38.9692 4.17388 142.434
117.599 22.2319 39.0068 4.17063 142.396
117.699 22.1992 39.0444 4.16737 142.359
117.799 22.1664 39.082 4.16409 142.321
117.899 22.1335 39.1195 4.1608 142.283
117.999 22.1007 39.157 4.15749 142.246
118.099 22.0679 39.1945 4.15417 142.208
118.199 22.035 39.232 4.15084 142.171
118.299 22.0021 39.2694 4.14749 142.134
118.399 21.9692 39.3067 4.14413 142.096
118.499 21.9363 39.3441 4.14075 142.059
118.599 21.9034 39.3814 4.13736 142.022
118.699 21.8704 39.4186 4.13396 141.984
118.799 21.8375 39.4559 4.13054 141.947
118.899 21.8045 39.4931 4.12711 141.91
118.999 21.7715 39.5302 4.12366 141.873
119.099 21.7385 39.5673 4.1202 141.836
119.199 21.7055 39.6044 4.11673 141.799
119.299 21.6724 39.6415 4.11324 141.762
119.399 21.6394 39.6785 4.10974 141.725
119.499 21.6063 39.7155 4.10623 141.688
119.599 21.5732 39.7524 4.1027 141.651
119.699 21.5401 39.7893 4.09915 141.614
119.799 21.507 39.8262 4.0956 141.577
119.899 21.4739 39.863 4.09203 141.54
119.999 21.4407 39.8998 4.08844 141.503
120.099 21.4076 39.9365 4.08484 141.466
120.199 21.3744 39.9733 4.08123 141.43
120.299 21.3412 40.0099 4.0776 141.393
120.399 21.308 40.0466 4.07396 141.356
120.499 21.2748 40.0832 4.07031 141.32
120.599 21.2416 40.1198 4.06664 141.283
120.699 21.2083 40.1563 4.06296 141.247
120.799 21.1751 40.1928 4.05926 141.21
120.899 21.1418 40.2292 4.05556 141.174
120.999 21.1085 40.2656 4.05183 141.137
121.099 21.0752 40.302 4.0481 141.101
121.199 21.0419 40.3384 4.04434 141.065
121.299 21.0085 40.3747 4.04058 141.028
121.399 20.9752 40.4109 4.0368 140.992
121.499 20.9418 40.4472 4.03301 140.956
121.599 20.9085 40.4833 4.0292 140.92
121.699 20.8751 40.5195 4.02538 140.884
121.799 20.8417 40.5556 4.02155 140.847
121.899 20.8082 40.5917 4.0177 140.811
121.999 20.7748 40.6277 4.01384 140.775
122.099 20.7414 40.6637 4.00997 140.739
122.199 20.7079 40.6996 4.00608 140.703
122.299 20.6744 40.7356 4.00218 140.667
122.399 20.6409 40.7714 3.99826 140.632
122.499 20.6074 40.8073 3.99433 140.596
122.599 20.5739 40.8431 3.99039 140.56
122.699 20.5404 40.8788 3.98643 140.524
122.799 20.5068 40.9145 3.98246 140.489
122.899 20.4733 40.9502 3.97848 140.453
122.999 20.4397 40.9858 3.97448 140.417
123.099 20.4061 41.0214 3.97047 140.382
123.199 20.3725 41.057 3.96645 140.346
123.299 20.3389 41.0925 3.96241 140.311
123.399 20.3053 41.1279 3.95836 140.275
123.499 20.2717 41.1634 3.95429 140.24
123.599 20.238 41.1988 3.95021 140.204
123.699 20.2043 41.2341 3.94612 140.169
123.799 20.1707 41.2694 3.94201 140.134
123.899 20.137 41.3047 3.93789 140.098
123.999 20.1033 41.3399 3.93376 140.063
124.099 20.0695 41.3751 3.92961 140.028
124.199 20.0358 41.4102 3.92545 139.993
124.299 20.0021 41.4453 3.92128 139.958
124.399 19.9683 41.4804 3.91709 139.923
124.499 19.9345 41.5154 3.91289 139.888
124.599 19.9008 41.5504 3.90867 139.853
124.699 19.867 41.5853 3.90444 139.818
124.799 19.8331 41.6202 3.9002 139.783
124.899 19.7993 41.655 3.89595 139.748
124.999 19.7655 41.6899 3.89168 139.713
125.099 19.7316 41.7246 3.8874 139.678
125.199 19.6978 41.7593 3.8831 139.644
125.299 19.6639 41.794 3.87879 139.609
125.399 19.63 41.8286 3.87447 139.574
125.499 19.5961 41.8632 3.87013 139.54
125.599 19.5622 41.8978 3.86578 139.505
125.699 19.5283 41.9323 3.86142 139.471
125.799 19.4943 41.9668 3.85705 139.436
125.899 19.4604 42.0012 3.85266 139.402
125.999 19.4264 42.0355 3.84825 139.367
126.099 19.3924 42.0699 3.84384 139.333
126.199 19.3584 42.1042 3.83941 139.299
126.299 19.3244 42.1384 3.83496 139.265
126.399 19.2904 42.1726 3.83051 139.23
126.499 19.2564 42.2068 3.82604 139.196
126.599 19.2224 42.2409 3.82156 139.162
126.699 19.1883 42.2749 3.81706 139.128
126.799 19.1543 42.309 3.81255 139.094
126.899 19.1202 42.3429 3.80803 139.06
126.999 19.0861 42.3769 3.80349 139.026
127.099 19.052 42.4108 3.79894 138.992
127.199 19.0179 42.4446 3.79438 138.958
127.299 18.9838 42.4784 3.78981 138.925
127.399 18.9496 42.5122 3.78522 138.891
127.499 18.9155 42.5459 3.78061 138.857
127.599 18.8813 42.5796 3.776 138.823
127.699 18.8471 42.6132 3.77137 138.79
127.799 18.813 42.6467 3.76673 138.756
127.899 18.7788 42.6803 3.76207 138.723
127.999 18.7446 42.7138 3.75741 138.689
128.099 18.7103 42.7472 3.75273 138.656
128.199 18.6761 42.7806 3.74803 138.622
128.299 18.6419 42.8139 3.74332 138.589
128.399 18.6076 42.8472 3.7386 138.556
128.499 18.5733 42.8805 3.73387 138.523
128.599 18.5391 42.9137 3.72912 138.489
128.699 18.5048 42.9469 3.72436 138.456
128.799 18.4705 42.98 3.71959 138.423
128.899 18.4362 43.0131 3.7148 138.39
128.999 18.4018 43.0461 3.71 138.357
129.099 18.3675 43.0791 3.70519 138.324
129.199 18.3331 43.112 3.70037 138.291
129.299 18.2988 43.1449 3.69553 138.258
129.399 18.2644 43.1777 3.69068 138.225
129.499 18.23 43.2105 3.68581 138.192
129.599 18.1956 43.2433 3.68094 138.16
129.699 18.1612 43.276 3.67605 138.127
129.799 18.1268 43.3086 3.67114 138.094
129.899 18.0924 43.3412 3.66623 138.062
129.999 18.058 43.3738 3.6613 138.029
130.099 18.0235 43.4063 3.65636 137.997
130.199 17.989 43.4387 3.6514 137.964
130.299 17.9546 43.4712 3.64643 137.932
130.399 17.9201 43.5035 3.64145 137.9
130.499 17.8856 43.5358 3.63646 137.867
130.599 17.8511 43.5681 3.63146 137.835
130.699 17.8166 43.6003 3.62644 137.803
130.799 17.7821 43.6325 3.6214 137.771
130.899 17.7475 43.6646 3.61636 137.738
130.999 17.713 43.6967 3.6113 137.706
131.099 17.6784 43.7287 3.60623 137.674
131.199 17.6438 43.7607 3.60115 137.642
131.299 17.6093 43.7926 3.59606 137.61
131.399 17.5747 43.8245 3.59095 137.579
131.499 17.5401 43.8563 3.58583 137.547
131.599 17.5055 43.8881 3.58069 137.515
131.699 17.4708 43.9198 3.57555 137.483
131.799 17.4362 43.9515 3.57039 137.452
131.899 17.4016 43.9832 3.56522 137.42
131.999 17.3669 44.0147 3.56003 137.388
132.099 17.3322 44.0463 3.55484 137.357
132.199 17.2976 44.0778 3.54963 137.325
132.299 17.2629 44.1092 3.5444 137.294
132.399 17.2282 44.1406 3.53917 137.262
132.499 17.1935 44.1719 3.53392 137.231
132.599 17.1588 44.2032 3.52866 137.2
132.699 17.124 44.2344 3.52339 137.169
132.799 17.0893 44.2656 3.5181 137.137
132.899 17.0546 44.2967 3.51281 137.106
132.999 17.0198 44.3278 3.5075 137.075
133.099 16.985 44.3589 3.50218 137.044
133.199 16.9503 44.3898 3.49684 137.013
133.299 16.9155 44.4208 3.49149 136.982
133.399 16.8807 44.4516 3.48613 136.951
133.499 16.8459 44.4825 3.48076 136.921
133.599 16.8111 44.5133 3.47538 136.89
133.699 16.7762 44.544 3.46998 136.859
133.799 16.7414 44.5747 3.46457 136.828
133.899 16.7065 44.6053 3.45915 136.798
133.999 16.6717 44.6359 3.45371 136.767
134.099 16.6368 44.6664 3.44827 136.737
134.199 16.6019 44.6968 3.44281 136.706
134.299 16.5671 44.7273 3.43734 136.676
134.399 16.5322 44.7576 3.43186 136.645
134.499 16.4973 44.788 3.42636 136.615
134.599 16.4623 44.8182 3.42085 136.585
134.699 16.4274 44.8484 3.41533 136.555
134.799 16.3925 44.8786 3.4098 136.524
134.899 16.3575 44.9087 3.40426 136.494
134.999 16.3226 44.9387 3.3987 136.464
135.099 16.2876 44.9687 3.39313 136.434
135.199 16.2527 44.9987 3.38755 136.404
135.299 16.2177 45.0286 3.38196 136.374
135.399 16.1827 45.0584 3.37635 136.345
135.499 16.1477 45.0882 3.37073 136.315
135.599 16.1127 45.118 3.3651 136.285
135.699 16.0777 45.1477 3.35946 136.255
135.799 16.0426 45.1773 3.35381 136.226
135.899 16.0076 45.2069 3.34814 136.196
135.999 15.9725 45.2364 3.34246 136.167
136.099 15.9375 45.2659 3.33677 136.137
136.199 15.9024 45.2953 3.33107 136.108
136.299 15.8673 45.3246 3.32536 136.078
136.399 15.8323 45.354 3.31963 136.049
136.499 15.7972 45.3832 3.3139 136.02
136.599 15.7621 45.4124 3.30815 135.991
136.699 15.727 45.4416 3.30238 135.961
136.799 15.6918 45.4707 3.29661 135.932
136.899 15.6567 45.4997 3.29083 135.903
136.999 15.6216 45.5287 3.28503 135.874
137.099 15.5864 45.5576 3.27922 135.845
137.199 15.5513 45.5865 3.2734 135.817
137.299 15.5161 45.6153 3.26757 135.788
137.399 15.4809 45.6441 3.26172 135.759
137.499 15.4457 45.6728 3.25586 135.73
137.599 15.4106 45.7015 3.25 135.702
137.699 15.3754 45.7301 3.24412 135.673
137.799 15.3401 45.7587 3.23823 135.644
137.899 15.3049 45.7872 3.23232 135.616
137.999 15.2697 45.8156 3.22641 135.587
138.099 15.2345 45.844 3.22048 135.559
138.199 15.1992 45.8723 3.21454 135.531
138.299 15.164 45.9006 3.20859 135.502
138.399 15.1287 45.9288 3.20263 135.474
138.499 15.0934 45.957 3.19666 135.446
138.599 15.0582 45.9851 3.19067 135.418
138.699 15.0229 46.0131 3.18468 135.39
138.799 14.9876 46.0411 3.17867 135.362
138.899 14.9523 46.0691 3.17265 135.334
138.999 14.917 46.097 3.16662 135.306
139.099 14.8817 46.1248 3.16058 135.278
139.199 14.8463 46.1526 3.15452 135.25
139.299 14.811 46.1803 3.14846 135.223
139.399 14.7757 46.208 3.14238 135.195
139.499 14.7403 46.2356 3.13629 135.167
139.599 14.7049 46.2631 3.13019 135.14
139.699 14.6696 46.2906 3.12408 135.112
139.799 14.6342 46.3181 3.11796 135.085
139.899 14.5988 46.3454 3.11183 135.058
139.999 14.5634 46.3728 3.10568 135.03
140.099 14.528 46.4 3.09952 135.003
140.199 14.4926 46.4273 3.09336 134.976
140.299 14.4572 46.4544 3.08718 134.949
140.399 14.4218 46.4815 3.08099 134.922
140.499 14.3863 46.5085 3.07479 134.894
140.599 14.3509 46.5355 3.06857 134.867
140.699 14.3154 46.5625 3.06235 134.841
140.799 14.28 46.5893 3.05611 134.814
140.899 14.2445 46.6161 3.04987 134.787
140.999 14.209 46.6429 3.04361 134.76
141.099 14.1736 46.6696 3.03734 134.733
141.199 14.1381 46.6962 3.03106 134.707
141.299 14.1026 46.7228 3.02477 134.68
141.399 14.0671 46.7493 3.01847 134.654
141.499 14.0316 46.7758 3.01216 134.627
141.599 13.996 46.8022 3.00584 134.601
141.699 13.9605 46.8285 2.9995 134.574
141.799 13.925 46.8548 2.99316 134.548
141.899 13.8894 46.8811 2.9868 134.522
141.999 13.8539 46.9072 2.98043 134.496
142.099 13.8183 46.9334 2.97405 134.47
142.199 13.7828 46.9594 2.96766 134.444
142.299 13.7472 46.9854 2.96126 134.418
142.399 13.7116 47.0113 2.95485 134.392
142.499 13.676 47.0372 2.94843 134.366
142.6 13.6404 47.0631 2.942 134.34
142.7 13.6048 47.0888 2.93555 134.314
142.8 13.5692 47.1145 2.9291 134.288
142.9 13.5336 47.1402 2.92263 134.263
143 13.498 47.1658 2.91616 134.237
143.1 13.4623 47.1913 2.90967 134.212
143.2 13.4267 47.2167 2.90317 134.186
143.3 13.3911 47.2422 2.89667 134.161
143.4 13.3554 47.2675 2.89015 134.136
143.5 13.3197 47.2928 2.88362 134.11
143.6 13.2841 47.318 2.87708 134.085
143.7 13.2484 47.3432 2.87053 134.06
143.8 13.2127 47.3683 2.86397 134.035
143.9 13.177 47.3934 2.8574 134.01
144 13.1413 47.4183 2.85081 133.985
144.1 13.1056 47.4433 2.84422 133.96
144.2 13.0699 47.4681 2.83762 133.935
144.3 13.0342 47.493 2.83101 133.91
144.4 12.9985 47.5177 2.82438 133.885
144.5 12.9627 47.5424 2.81775 133.861
144.6 12.927 47.567 2.8111 133.836
144.7 12.8913 47.5916 2.80445 133.811
144.8 12.8555 47.6161 2.79778 133.787
144.9 12.8197 47.6406 2.79111 133.762
145 12.784 47.6649 2.78442 133.738
145.1 12.7482 47.6893 2.77772 133.714
145.2 12.7124 47.7135 2.77102 133.689
145.3 12.6766 47.7377 2.7643 133.665
145.4 12.6408 47.7619 2.75757 133.641
145.5 12.605 47.786 2.75084 133.617
145.6 12.5692 47.81 2.74409 133.593
145.7 12.5334 47.834 2.73733 133.569
145.8 12.4976 47.8579 2.73056 133.545
145.9 12.4618 47.8817 2.72378 133.521
146 12.4259 47.9055 2.717 133.498
146.1 12.3901 47.9292 2.7102 133.474
146.2 12.3543 47.9528 2.70339 133.45
146.3 12.3184 47.9764 2.69657 133.427
146.4 12.2825 48 2.68974 133.403
146.5 12.2467 48.0234 2.68291 133.38
146.6 12.2108 48.0468 2.67606 133.356
146.7 12.1749 48.0702 2.6692 133.333
146.8 12.139 48.0935 2.66233 133.31
146.9 12.1031 48.1167 2.65545 133.286
147 12.0673 48.1398 2.64857 133.263
147.1 12.0313 48.1629 2.64167 133.24
147.2 11.9954 48.186 2.63476 133.217
147.3 11.9595 48.209 2.62784 133.194
147.4 11.9236 48.2319 2.62092 133.171
147.5 11.8877 48.2547 2.61398 133.148
147.6 11.8517 48.2775 2.60704 133.126
147.7 11.8158 48.3002 2.60008 133.103
147.8 11.7798 48.3229 2.59311 133.08
147.9 11.7439 48.3455 2.58614 133.058
148 11.7079 48.368 2.57915 133.035
148.1 11.672 48.3905 2.57216 133.013
148.2 11.636 48.4129 2.56515 132.99
148.3 11.6 48.4352 2.55814 132.968
148.4 11.564 48.4575 2.55112 132.945
148.5 11.528 48.4797 2.54408 132.923
148.6 11.492 48.5019 2.53704 132.901
148.7 11.456 48.524 2.52999 132.879
148.8 11.42 48.546 2.52293 132.857
148.9 11.384 48.568 2.51586 132.835
149 11.348 48.5899 2.50878 132.813
149.1 11.312 48.6117 2.50169 132.791
149.2 11.2759 48.6335 2.49459 132.77
149.3 11.2399 48.6552 2.48748 132.748
149.4 11.2038 48.6769 2.48037 132.726
149.5 11.1678 48.6985 2.47324 132.705
149.6 11.1317 48.72 2.4661 132.683
149.7 11.0957 48.7414 2.45896 132.662
149.8 11.0596 48.7628 2.4518 132.64
149.9 11.0235 48.7842 2.44464 132.619
150 10.9875 48.8054 2.43747 132.598
150.1 10.9514 48.8266 2.43029 132.576
150.2 10.9153 48.8478 2.42309 132.555
150.3 10.8792 48.8688 2.41589 132.534
150.4 10.8431 48.8898 2.40869 132.513
150.5 10.807 48.9108 2.40147 132.492
150.6 10.7709 48.9317 2.39424 132.471
150.7 10.7348 48.9525 2.38701 132.451
150.8 10.6986 48.9732 2.37976 132.43
150.9 10.6625 48.9939 2.37251 132.409
151 10.6264 49.0145 2.36524 132.388
151.1 10.5902 49.0351 2.35797 132.368
151.2 10.5541 49.0556 2.35069 132.347
151.3 10.5179 49.076 2.3434 132.327
151.4 10.4818 49.0964 2.3361 132.307
151.5 10.4456 49.1167 2.3288 132.286
151.6 10.4095 49.1369 2.32148 132.266
151.7 10.3733 49.157 2.31416 132.246
151.8 10.3371 49.1771 2.30682 132.226
151.9 10.3009 49.1972 2.29948 132.206
152 10.2647 49.2172 2.29213 132.186
152.1 10.2285 49.2371 2.28477 132.166
152.2 10.1923 49.2569 2.27741 132.146
152.3 10.1561 49.2767 2.27003 132.126
152.4 10.1199 49.2964 2.26265 132.107
152.5 10.0837 49.316 2.25525 132.087
152.6 10.0475 49.3356 2.24785 132.067
152.7 10.0113 49.3551 2.24044 132.048
152.8 9.97505 49.3745 2.23302 132.028
152.9 9.93882 49.3939 2.22559 132.009
153 9.90258 49.4132 2.21816 131.99
153.1 9.86634 49.4325 2.21072 131.971
153.2 9.83009 49.4517 2.20326 131.951
153.3 9.79384 49.4708 2.1958 131.932
153.4 9.75758 49.4898 2.18833 131.913
153.5 9.72131 49.5088 2.18086 131.894
153.6 9.68505 49.5277 2.17337 131.875
153.7 9.64877 49.5466 2.16588 131.856
153.8 9.61249 49.5653 2.15838 131.838
153.9 9.57621 49.5841 2.15087 131.819
154 9.53992 49.6027 2.14335 131.8
154.1 9.50363 49.6213 2.13582 131.782
154.2 9.46733 49.6398 2.12829 131.763
154.3 9.43103 49.6583 2.12075 131.745
154.4 9.39473 49.6766 2.1132 131.726
154.5 9.35841 49.695 2.10564 131.708
154.6 9.3221 49.7132 2.09807 131.69
154.7 9.28578 49.7314 2.0905 131.672
154.8 9.24945 49.7495 2.08292 131.654
154.9 9.21312 49.7675 2.07533 131.635
155 9.17679 49.7855 2.06773 131.617
155.1 9.14045 49.8034 2.06013 131.6
155.2 9.1041 49.8213 2.05251 131.582
155.3 9.06776 49.8391 2.04489 131.564
155.4 9.0314 49.8568 2.03726 131.546
155.5 8.99505 49.8744 2.02963 131.529
155.6 8.95868 49.892 2.02198 131.511
155.7 8.92232 49.9095 2.01433 131.494
155.8 8.88595 49.9269 2.00667 131.476
155.9 8.84957 49.9443 1.999 131.459
156 8.81319 49.9616 1.99133 131.441
156.1 8.77681 49.9789 1.98365 131.424
156.2 8.74042 49.996 1.97596 131.407
156.3 8.70403 50.0131 1.96826 131.39
156.4 8.66763 50.0302 1.96056 131.373
156.5 8.63123 50.0471 1.95284 131.356
156.6 8.59482 50.064 1.94512 131.339
156.7 8.55841 50.0809 1.9374 131.322
156.8 8.522 50.0976 1.92966 131.305
156.9 8.48558 50.1143 1.92192 131.289
157 8.44916 50.1309 1.91417 131.272
157.1 8.41273 50.1475 1.90642 131.256
157.2 8.3763 50.164 1.89865 131.239
157.3 8.33987 50.1804 1.89088 131.223
157.4 8.30343 50.1968 1.8831 131.206
157.5 8.26698 50.2131 1.87532 131.19
157.6 8.23054 50.2293 1.86753 131.174
157.7 8.19409 50.2454 1.85973 131.158
157.8 8.15763 50.2615 1.85192 131.142
157.9 8.12117 50.2775 1.84411 131.126
158 8.08471 50.2934 1.83629 131.11
158.1 8.04824 50.3093 1.82846 131.094
158.2 8.01177 50.3251 1.82063 131.078
158.3 7.97529 50.3409 1.81278 131.062
158.4 7.93881 50.3565 1.80494 131.046
158.5 7.90233 50.3721 1.79708 131.031
158.6 7.86584 50.3877 1.78922 131.015
158.7 7.82935 50.4031 1.78135 131
158.8 7.79286 50.4185 1.77348 130.985
158.9 7.75636 50.4338 1.76559 130.969
159.001 7.71986 50.4491 1.7577 130.954
159.101 7.68335 50.4643 1.74981 130.939
159.201 7.64684 50.4794 1.74191 130.924
159.301 7.61033 50.4944 1.734 130.909
159.401 7.57381 50.5094 1.72608 130.894
159.501 7.53729 50.5243 1.71816 130.879
159.601 7.50077 50.5391 1.71023 130.864
159.701 7.46424 50.5539 1.70229 130.849
159.801 7.4277 50.5686 1.69435 130.834
159.901 7.39117 50.5832 1.6864 130.82
160.001 7.35463 50.5978 1.67845 130.805
160.101 7.31809 50.6123 1.67049 130.791
160.201 7.28154 50.6267 1.66252 130.776
160.301 7.24499 50.641 1.65455 130.762
160.401 7.20844 50.6553 1.64657 130.748
160.501 7.17188 50.6695 1.63858 130.733
160.601 7.13532 50.6837 1.63059 130.719
160.701 7.09876 50.6977 1.62259 130.705
160.801 7.06219 50.7117 1.61458 130.691
160.901 7.02562 50.7257 1.60657 130.677
161.001 6.98904 50.7395 1.59855 130.663
161.101 6.95247 50.7533 1.59053 130.65
161.201 6.91588 50.767 1.5825 130.636
161.301 6.8793 50.7807 1.57446 130.622
161.401 6.84271 50.7943 1.56642 130.609
161.501 6.80612 50.8078 1.55837 130.595
161.601 6.76953 50.8212 1.55032 130.582
161.701 6.73293 50.8346 1.54226 130.568
161.801 6.69633 50.8479 1.5342 130.555
161.901 6.65972 50.8611 1.52612 130.542
162.001 6.62312 50.8743 1.51805 130.529
162.101 6.58651 50.8874 1.50996 130.516
162.201 6.54989 50.9004 1.50187 130.503
162.301 6.51328 50.9133 1.49378 130.49
162.401 6.47666 50.9262 1.48568 130.477
162.501 6.44003 50.939 1.47757 130.464
162.601 6.40341 50.9517 1.46946 130.451
162.701 6.36678 50.9644 1.46134 130.439
162.801 6.33014 50.977 1.45322 130.426
162.901 6.29351 50.9895 1.44509 130.414
163.001 6.25687 51.002 1.43696 130.401
163.101 6.22023 51.0143 1.42882 130.389
163.201 6.18358 51.0267 1.42067 130.376
163.301 6.14694 51.0389 1.41252 130.364
163.401 6.11029 51.0511 1.40437 130.352
163.501 6.07363 51.0632 1.3962 130.34
163.601 6.03698 51.0752 1.38804 130.328
163.701 6.00032 51.0871 1.37986 130.316
163.801 5.96366 51.099 1.37169 130.304
163.901 5.92699 51.1108 1.3635 130.292
164.001 5.89032 51.1226 1.35532 130.28
164.101 5.85365 51.1342 1.34712 130.269
164.201 5.81698 51.1458 1.33892 130.257
164.301 5.7803 51.1574 1.33072 130.246
164.401 5.74362 51.1688 1.32251 130.234
164.501 5.70694 51.1802 1.3143 130.223
164.601 5.67026 51.1915 1.30608 130.212
164.701 5.63357 51.2028 1.29786 130.2
164.801 5.59688 51.2139 1.28963 130.189
164.901 5.56019 51.225 1.28139 130.178
165.001 5.52349 51.236 1.27315 130.167
165.101 5.48679 51.247 1.26491 130.156
165.201 5.45009 51.2579 1.25666 130.145
165.301 5.41339 51.2687 1.24841 130.134
165.401 5.37668 51.2794 1.24015 130.124
165.501 5.33998 51.2901 1.23189 130.113
165.601 5.30326 51.3007 1.22362 130.102
165.701 5.26655 51.3112 1.21535 130.092
165.801 5.22983 51.3217 1.20707 130.081
165.901 5.19312 51.3321 1.19879 130.071
166.001 5.1564 51.3424 1.1905 130.061
166.101 5.11967 51.3526 1.18221 130.05
166.201 5.08295 51.3628 1.17391 130.04
166.301 5.04622 51.3729 1.16561 130.03
166.401 5.00949 51.3829 1.15731 130.02
166.501 4.97275 51.3928 1.149 130.01
166.601 4.93602 51.4027 1.14069 130
166.701 4.89928 51.4125 1.13237 129.991
166.801 4.86254 51.4222 1.12405 129.981
166.901 4.8258 51.4319 1.11572 129.971
167.001 4.78905 51.4415 1.10739 129.962
167.101 4.75231 51.451 1.09905 129.952
167.201 4.71556 51.4604 1.09072 129.943
167.301 4.67881 51.4698 1.08237 129.933
167.401 4.64205 51.4791 1.07402 129.924
167.501 4.6053 51.4883 1.06567 129.915
167.601 4.56854 51.4975 1.05732 129.906
167.701 4.53178 51.5066 1.04896 129.896
167.801 4.49502 51.5156 1.04059 129.887
167.901 4.45825 51.5245 1.03222 129.878
168.001 4.42148 51.5334 1.02385 129.87
168.101 4.38472 51.5422 1.01547 129.861
168.201 4.34794 51.5509 1.00709 129.852
168.301 4.31117 51.5595 0.998711 129.843
168.401 4.2744 51.5681 0.990323 129.835
168.501 4.23762 51.5766 0.981931 129.826
168.601 4.20084 51.5851 0.973536 129.818
168.701 4.16406 51.5934 0.965137 129.81
168.801 4.12728 51.6017 0.956734 129.801
168.901 4.09049 51.6099 0.948327 129.793
169.001 4.05371 51.618 0.939917 129.785
169.101 4.01692 51.6261 0.931503 129.777
169.201 3.98013 51.6341 0.923085 129.769
169.301 3.94333 51.642 0.914664 129.761
169.401 3.90654 51.6499 0.90624 129.753
169.501 3.86974 51.6576 0.897811 129.745
169.601 3.83294 51.6653 0.88938 129.738
169.701 3.79614 51.673 0.880945 129.73
169.801 3.75934 51.6805 0.872506 129.722
169.901 3.72254 51.688 0.864064 129.715
170.001 3.68573 51.6954 0.855619 129.708
170.101 3.64893 51.7028 0.847171 129.7
170.201 3.61212 51.71 0.838719 129.693
170.301 3.57531 51.7172 0.830264 129.686
170.401 3.5385 51.7243 0.821806 129.679
170.501 3.50168 51.7314 0.813344 129.672
170.601 3.46487 51.7383 0.80488 129.665
170.701 3.42805 51.7452 0.796412 129.658
170.801 3.39123 51.7521 0.787941 129.651
170.901 3.35441 51.7588 0.779467 129.644
171.001 3.31759 51.7655 0.77099 129.638
171.101 3.28076 51.7721 0.76251 129.631
171.201 3.24394 51.7786 0.754028 129.624
171.301 3.20711 51.7851 0.745542 129.618
171.401 3.17029 51.7915 0.737053 129.612
171.501 3.13346 51.7978 0.728562 129.605
171.601 3.09662 51.804 0.720068 129.599
171.701 3.05979 51.8102 0.711571 129.593
171.801 3.02296 51.8163 0.703071 129.587
171.901 2.98612 51.8223 0.694568 129.581
172.001 2.94929 51.8283 0.686063 129.575
172.101 2.91245 51.8341 0.677555 129.569
172.201 2.87561 51.8399 0.669044 129.563
172.301 2.83877 51.8457 0.660531 129.557
172.401 2.80193 51.8513 0.652016 129.552
172.501 2.76508 51.8569 0.643497 129.546
172.601 2.72824 51.8624 0.634977 129.541
172.701 2.69139 51.8678 0.626453 129.535
172.801 2.65454 51.8732 0.617928 129.53
172.901 2.6177 51.8785 0.6094 129.525
173.001 2.58085 51.8837 0.600869 129.519
173.101 2.544 51.8888 0.592337 129.514
173.201 2.50714 51.8939 0.583802 129.509
173.301 2.47029 51.8989 0.575264 129.504
173.401 2.43343 51.9038 0.566725 129.499
173.501 2.39658 51.9086 0.558183 129.494
173.601 2.35972 51.9134 0.549639 129.49
173.701 2.32286 51.9181 0.541093 129.485
173.801 2.28601 51.9227 0.532545 129.48
173.901 2.24915 51.9273 0.523995 129.476
174.001 2.21228 51.9317 0.515443 129.471
174.101 2.17542 51.9361 0.506889 129.467
174.201 2.13856 51.9405 0.498332 129.463
174.301 2.10169 51.9447 0.489774 129.458
174.401 2.06483 51.9489 0.481214 129.454
174.501 2.02796 51.953 0.472653 129.45
174.601 1.9911 51.957 0.464089 129.446
174.701 1.95423 51.961 0.455523 129.442
174.801 1.91736 51.9649 0.446956 129.438
174.901 1.88049 51.9687 0.438387 129.434
175.001 1.84362 51.9724 0.429816 129.431
175.101 1.80675 51.9761 0.421244 129.427
175.201 1.76987 51.9797 0.41267 129.423
175.301 1.733 51.9832 0.404094 129.42
175.402 1.69613 51.9866 0.395517 129.416
175.502 1.65925 51.99 0.386938 129.413
175.602 1.62238 51.9933 0.378358 129.41
175.702 1.5855 51.9965 0.369776 129.407
175.802 1.54862 51.9997 0.361193 129.403
175.902 1.51175 52.0027 0.352609 129.4
176.002 1.47487 52.0057 0.344023 129.397
176.102 1.43799 52.0087 0.335436 129.394
176.202 1.40111 52.0115 0.326847 129.392
176.302 1.36423 52.0143 0.318257 129.389
176.402 1.32735 52.017 0.309666 129.386
176.502 1.29046 52.0196 0.301074 129.383
176.602 1.25358 52.0222 0.29248 129.381
176.702 1.2167 52.0246 0.283886 129.378
176.802 1.17981 52.0271 0.27529 129.376
176.902 1.14293 52.0294 0.266693 129.374
177.002 1.10605 52.0316 0.258096 129.371
177.102 1.06916 52.0338 0.249497 129.369
177.202 1.03227 52.0359 0.240897 129.367
177.302 0.995389 52.038 0.232296 129.365
177.402 0.958502 52.0399 0.223695 129.363
177.502 0.921615 52.0418 0.215092 129.361
177.602 0.884727 52.0436 0.206489 129.359
177.702 0.847839 52.0454 0.197885 129.358
177.802 0.810951 52.047 0.18928 129.356
177.902 0.774062 52.0486 0.180675 129.354
178.002 0.737173 52.0502 0.172068 129.353
178.102 0.700284 52.0516 0.163461 129.351
178.202 0.663394 52.053 0.154854 129.35
178.302 0.626504 52.0543 0.146245 129.349
178.402 0.589613 52.0555 0.137637 129.348
178.502 0.552723 52.0566 0.129027 129.346
178.602 0.515832 52.0577 0.120418 129.345
178.702 0.478941 52.0587 0.111807 129.344
178.802 0.442049 52.0596 0.103197 129.343
178.902 0.405158 52.0605 0.0945855 129.343
179.002 0.368266 52.0613 0.085974 129.342
179.102 0.331374 52.062 0.0773621 129.341
179.202 0.294482 52.0626 0.06875 129.34
179.302 0.25759 52.0631 0.0601376 129.34
179.402 0.220697 52.0636 0.051525 129.339
179.502 0.183805 52.064 0.0429122 129.339
179.602 0.146912 52.0644 0.0342992 129.339
179.702 0.11002 52.0646 0.0256861 129.338
179.802 0.0731269 52.0648 0.0170729 129.338
179.902 0.0362342 52.0649 0.00845958 129.338
