0 178.945 0 0 194.637
0.1 89.9495 6.20947e-05 0.0118133 194.637
0.2 89.8989 0.000248379 0.0236266 194.637
0.3 89.8484 0.000558851 0.0354399 194.637
0.4 89.7978 0.000993511 0.0472531 194.636
0.5 89.7473 0.00155236 0.0590661 194.636
0.6 89.6968 0.00223539 0.0708791 194.635
0.7 89.6462 0.0030426 0.0826919 194.634
0.8 89.5957 0.003974 0.0945046 194.633
0.9 89.5451 0.00502957 0.106317 194.632
1 89.4946 0.00620931 0.118129 194.631
1.1 89.4441 0.00751323 0.129941 194.63
1.2 89.3935 0.00894131 0.141753 194.628
1.3 89.343 0.0104936 0.153564 194.627
1.4 89.2924 0.01217 0.165376 194.625
1.5 89.2419 0.0139705 0.177186 194.623
1.6 89.1914 0.0158952 0.188997 194.622
1.7 89.1408 0.0179441 0.200807 194.619
1.8 89.0903 0.020117 0.212617 194.617
1.9 89.0397 0.0224141 0.224426 194.615
2 88.9892 0.0248354 0.236234 194.613
2.1 88.9387 0.0273807 0.248043 194.61
2.2 88.8881 0.0300501 0.25985 194.607
2.3 88.8376 0.0328437 0.271658 194.605
2.4 88.787 0.0357613 0.283464 194.602
2.5 88.7365 0.038803 0.29527 194.599
2.6 88.686 0.0419688 0.307076 194.595
2.7 88.6354 0.0452586 0.318881 194.592
2.8 88.5849 0.0486725 0.330685 194.589
2.9 88.5343 0.0522105 0.342488 194.585
3 88.4838 0.0558724 0.354291 194.582
3.1 88.4333 0.0596584 0.366093 194.578
3.2 88.3827 0.0635684 0.377895 194.574
3.3 88.3322 0.0676024 0.389695 194.57
3.4 88.2816 0.0717604 0.401495 194.566
3.5 88.2311 0.0760423 0.413294 194.561
3.6 88.1806 0.0804482 0.425092 194.557
3.7 88.13 0.084978 0.436889 194.552
3.8 88.0795 0.0896318 0.448686 194.548
3.9 88.0289 0.0944095 0.460481 194.543
4 87.9784 0.0993111 0.472276 194.538
4.1 87.9279 0.104337 0.484069 194.533
4.2 87.8773 0.109486 0.495862 194.528
4.3 87.8268 0.114759 0.507654 194.523
4.4 87.7762 0.120156 0.519444 194.517
4.5 87.7257 0.125677 0.531233 194.512
4.6 87.6752 0.131322 0.543022 194.506
4.7 87.6246 0.13709 0.554809 194.5
4.8 87.5741 0.142982 0.566595 194.494
4.9 87.5236 0.148998 0.57838 194.488
5 87.473 0.155138 0.590164 194.482
5.1 87.4225 0.161402 0.601947 194.476
5.2 87.3719 0.167789 0.613728 194.47
5.3 87.3214 0.174299 0.625508 194.463
5.4 87.2709 0.180934 0.637287 194.457
5.5 87.2203 0.187692 0.649064 194.45
5.6 87.1698 0.194574 0.660841 194.443
5.7 87.1193 0.201579 0.672615 194.436
5.8 87.0687 0.208708 0.684389 194.429
5.9 87.0182 0.21596 0.696161 194.421
6 86.9676 0.223336 0.707932 194.414
6.1 86.9171 0.230836 0.719701 194.407
6.2 86.8666 0.238459 0.731468 194.399
6.3 86.816 0.246205 0.743235 194.391
6.4 86.7655 0.254075 0.754999 194.383
6.5 86.715 0.262069 0.766763 194.375
6.6 86.6644 0.270185 0.778524 194.367
6.7 86.6139 0.278425 0.790284 194.359
6.8 86.5633 0.286789 0.802043 194.351
6.9 86.5128 0.295275 0.813799 194.342
7 86.4623 0.303885 0.825554 194.334
7.1 86.4117 0.312619 0.837308 194.325
7.2 86.3612 0.321475 0.84906 194.316
7.3 86.3107 0.330455 0.86081 194.307
7.4 86.2601 0.339558 0.872558 194.298
7.5 86.2096 0.348784 0.884304 194.289
7.6 86.1591 0.358133 0.896049 194.279
7.7 86.1085 0.367605 0.907792 194.27
7.79999 86.058 0.377201 0.919532 194.26
7.89999 86.0075 0.386919 0.931271 194.251
7.99999 85.9569 0.39676 0.943009 194.241
8.09999 85.9064 0.406725 0.954744 194.231
8.2 85.8558 0.416812 0.966477 194.221
8.3 85.8053 0.427022 0.978208 194.21
8.4 85.7548 0.437355 0.989938 194.2
8.5 85.7042 0.447812 1.00167 194.19
8.6 85.6537 0.45839 1.01339 194.179
8.7 85.6032 0.469092 1.02511 194.168
8.8 85.5526 0.479916 1.03683 194.158
8.9 85.5021 0.490864 1.04855 194.147
9 85.4516 0.501933 1.06027 194.136
9.1 85.401 0.513126 1.07198 194.124
9.2 85.3505 0.524441 1.0837 194.113
9.3 85.3 0.535879 1.09541 194.102
9.4 85.2494 0.547439 1.10712 194.09
9.5 85.1989 0.559122 1.11882 194.078
9.6 85.1484 0.570927 1.13052 194.067
9.7 85.0978 0.582855 1.14223 194.055
9.8 85.0473 0.594905 1.15392 194.043
9.9 84.9968 0.607078 1.16562 194.03
10 84.9462 0.619372 1.17731 194.018
10.1 84.8957 0.63179 1.18901 194.006
10.2 84.8452 0.644329 1.2007 193.993
10.3 84.7946 0.656991 1.21238 193.98
10.4 84.7441 0.669775 1.22407 193.968
10.5 84.6936 0.682681 1.23575 193.955
10.6 84.6431 0.695709 1.24743 193.942
10.7 84.5925 0.708859 1.2591 193.929
10.8 84.542 0.722131 1.27078 193.915
10.9 84.4915 0.735525 1.28245 193.902
11 84.4409 0.749042 1.29412 193.888
11.1 84.3904 0.76268 1.30578 193.875
11.2 84.3399 0.77644 1.31745 193.861
11.3 84.2893 0.790321 1.32911 193.847
11.4 84.2388 0.804325 1.34077 193.833
11.5 84.1883 0.81845 1.35242 193.819
11.6 84.1378 0.832697 1.36407 193.805
11.7 84.0872 0.847066 1.37572 193.79
11.8 84.0367 0.861556 1.38737 193.776
11.9 83.9862 0.876168 1.39901 193.761
12 83.9356 0.890901 1.41066 193.747
12.1 83.8851 0.905756 1.42229 193.732
12.2 83.8346 0.920732 1.43393 193.717
12.3 83.7841 0.93583 1.44556 193.702
12.4 83.7335 0.951049 1.45719 193.686
12.5 83.683 0.966389 1.46882 193.671
12.6 83.6325 0.981851 1.48044 193.656
12.7 83.5819 0.997433 1.49206 193.64
12.8 83.5314 1.01314 1.50368 193.624
12.9 83.4809 1.02896 1.51529 193.608
13 83.4304 1.04491 1.5269 193.593
13.1 83.3798 1.06098 1.53851 193.576
13.2 83.3293 1.07716 1.55012 193.56
13.3 83.2788 1.09347 1.56172 193.544
13.4 83.2283 1.1099 1.57332 193.528
13.5 83.1777 1.12645 1.58491 193.511
13.6 83.1272 1.14312 1.5965 193.494
13.7 83.0767 1.15992 1.60809 193.478
13.8 83.0262 1.17683 1.61968 193.461
13.9 82.9756 1.19386 1.63126 193.444
14 82.9251 1.21102 1.64284 193.426
14.1 82.8746 1.22829 1.65441 193.409
14.2 82.8241 1.24568 1.66598 193.392
14.3 82.7735 1.2632 1.67755 193.374
14.4 82.723 1.28084 1.68912 193.357
14.5 82.6725 1.29859 1.70068 193.339
14.6 82.622 1.31647 1.71224 193.321
14.7 82.5714 1.33446 1.72379 193.303
14.8 82.5209 1.35258 1.73534 193.285
14.9 82.4704 1.37082 1.74689 193.267
15 82.4199 1.38917 1.75843 193.248
15.1 82.3694 1.40765 1.76997 193.23
15.2 82.3188 1.42625 1.78151 193.211
15.3 82.2683 1.44496 1.79304 193.192
15.4 82.2178 1.4638 1.80457 193.174
15.5 82.1673 1.48275 1.8161 193.155
15.6 82.1167 1.50183 1.82762 193.136
15.7 82.0662 1.52102 1.83914 193.116
15.8 82.0157 1.54034 1.85065 193.097
15.9 81.9652 1.55977 1.86216 193.078
16 81.9147 1.57933 1.87367 193.058
16.1 81.8642 1.599 1.88517 193.038
16.2 81.8136 1.61879 1.89667 193.019
16.3 81.7631 1.6387 1.90816 192.999
16.4 81.7126 1.65873 1.91965 192.979
16.5 81.6621 1.67888 1.93114 192.959
16.6 81.6116 1.69915 1.94262 192.938
16.7 81.561 1.71954 1.9541 192.918
16.8 81.5105 1.74005 1.96558 192.897
16.9 81.46 1.76067 1.97705 192.877
17 81.4095 1.78142 1.98851 192.856
17.1 81.359 1.80228 1.99998 192.835
17.2 81.3085 1.82326 2.01143 192.814
17.3 81.2579 1.84436 2.02289 192.793
17.4 81.2074 1.86558 2.03434 192.772
17.5 81.1569 1.88692 2.04578 192.751
17.6 81.1064 1.90837 2.05722 192.729
17.7 81.0559 1.92995 2.06866 192.707
17.8 81.0054 1.95164 2.0801 192.686
17.9 80.9549 1.97345 2.09152 192.664
18 80.9043 1.99538 2.10295 192.642
18.1 80.8538 2.01743 2.11437 192.62
18.2 80.8033 2.0396 2.12578 192.598
18.3 80.7528 2.06188 2.13719 192.576
18.4 80.7023 2.08428 2.1486 192.553
18.5 80.6518 2.1068 2.16 192.531
18.6 80.6013 2.12944 2.1714 192.508
18.7 80.5508 2.15219 2.18279 192.485
18.8 80.5002 2.17506 2.19418 192.462
18.9 80.4497 2.19805 2.20557 192.439
19 80.3992 2.22116 2.21695 192.416
19.1 80.3487 2.24438 2.22832 192.393
19.2 80.2982 2.26773 2.23969 192.37
19.3 80.2477 2.29119 2.25106 192.346
19.4 80.1972 2.31476 2.26242 192.323
19.5 80.1467 2.33846 2.27378 192.299
19.6 80.0962 2.36227 2.28513 192.275
19.7 80.0457 2.38619 2.29647 192.251
19.8 79.9951 2.41024 2.30782 192.227
19.9 79.9446 2.4344 2.31915 192.203
20 79.8941 2.45868 2.33049 192.179
20.1 79.8436 2.48307 2.34181 192.154
20.2 79.7931 2.50759 2.35314 192.13
20.3 79.7426 2.53221 2.36445 192.105
20.4 79.6921 2.55696 2.37577 192.08
20.5 79.6416 2.58182 2.38708 192.056
20.6 79.5911 2.6068 2.39838 192.031
20.7 79.5406 2.63189 2.40968 192.006
20.8 79.4901 2.6571 2.42097 191.98
20.9 79.4396 2.68243 2.43226 191.955
21 79.3891 2.70787 2.44354 191.93
21.1 79.3386 2.73343 2.45482 191.904
21.2 79.2881 2.7591 2.46609 191.878
21.3 79.2376 2.78489 2.47736 191.853
21.4 79.1871 2.8108 2.48862 191.827
21.5 79.1366 2.83682 2.49988 191.801
21.6 79.0861 2.86295 2.51113 191.774
21.7 79.0355 2.8892 2.52238 191.748
21.8 78.985 2.91557 2.53362 191.722
21.9 78.9345 2.94205 2.54486 191.695
22 78.884 2.96865 2.55609 191.669
22.1 78.8335 2.99536 2.56731 191.642
22.2 78.783 3.02219 2.57853 191.615
22.3 78.7325 3.04914 2.58975 191.588
22.4 78.682 3.07619 2.60096 191.561
22.5 78.6315 3.10337 2.61216 191.534
22.6 78.581 3.13065 2.62336 191.507
22.7001 78.5306 3.15806 2.63455 191.479
22.8001 78.4801 3.18557 2.64574 191.452
22.9001 78.4296 3.2132 2.65692 191.424
23.0001 78.3791 3.24095 2.6681 191.396
23.1001 78.3286 3.26881 2.67927 191.369
23.2001 78.2781 3.29678 2.69044 191.341
23.3001 78.2276 3.32487 2.7016 191.313
23.4001 78.1771 3.35307 2.71275 191.284
23.5001 78.1266 3.38139 2.7239 191.256
23.6001 78.0761 3.40982 2.73504 191.228
23.7001 78.0256 3.43836 2.74618 191.199
23.8001 77.9751 3.46702 2.75731 191.17
23.9001 77.9246 3.49579 2.76843 191.142
24.0001 77.8741 3.52468 2.77955 191.113
24.1001 77.8236 3.55368 2.79067 191.084
24.2001 77.7731 3.58279 2.80177 191.055
24.3001 77.7226 3.61201 2.81288 191.025
24.4001 77.6721 3.64135 2.82397 190.996
24.5001 77.6216 3.6708 2.83506 190.967
24.6001 77.5712 3.70037 2.84615 190.937
24.7001 77.5207 3.73004 2.85723 190.907
24.8001 77.4702 3.75983 2.8683 190.878
24.9001 77.4197 3.78974 2.87936 190.848
25.0001 77.3692 3.81975 2.89042 190.818
25.1001 77.3187 3.84988 2.90148 190.788
25.2001 77.2682 3.88012 2.91253 190.757
25.3001 77.2177 3.91047 2.92357 190.727
25.4001 77.1672 3.94094 2.9346 190.696
25.5001 77.1168 3.97152 2.94563 190.666
25.6001 77.0663 4.00221 2.95666 190.635
25.7001 77.0158 4.03301 2.96767 190.604
25.8001 76.9653 4.06392 2.97869 190.574
25.9001 76.9148 4.09495 2.98969 190.542
26.0001 76.8643 4.12608 3.00069 190.511
26.1001 76.8138 4.15733 3.01168 190.48
26.2001 76.7634 4.18869 3.02267 190.449
26.3001 76.7129 4.22016 3.03365 190.417
26.4001 76.6624 4.25174 3.04462 190.386
26.5001 76.6119 4.28344 3.05559 190.354
26.6001 76.5614 4.31524 3.06655 190.322
26.7001 76.5109 4.34716 3.0775 190.29
26.8001 76.4605 4.37919 3.08845 190.258
26.9001 76.41 4.41132 3.09939 190.226
27.0001 76.3595 4.44357 3.11032 190.194
27.1001 76.309 4.47593 3.12125 190.162
27.2001 76.2585 4.5084 3.13217 190.129
27.3001 76.2081 4.54098 3.14308 190.096
27.4001 76.1576 4.57367 3.15399 190.064
27.5001 76.1071 4.60647 3.16489 190.031
27.6001 76.0566 4.63939 3.17579 189.998
27.7001 76.0061 4.67241 3.18667 189.965
27.8001 75.9557 4.70554 3.19755 189.932
27.9001 75.9052 4.73878 3.20843 189.899
28.0001 75.8547 4.77213 3.2193 189.865
28.1001 75.8042 4.80559 3.23016 189.832
28.2001 75.7538 4.83916 3.24101 189.798
28.3001 75.7033 4.87284 3.25186 189.765
28.4001 75.6528 4.90663 3.2627 189.731
28.5001 75.6023 4.94053 3.27353 189.697
28.6001 75.5519 4.97453 3.28436 189.663
28.7001 75.5014 5.00865 3.29517 189.629
28.8001 75.4509 5.04287 3.30599 189.595
28.9001 75.4004 5.07721 3.31679 189.56
29.0001 75.35 5.11165 3.32759 189.526
29.1001 75.2995 5.1462 3.33838 189.491
29.2001 75.249 5.18086 3.34916 189.457
29.3001 75.1986 5.21563 3.35994 189.422
29.4001 75.1481 5.25051 3.37071 189.387
29.5001 75.0976 5.28549 3.38147 189.352
29.6001 75.0471 5.32058 3.39223 189.317
29.7001 74.9967 5.35579 3.40298 189.282
29.8001 74.9462 5.39109 3.41372 189.246
29.9001 74.8957 5.42651 3.42445 189.211
30.0001 74.8453 5.46203 3.43518 189.175
30.1001 74.7948 5.49767 3.4459 189.14
30.2001 74.7443 5.5334 3.45661 189.104
30.3001 74.6939 5.56925 3.46731 189.068
30.4001 74.6434 5.6052 3.47801 189.032
30.5001 74.5929 5.64127 3.4887 188.996
30.6001 74.5425 5.67743 3.49938 188.96
30.7001 74.492 5.71371 3.51005 188.924
30.8001 74.4416 5.75009 3.52072 188.887
30.9001 74.3911 5.78658 3.53138 188.851
31.0001 74.3406 5.82317 3.54203 188.814
31.1001 74.2902 5.85987 3.55268 188.778
31.2001 74.2397 5.89668 3.56331 188.741
31.3001 74.1892 5.93359 3.57394 188.704
31.4001 74.1388 5.97061 3.58457 188.667
31.5001 74.0883 6.00774 3.59518 188.63
31.6001 74.0379 6.04497 3.60579 188.592
31.7001 73.9874 6.08231 3.61638 188.555
31.8001 73.9369 6.11975 3.62697 188.518
31.9001 73.8865 6.1573 3.63756 188.48
32.0001 73.836 6.19495 3.64813 188.442
32.1001 73.7856 6.23271 3.6587 188.405
32.2001 73.7351 6.27058 3.66926 188.367
32.3001 73.6847 6.30855 3.67981 188.329
32.4001 73.6342 6.34662 3.69035 188.291
32.5001 73.5838 6.3848 3.70089 188.253
32.6001 73.5333 6.42308 3.71142 188.214
32.7001 73.4829 6.46147 3.72194 188.176
32.8001 73.4324 6.49996 3.73245 188.137
32.9001 73.3819 6.53856 3.74295 188.099
33.0001 73.3315 6.57726 3.75345 188.06
33.1001 73.281 6.61607 3.76394 188.021
33.2001 73.2306 6.65498 3.77442 187.982
33.3001 73.1801 6.69399 3.78489 187.943
33.4001 73.1297 6.73311 3.79535 187.904
33.5001 73.0792 6.77233 3.80581 187.865
33.6001 73.0288 6.81165 3.81625 187.826
33.7001 72.9784 6.85108 3.82669 187.786
33.8001 72.9279 6.89061 3.83712 187.747
33.9001 72.8775 6.93025 3.84755 187.707
34.0001 72.827 6.96998 3.85796 187.667
34.1001 72.7766 7.00982 3.86837 187.628
34.2001 72.7261 7.04977 3.87876 187.588
34.3 72.6757 7.08981 3.88915 187.548
34.4 72.6252 7.12996 3.89953 187.507
34.5 72.5748 7.17021 3.90991 187.467
34.6 72.5243 7.21057 3.92027 187.427
34.7 72.4739 7.25102 3.93063 187.386
34.8 72.4235 7.29158 3.94097 187.346
34.9 72.373 7.33224 3.95131 187.305
35 72.3226 7.373 3.96164 187.264
35.1 72.2721 7.41386 3.97196 187.224
35.2 72.2217 7.45483 3.98227 187.183
35.3 72.1713 7.49589 3.99258 187.142
35.4 72.1208 7.53706 4.00287 187.1
35.5 72.0704 7.57833 4.01316 187.059
35.6 72.0199 7.6197 4.02344 187.018
35.7 71.9695 7.66117 4.03371 186.976
35.8 71.9191 7.70274 4.04397 186.935
35.9 71.8686 7.74442 4.05422 186.893
36 71.8182 7.78619 4.06446 186.851
36.1 71.7678 7.82806 4.0747 186.809
36.2 71.7173 7.87004 4.08492 186.767
36.3 71.6669 7.91211 4.09514 186.725
36.4 71.6165 7.95429 4.10535 186.683
36.5 71.566 7.99656 4.11555 186.641
36.6 71.5156 8.03893 4.12574 186.599
36.7 71.4652 8.08141 4.13592 186.556
36.8 71.4147 8.12398 4.14609 186.513
36.9 71.3643 8.16665 4.15625 186.471
37 71.3139 8.20943 4.16641 186.428
37.1 71.2635 8.2523 4.17655 186.385
37.2 71.213 8.29527 4.18669 186.342
37.3 71.1626 8.33834 4.19681 186.299
37.4 71.1122 8.3815 4.20693 186.256
37.5 71.0617 8.42477 4.21704 186.213
37.6 71.0113 8.46814 4.22714 186.169
37.7 70.9609 8.5116 4.23723 186.126
37.8 70.9105 8.55516 4.24731 186.082
37.9 70.86 8.59882 4.25738 186.039
38 70.8096 8.64258 4.26744 185.995
38.1 70.7592 8.68644 4.2775 185.951
38.2 70.7088 8.73039 4.28754 185.907
38.3 70.6584 8.77444 4.29757 185.863
38.4 70.6079 8.81859 4.3076 185.819
38.5 70.5575 8.86283 4.31761 185.775
38.6 70.5071 8.90718 4.32762 185.73
38.7 70.4567 8.95162 4.33762 185.686
38.8 70.4062 8.99616 4.3476 185.641
38.9 70.3558 9.04079 4.35758 185.597
39 70.3054 9.08552 4.36755 185.552
39.1 70.255 9.13035 4.37751 185.507
39.2 70.2046 9.17527 4.38745 185.462
39.3 70.1542 9.22029 4.39739 185.417
39.4 70.1037 9.26541 4.40732 185.372
39.5 70.0533 9.31062 4.41724 185.327
39.6 70.0029 9.35592 4.42715 185.282
39.7 69.9525 9.40133 4.43705 185.236
39.8 69.9021 9.44683 4.44694 185.191
39.9 69.8517 9.49242 4.45682 185.145
40 69.8013 9.53811 4.4667 185.099
40.1 69.7509 9.58389 4.47656 185.054
40.2 69.7004 9.62977 4.48641 185.008
40.3 69.65 9.67575 4.49625 184.962
40.4 69.5996 9.72182 4.50608 184.916
40.5 69.5492 9.76798 4.5159 184.869
40.6 69.4988 9.81424 4.52571 184.823
40.7 69.4484 9.86059 4.53552 184.777
40.7999 69.398 9.90704 4.54531 184.73
40.8999 69.3476 9.95358 4.55509 184.684
40.9999 69.2972 10.0002 4.56486 184.637
41.0999 69.2468 10.0469 4.57462 184.59
41.1999 69.1964 10.0938 4.58437 184.544
41.2999 69.146 10.1407 4.59412 184.497
41.3999 69.0956 10.1877 4.60385 184.45
41.4999 69.0452 10.2348 4.61357 184.403
41.5999 68.9948 10.282 4.62328 184.355
41.6999 68.9444 10.3293 4.63298 184.308
41.7999 68.894 10.3767 4.64267 184.261
41.8999 68.8436 10.4241 4.65235 184.213
41.9999 68.7932 10.4717 4.66202 184.166
42.0999 68.7428 10.5193 4.67168 184.118
42.1999 68.6924 10.5671 4.68133 184.07
42.2999 68.642 10.6149 4.69097 184.023
42.3999 68.5916 10.6629 4.70059 183.975
42.4999 68.5412 10.7109 4.71021 183.927
42.5999 68.4908 10.759 4.71982 183.878
42.6999 68.4404 10.8072 4.72942 183.83
42.7999 68.39 10.8555 4.739 183.782
42.8999 68.3396 10.9039 4.74858 183.734
42.9999 68.2892 10.9524 4.75814 183.685
43.0999 68.2388 11.001 4.7677 183.636
43.1999 68.1884 11.0496 4.77724 183.588
43.2999 68.138 11.0984 4.78678 183.539
43.3999 68.0876 11.1472 4.7963 183.49
43.4999 68.0373 11.1962 4.80581 183.441
43.5999 67.9869 11.2452 4.81531 183.392
43.6999 67.9365 11.2943 4.8248 183.343
43.7999 67.8861 11.3435 4.83428 183.294
43.8999 67.8357 11.3928 4.84375 183.245
43.9999 67.7853 11.4422 4.85321 183.195
44.0999 67.7349 11.4917 4.86266 183.146
44.1999 67.6845 11.5412 4.87209 183.096
44.2999 67.6342 11.5909 4.88152 183.047
44.3999 67.5838 11.6406 4.89094 182.997
44.4999 67.5334 11.6904 4.90034 182.947
44.5999 67.483 11.7403 4.90973 182.897
44.6999 67.4326 11.7904 4.91911 182.847
44.7999 67.3822 11.8404 4.92848 182.797
44.8999 67.3319 11.8906 4.93784 182.747
44.9999 67.2815 11.9409 4.94719 182.697
45.0999 67.2311 11.9913 4.95653 182.646
45.1999 67.1807 12.0417 4.96586 182.596
45.2999 67.1304 12.0922 4.97517 182.545
45.3999 67.08 12.1429 4.98448 182.495
45.4999 67.0296 12.1936 4.99377 182.444
45.5999 66.9792 12.2444 5.00305 182.393
45.6999 66.9289 12.2952 5.01232 182.342
45.7999 66.8785 12.3462 5.02158 182.291
45.8999 66.8281 12.3973 5.03083 182.24
45.9999 66.7777 12.4484 5.04007 182.189
46.0999 66.7274 12.4996 5.04929 182.138
46.1999 66.677 12.5509 5.05851 182.087
46.2999 66.6266 12.6023 5.06771 182.035
46.3999 66.5762 12.6538 5.0769 181.984
46.4999 66.5259 12.7054 5.08608 181.932
46.5999 66.4755 12.757 5.09525 181.88
46.6999 66.4251 12.8088 5.1044 181.829
46.7999 66.3748 12.8606 5.11355 181.777
46.8999 66.3244 12.9125 5.12268 181.725
46.9999 66.274 12.9645 5.13181 181.673
47.0999 66.2237 13.0166 5.14092 181.621
47.1999 66.1733 13.0688 5.15002 181.569
47.2999 66.1229 13.121 5.1591 181.516
47.3998 66.0726 13.1734 5.16818 181.464
47.4998 66.0222 13.2258 5.17724 181.412
47.5998 65.9719 13.2783 5.18629 181.359
47.6998 65.9215 13.3309 5.19533 181.307
47.7998 65.8711 13.3835 5.20436 181.254
47.8998 65.8208 13.4363 5.21338 181.201
47.9998 65.7704 13.4891 5.22238 181.148
48.0998 65.7201 13.542 5.23138 181.095
48.1998 65.6697 13.595 5.24036 181.042
48.2998 65.6193 13.6481 5.24933 180.989
48.3998 65.569 13.7013 5.25828 180.936
48.4998 65.5186 13.7545 5.26723 180.883
48.5998 65.4683 13.8079 5.27616 180.83
48.6998 65.4179 13.8613 5.28508 180.776
48.7998 65.3676 13.9148 5.29399 180.723
48.8998 65.3172 13.9684 5.30289 180.669
48.9998 65.2669 14.022 5.31178 180.615
49.0998 65.2165 14.0758 5.32065 180.562
49.1998 65.1662 14.1296 5.32951 180.508
49.2998 65.1158 14.1835 5.33836 180.454
49.3998 65.0655 14.2375 5.3472 180.4
49.4998 65.0151 14.2915 5.35602 180.346
49.5998 64.9648 14.3457 5.36483 180.292
49.6998 64.9144 14.3999 5.37363 180.238
49.7998 64.8641 14.4542 5.38242 180.183
49.8998 64.8137 14.5086 5.39119 180.129
49.9998 64.7634 14.5631 5.39996 180.074
50.0998 64.713 14.6176 5.40871 180.02
50.1998 64.6627 14.6723 5.41745 179.965
50.2998 64.6124 14.727 5.42617 179.91
50.3998 64.562 14.7817 5.43488 179.856
50.4998 64.5117 14.8366 5.44359 179.801
50.5998 64.4613 14.8916 5.45227 179.746
50.6998 64.411 14.9466 5.46095 179.691
50.7998 64.3607 15.0017 5.46961 179.636
50.8998 64.3103 15.0569 5.47826 179.581
50.9998 64.26 15.1121 5.4869 179.525
51.0998 64.2097 15.1674 5.49553 179.47
51.1998 64.1593 15.2229 5.50414 179.415
51.2998 64.109 15.2784 5.51274 179.359
51.3998 64.0586 15.3339 5.52133 179.304
51.4998 64.0083 15.3896 5.5299 179.248
51.5998 63.958 15.4453 5.53846 179.192
51.6998 63.9076 15.5011 5.54701 179.136
51.7998 63.8573 15.557 5.55555 179.08
51.8998 63.807 15.6129 5.56407 179.025
51.9998 63.7567 15.669 5.57258 178.968
52.0998 63.7063 15.7251 5.58108 178.912
52.1998 63.656 15.7813 5.58956 178.856
52.2998 63.6057 15.8375 5.59804 178.8
52.3998 63.5553 15.8939 5.60649 178.744
52.4998 63.505 15.9503 5.61494 178.687
52.5998 63.4547 16.0068 5.62337 178.631
52.6998 63.4044 16.0633 5.63179 178.574
52.7998 63.354 16.12 5.6402 178.517
52.8998 63.3037 16.1767 5.64859 178.461
52.9998 63.2534 16.2335 5.65697 178.404
53.0998 63.2031 16.2903 5.66534 178.347
53.1998 63.1528 16.3473 5.67369 178.29
53.2998 63.1024 16.4043 5.68204 178.233
53.3998 63.0521 16.4614 5.69036 178.176
53.4998 63.0018 16.5185 5.69868 178.119
53.5998 62.9515 16.5758 5.70698 178.062
53.6998 62.9012 16.6331 5.71527 178.004
53.7998 62.8508 16.6904 5.72354 177.947
53.8997 62.8005 16.7479 5.7318 177.89
53.9997 62.7502 16.8054 5.74005 177.832
54.0997 62.6999 16.863 5.74828 177.774
54.1997 62.6496 16.9207 5.75651 177.717
54.2997 62.5993 16.9784 5.76471 177.659
54.3997 62.549 17.0363 5.77291 177.601
54.4997 62.4987 17.0942 5.78109 177.543
54.5997 62.4483 17.1521 5.78925 177.485
54.6997 62.398 17.2102 5.79741 177.427
54.7997 62.3477 17.2683 5.80555 177.369
54.8997 62.2974 17.3264 5.81367 177.311
54.9997 62.2471 17.3847 5.82179 177.253
55.0997 62.1968 17.443 5.82989 177.194
55.1997 62.1465 17.5014 5.83797 177.136
55.2997 62.0962 17.5599 5.84604 177.078
55.3997 62.0459 17.6184 5.8541 177.019
55.4997 61.9956 17.677 5.86215 176.96
55.5997 61.9453 17.7357 5.87018 176.902
55.6997 61.895 17.7944 5.87819 176.843
55.7997 61.8447 17.8532 5.88619 176.784
55.8997 61.7944 17.9121 5.89418 176.725
55.9997 61.7441 17.9711 5.90216 176.666
56.0997 61.6938 18.0301 5.91012 176.607
56.1997 61.6435 18.0892 5.91807 176.548
56.2997 61.5932 18.1484 5.926 176.489
56.3997 61.5429 18.2076 5.93392 176.43
56.4997 61.4926 18.2669 5.94182 176.371
56.5997 61.4423 18.3263 5.94972 176.311
56.6997 61.392 18.3857 5.95759 176.252
56.7997 61.3417 18.4452 5.96546 176.192
56.8997 61.2914 18.5048 5.9733 176.133
56.9997 61.2411 18.5644 5.98114 176.073
57.0997 61.1909 18.6241 5.98896 176.013
57.1997 61.1406 18.6839 5.99677 175.954
57.2997 61.0903 18.7437 6.00456 175.894
57.3997 61.04 18.8037 6.01233 175.834
57.4997 60.9897 18.8636 6.0201 175.774
57.5997 60.9394 18.9237 6.02785 175.714
57.6997 60.8891 18.9838 6.03558 175.654
57.7997 60.8388 19.044 6.0433 175.593
57.8997 60.7886 19.1042 6.05101 175.533
57.9997 60.7383 19.1645 6.0587 175.473
58.0997 60.688 19.2249 6.06638 175.413
58.1997 60.6377 19.2853 6.07404 175.352
58.2997 60.5874 19.3458 6.08169 175.292
58.3997 60.5372 19.4064 6.08932 175.231
58.4997 60.4869 19.467 6.09694 175.17
58.5997 60.4366 19.5277 6.10455 175.11
58.6997 60.3863 19.5885 6.11214 175.049
58.7997 60.336 19.6493 6.11971 174.988
58.8997 60.2858 19.7102 6.12727 174.927
58.9997 60.2355 19.7712 6.13482 174.866
59.0997 60.1852 19.8322 6.14235 174.805
59.1997 60.1349 19.8933 6.14987 174.744
59.2997 60.0847 19.9545 6.15737 174.683
59.3997 60.0344 20.0157 6.16486 174.622
59.4997 59.9841 20.0769 6.17233 174.56
59.5997 59.9339 20.1383 6.17979 174.499
59.6997 59.8836 20.1997 6.18723 174.438
59.7997 59.8333 20.2612 6.19466 174.376
59.8997 59.783 20.3227 6.20207 174.315
59.9997 59.7328 20.3843 6.20947 174.253
60.0997 59.6825 20.4459 6.21685 174.192
60.1997 59.6323 20.5076 6.22422 174.13
60.2997 59.582 20.5694 6.23158 174.068
60.3997 59.5317 20.6313 6.23891 174.006
60.4996 59.4815 20.6932 6.24624 173.944
60.5996 59.4312 20.7551 6.25355 173.882
60.6996 59.3809 20.8171 6.26084 173.82
60.7996 59.3307 20.8792 6.26812 173.758
60.8996 59.2804 20.9414 6.27538 173.696
60.9996 59.2302 21.0036 6.28263 173.634
61.0996 59.1799 21.0658 6.28986 173.572
61.1996 59.1296 21.1281 6.29708 173.509
61.2996 59.0794 21.1905 6.30428 173.447
61.3996 59.0291 21.253 6.31146 173.384
61.4996 58.9789 21.3155 6.31864 173.322
61.5996 58.9286 21.378 6.32579 173.259
61.6996 58.8784 21.4407 6.33293 173.197
61.7996 58.8281 21.5033 6.34006 173.134
61.8996 58.7779 21.5661 6.34717 173.071
61.9996 58.7276 21.6289 6.35426 173.009
62.0996 58.6774 21.6917 6.36134 172.946
62.1996 58.6271 21.7546 6.3684 172.883
62.2996 58.5769 21.8176 6.37545 172.82
62.3996 58.5266 21.8806 6.38249 172.757
62.4996 58.4764 21.9437 6.3895 172.694
62.5996 58.4261 22.0069 6.3965 172.631
62.6996 58.3759 22.0701 6.40349 172.567
62.7996 58.3256 22.1333 6.41046 172.504
62.8996 58.2754 22.1966 6.41741 172.441
62.9996 58.2252 22.26 6.42435 172.377
63.0996 58.1749 22.3234 6.43128 172.314
63.1996 58.1247 22.3869 6.43818 172.251
63.2996 58.0744 22.4504 6.44507 172.187
63.3996 58.0242 22.514 6.45195 172.123
63.4996 57.974 22.5777 6.45881 172.06
63.5996 57.9237 22.6414 6.46565 171.996
63.6996 57.8735 22.7052 6.47248 171.932
63.7996 57.8233 22.769 6.47929 171.868
63.8996 57.773 22.8328 6.48609 171.805
63.9996 57.7228 22.8968 6.49287 171.741
64.0996 57.6726 22.9608 6.49963 171.677
64.1996 57.6223 23.0248 6.50638 171.613
64.2996 57.5721 23.0889 6.51312 171.549
64.3996 57.5219 23.153 6.51983 171.484
64.4996 57.4716 23.2172 6.52653 171.42
64.5996 57.4214 23.2815 6.53322 171.356
64.6996 57.3712 23.3458 6.53988 171.292
64.7996 57.321 23.4101 6.54654 171.227
64.8996 57.2707 23.4745 6.55317 171.163
64.9996 57.2205 23.539 6.55979 171.098
65.0996 57.1703 23.6035 6.56639 171.034
65.1996 57.1201 23.6681 6.57298 170.969
65.2996 57.0698 23.7327 6.57955 170.905
65.3996 57.0196 23.7974 6.58611 170.84
65.4996 56.9694 23.8621 6.59265 170.775
65.5996 56.9192 23.9269 6.59917 170.711
65.6996 56.8689 23.9917 6.60567 170.646
65.7996 56.8187 24.0565 6.61216 170.581
65.8996 56.7685 24.1215 6.61863 170.516
65.9996 56.7183 24.1865 6.62509 170.451
66.0996 56.6681 24.2515 6.63153 170.386
66.1996 56.6179 24.3166 6.63795 170.321
66.2996 56.5677 24.3817 6.64436 170.256
66.3996 56.5174 24.4469 6.65075 170.191
66.4996 56.4672 24.5121 6.65712 170.125
66.5996 56.417 24.5774 6.66348 170.06
66.6996 56.3668 24.6427 6.66982 169.995
66.7996 56.3166 24.7081 6.67614 169.929
66.8996 56.2664 24.7735 6.68245 169.864
66.9995 56.2162 24.839 6.68874 169.798
67.0995 56.166 24.9045 6.69501 169.733
67.1995 56.1158 24.9701 6.70127 169.667
67.2995 56.0656 25.0357 6.70751 169.602
67.3995 56.0154 25.1013 6.71373 169.536
67.4995 55.9652 25.1671 6.71994 169.47
67.5995 55.915 25.2328 6.72613 169.405
67.6995 55.8648 25.2986 6.7323 169.339
67.7995 55.8146 25.3645 6.73846 169.273
67.8995 55.7644 25.4304 6.7446 169.207
67.9995 55.7142 25.4963 6.75072 169.141
68.0995 55.664 25.5623 6.75682 169.075
68.1995 55.6138 25.6284 6.76291 169.009
68.2995 55.5636 25.6945 6.76898 168.943
68.3995 55.5134 25.7606 6.77503 168.877
68.4995 55.4632 25.8268 6.78107 168.811
68.5995 55.413 25.893 6.78709 168.744
68.6995 55.3628 25.9593 6.79309 168.678
68.7995 55.3126 26.0256 6.79908 168.612
68.8995 55.2624 26.092 6.80504 168.545
68.9995 55.2122 26.1584 6.81099 168.479
69.0995 55.162 26.2248 6.81693 168.413
69.1995 55.1118 26.2913 6.82284 168.346
69.2995 55.0616 26.3578 6.82874 168.28
69.3995 55.0115 26.4244 6.83462 168.213
69.4995 54.9613 26.4911 6.84049 168.146
69.5995 54.9111 26.5577 6.84634 168.08
69.6995 54.8609 26.6244 6.85216 168.013
69.7995 54.8107 26.6912 6.85798 167.946
69.8995 54.7605 26.758 6.86377 167.879
69.9995 54.7104 26.8248 6.86955 167.813
70.0995 54.6602 26.8917 6.87531 167.746
70.1995 54.61 26.9586 6.88105 167.679
70.2995 54.5598 27.0256 6.88677 167.612
70.3995 54.5096 27.0926 6.89248 167.545
70.4995 54.4595 27.1597 6.89817 167.478
70.5995 54.4093 27.2268 6.90384 167.411
70.6995 54.3591 27.2939 6.9095 167.344
70.7995 54.3089 27.3611 6.91513 167.276
70.8995 54.2588 27.4283 6.92075 167.209
70.9995 54.2086 27.4955 6.92635 167.142
71.0995 54.1584 27.5628 6.93194 167.075
71.1995 54.1083 27.6302 6.9375 167.007
71.2995 54.0581 27.6976 6.94305 166.94
71.3995 54.0079 27.765 6.94858 166.872
71.4995 53.9577 27.8324 6.95409 166.805
71.5995 53.9076 27.8999 6.95958 166.738
71.6995 53.8574 27.9675 6.96506 166.67
71.7995 53.8072 28.035 6.97052 166.602
71.8995 53.7571 28.1027 6.97596 166.535
71.9995 53.7069 28.1703 6.98138 166.467
72.0995 53.6568 28.238 6.98679 166.399
72.1995 53.6066 28.3057 6.99217 166.332
72.2995 53.5564 28.3735 6.99754 166.264
72.3995 53.5063 28.4413 7.00289 166.196
72.4995 53.4561 28.5091 7.00822 166.128
72.5995 53.406 28.577 7.01354 166.06
72.6995 53.3558 28.6449 7.01883 165.992
72.7995 53.3056 28.7129 7.02411 165.925
72.8995 53.2555 28.7809 7.02937 165.857
72.9995 53.2053 28.8489 7.03461 165.789
73.0995 53.1552 28.917 7.03983 165.72
73.1995 53.105 28.9851 7.04504 165.652
73.2995 53.0549 29.0532 7.05023 165.584
73.3995 53.0047 29.1214 7.05539 165.516
73.4995 52.9546 29.1896 7.06054 165.448
73.5994 52.9044 29.2578 7.06568 165.38
73.6994 52.8543 29.3261 7.07079 165.311
73.7994 52.8041 29.3944 7.07588 165.243
73.8994 52.754 29.4628 7.08096 165.175
73.9994 52.7038 29.5311 7.08602 165.106
74.0994 52.6537 29.5996 7.09106 165.038
74.1994 52.6036 29.668 7.09608 164.969
74.2994 52.5534 29.7365 7.10108 164.901
74.3994 52.5033 29.805 7.10606 164.832
74.4994 52.4531 29.8735 7.11103 164.764
74.5994 52.403 29.9421 7.11597 164.695
74.6994 52.3529 30.0107 7.1209 164.627
74.7994 52.3027 30.0794 7.12581 164.558
74.8994 52.2526 30.1481 7.1307 164.489
74.9994 52.2024 30.2168 7.13557 164.421
75.0994 52.1523 30.2855 7.14043 164.352
75.1994 52.1022 30.3543 7.14526 164.283
75.2994 52.052 30.4231 7.15008 164.214
75.3994 52.0019 30.492 7.15487 164.145
75.4994 51.9518 30.5608 7.15965 164.077
75.5994 51.9016 30.6297 7.16441 164.008
75.6994 51.8515 30.6987 7.16915 163.939
75.7994 51.8014 30.7676 7.17387 163.87
75.8994 51.7513 30.8366 7.17857 163.801
75.9994 51.7011 30.9057 7.18326 163.732
76.0994 51.651 30.9747 7.18792 163.663
76.1994 51.6009 31.0438 7.19257 163.594
76.2994 51.5508 31.1129 7.19719 163.525
76.3994 51.5006 31.1821 7.2018 163.455
76.4994 51.4505 31.2512 7.20639 163.386
76.5994 51.4004 31.3204 7.21096 163.317
76.6994 51.3503 31.3897 7.21551 163.248
76.7994 51.3001 31.4589 7.22004 163.179
76.8994 51.25 31.5282 7.22455 163.109
76.9994 51.1999 31.5975 7.22904 163.04
77.0994 51.1498 31.6669 7.23351 162.971
77.1994 51.0997 31.7362 7.23797 162.901
77.2994 51.0496 31.8056 7.2424 162.832
77.3994 50.9994 31.8751 7.24682 162.762
77.4994 50.9493 31.9445 7.25121 162.693
77.5994 50.8992 32.014 7.25559 162.623
77.6994 50.8491 32.0835 7.25995 162.554
77.7994 50.799 32.153 7.26428 162.484
77.8994 50.7489 32.2226 7.2686 162.415
77.9994 50.6988 32.2922 7.2729 162.345
78.0994 50.6487 32.3618 7.27718 162.276
78.1994 50.5986 32.4314 7.28144 162.206
78.2994 50.5485 32.5011 7.28568 162.136
78.3994 50.4983 32.5708 7.2899 162.067
78.4994 50.4482 32.6405 7.2941 161.997
78.5994 50.3981 32.7102 7.29829 161.927
78.6994 50.348 32.78 7.30245 161.857
78.7994 50.2979 32.8498 7.30659 161.788
78.8994 50.2478 32.9196 7.31071 161.718
78.9994 50.1977 32.9894 7.31482 161.648
79.0994 50.1476 33.0593 7.3189 161.578
79.1994 50.0975 33.1292 7.32296 161.508
79.2994 50.0474 33.1991 7.32701 161.438
79.3994 49.9973 33.269 7.33103 161.368
79.4994 49.9473 33.339 7.33504 161.298
79.5994 49.8972 33.4089 7.33902 161.228
79.6994 49.8471 33.4789 7.34299 161.159
79.7994 49.797 33.549 7.34693 161.088
79.8994 49.7469 33.619 7.35086 161.018
79.9994 49.6968 33.6891 7.35476 160.948
80.0993 49.6467 33.7591 7.35865 160.878
80.1993 49.5966 33.8292 7.36251 160.808
80.2993 49.5465 33.8994 7.36636 160.738
80.3993 49.4964 33.9695 7.37018 160.668
80.4993 49.4464 34.0397 7.37399 160.598
80.5993 49.3963 34.1099 7.37777 160.528
80.6993 49.3462 34.1801 7.38154 160.457
80.7993 49.2961 34.2503 7.38528 160.387
80.8993 49.246 34.3206 7.38901 160.317
80.9993 49.1959 34.3908 7.39271 160.247
81.0993 49.1459 34.4611 7.3964 160.176
81.1993 49.0958 34.5314 7.40006 160.106
81.2993 49.0457 34.6018 7.40371 160.036
81.3993 48.9956 34.6721 7.40733 159.965
81.4993 48.9456 34.7425 7.41093 159.895
81.5993 48.8955 34.8128 7.41452 159.825
81.6993 48.8454 34.8832 7.41808 159.754
81.7993 48.7953 34.9537 7.42162 159.684
81.8993 48.7453 35.0241 7.42514 159.613
81.9993 48.6952 35.0945 7.42865 159.543
82.0993 48.6451 35.165 7.43213 159.472
82.1993 48.595 35.2355 7.43559 159.402
82.2993 48.545 35.306 7.43903 159.331
82.3993 48.4949 35.3765 7.44245 159.261
82.4993 48.4448 35.4471 7.44585 159.19
82.5993 48.3948 35.5176 7.44923 159.12
82.6993 48.3447 35.5882 7.45259 159.049
82.7993 48.2946 35.6588 7.45592 158.979
82.8993 48.2446 35.7294 7.45924 158.908
82.9993 48.1945 35.8 7.46254 158.837
83.0993 48.1445 35.8706 7.46581 158.767
83.1993 48.0944 35.9413 7.46907 158.696
83.2993 48.0443 36.0119 7.4723 158.626
83.3993 47.9943 36.0826 7.47552 158.555
83.4993 47.9442 36.1533 7.47871 158.484
83.5993 47.8942 36.224 7.48188 158.413
83.6993 47.8441 36.2947 7.48503 158.343
83.7993 47.7941 36.3654 7.48817 158.272
83.8993 47.744 36.4362 7.49128 158.201
83.9993 47.6939 36.507 7.49436 158.13
84.0993 47.6439 36.5777 7.49743 158.06
84.1993 47.5938 36.6485 7.50048 157.989
84.2993 47.5438 36.7193 7.50351 157.918
84.3993 47.4937 36.7901 7.50651 157.847
84.4993 47.4437 36.8609 7.5095 157.777
84.5993 47.3936 36.9318 7.51246 157.706
84.6993 47.3436 37.0026 7.5154 157.635
84.7993 47.2936 37.0735 7.51833 157.564
84.8993 47.2435 37.1443 7.52123 157.493
84.9993 47.1935 37.2152 7.52411 157.422
85.0993 47.1434 37.2861 7.52696 157.351
85.1993 47.0934 37.357 7.5298 157.28
85.2993 47.0433 37.4279 7.53262 157.21
85.3993 46.9933 37.4988 7.53541 157.139
85.4993 46.9433 37.5698 7.53819 157.068
85.5993 46.8932 37.6407 7.54094 156.997
85.6993 46.8432 37.7116 7.54367 156.926
85.7993 46.7931 37.7826 7.54638 156.855
85.8993 46.7431 37.8536 7.54907 156.784
85.9993 46.6931 37.9245 7.55174 156.713
86.0993 46.643 37.9955 7.55438 156.642
86.1993 46.593 38.0665 7.55701 156.571
86.2993 46.543 38.1375 7.55961 156.5
86.3993 46.493 38.2085 7.56219 156.429
86.4993 46.4429 38.2796 7.56476 156.358
86.5993 46.3929 38.3506 7.56729 156.287
86.6992 46.3429 38.4216 7.56981 156.216
86.7992 46.2928 38.4927 7.57231 156.145
86.8992 46.2428 38.5637 7.57478 156.074
86.9992 46.1928 38.6348 7.57724 156.003
87.0992 46.1428 38.7058 7.57967 155.932
87.1992 46.0927 38.7769 7.58208 155.861
87.2992 46.0427 38.8479 7.58447 155.789
87.3992 45.9927 38.919 7.58684 155.718
87.4992 45.9427 38.9901 7.58918 155.647
87.5992 45.8927 39.0612 7.59151 155.576
87.6992 45.8426 39.1323 7.59381 155.505
87.7992 45.7926 39.2034 7.59609 155.434
87.8992 45.7426 39.2745 7.59835 155.363
87.9992 45.6926 39.3456 7.60058 155.292
88.0992 45.6426 39.4167 7.6028 155.221
88.1992 45.5926 39.4878 7.60499 155.15
88.2992 45.5425 39.559 7.60717 155.078
88.3992 45.4925 39.6301 7.60932 155.007
88.4992 45.4425 39.7012 7.61144 154.936
88.5992 45.3925 39.7723 7.61355 154.865
88.6992 45.3425 39.8435 7.61564 154.794
88.7992 45.2925 39.9146 7.6177 154.723
88.8992 45.2425 39.9858 7.61974 154.652
88.9992 45.1925 40.0569 7.62176 154.581
89.0992 45.1425 40.128 7.62375 154.509
89.1992 45.0925 40.1992 7.62573 154.438
89.2992 45.0425 40.2703 7.62768 154.367
89.3992 44.9925 40.3415 7.62961 154.296
89.4992 44.9425 40.4126 7.63152 154.225
89.5992 44.8925 40.4838 7.63341 154.154
89.6992 44.8425 40.5549 7.63527 154.082
89.7992 44.7925 40.6261 7.63711 154.011
89.8992 44.7425 40.6972 7.63894 153.94
89.9992 44.6925 40.7684 7.64073 153.869
90.0992 44.6425 40.8396 7.64251 153.798
90.1992 44.5925 40.9107 7.64426 153.727
90.2992 44.5425 40.9819 7.64599 153.656
90.3992 44.4925 41.053 7.6477 153.584
90.4992 44.4425 41.1242 7.64939 153.513
90.5992 44.3925 41.1953 7.65106 153.442
90.6992 44.3425 41.2665 7.6527 153.371
90.7992 44.2925 41.3376 7.65432 153.3
90.8992 44.2425 41.4088 7.65592 153.229
90.9992 44.1926 41.4799 7.65749 153.158
91.0992 44.1426 41.551 7.65905 153.086
91.1992 44.0926 41.6222 7.66058 153.015
91.2992 44.0426 41.6933 7.66209 152.944
91.3992 43.9926 41.7645 7.66357 152.873
91.4992 43.9426 41.8356 7.66503 152.802
91.5992 43.8927 41.9067 7.66648 152.731
91.6992 43.8427 41.9778 7.66789 152.66
91.7992 43.7927 42.049 7.66929 152.588
91.8992 43.7427 42.1201 7.67066 152.517
91.9992 43.6927 42.1912 7.67201 152.446
92.0992 43.6428 42.2623 7.67334 152.375
92.1992 43.5928 42.3334 7.67465 152.304
92.2992 43.5428 42.4045 7.67593 152.233
92.3992 43.4928 42.4756 7.67719 152.162
92.4992 43.4429 42.5467 7.67843 152.091
92.5992 43.3929 42.6178 7.67965 152.02
92.6992 43.3429 42.6889 7.68084 151.949
92.7992 43.2929 42.7599 7.68201 151.878
92.8992 43.243 42.831 7.68316 151.806
92.9992 43.193 42.9021 7.68428 151.735
93.0992 43.143 42.9731 7.68538 151.664
93.1992 43.0931 43.0442 7.68646 151.593
93.2991 43.0431 43.1152 7.68752 151.522
93.3991 42.9931 43.1862 7.68855 151.451
93.4991 42.9432 43.2572 7.68956 151.38
93.5991 42.8932 43.3283 7.69055 151.309
93.6991 42.8433 43.3993 7.69151 151.238
93.7991 42.7933 43.4703 7.69245 151.167
93.8991 42.7433 43.5413 7.69337 151.096
93.9991 42.6934 43.6123 7.69427 151.025
94.0991 42.6434 43.6832 7.69514 150.954
94.1991 42.5935 43.7542 7.69599 150.883
94.2991 42.5435 43.8252 7.69682 150.812
94.3991 42.4935 43.8961 7.69762 150.741
94.4991 42.4436 43.967 7.6984 150.67
94.5991 42.3936 44.038 7.69916 150.599
94.6991 42.3437 44.1089 7.69989 150.529
94.7991 42.2937 44.1798 7.70061 150.458
94.8991 42.2438 44.2507 7.70129 150.387
94.9991 42.1938 44.3216 7.70196 150.316
95.0991 42.1439 44.3925 7.7026 150.245
95.1991 42.0939 44.4633 7.70322 150.174
95.2991 42.044 44.5342 7.70382 150.103
95.3991 41.994 44.605 7.70439 150.032
95.4991 41.9441 44.6759 7.70494 149.962
95.5991 41.8941 44.7467 7.70547 149.891
95.6991 41.8442 44.8175 7.70597 149.82
95.7991 41.7943 44.8883 7.70645 149.749
95.8991 41.7443 44.9591 7.7069 149.678
95.9991 41.6944 45.0299 7.70734 149.608
96.0991 41.6444 45.1006 7.70775 149.537
96.1991 41.5945 45.1714 7.70813 149.466
96.2991 41.5446 45.2421 7.7085 149.395
96.3991 41.4946 45.3128 7.70884 149.325
96.4991 41.4447 45.3835 7.70915 149.254
96.5991 41.3948 45.4542 7.70945 149.183
96.6991 41.3448 45.5249 7.70972 149.113
96.7991 41.2949 45.5955 7.70996 149.042
96.8991 41.245 45.6662 7.71018 148.971
96.9991 41.195 45.7368 7.71038 148.901
97.0991 41.1451 45.8074 7.71056 148.83
97.1991 41.0952 45.878 7.71071 148.759
97.2991 41.0452 45.9486 7.71084 148.689
97.3991 40.9953 46.0192 7.71094 148.618
97.4991 40.9454 46.0897 7.71102 148.548
97.5991 40.8955 46.1603 7.71108 148.477
97.6991 40.8455 46.2308 7.71112 148.407
97.7991 40.7956 46.3013 7.71113 148.336
97.8991 40.7457 46.3718 7.71111 148.266
97.9991 40.6958 46.4423 7.71108 148.195
98.0991 40.6458 46.5127 7.71102 148.125
98.1991 40.5959 46.5832 7.71093 148.054
98.2991 40.546 46.6536 7.71082 147.984
98.3991 40.4961 46.724 7.71069 147.913
98.4991 40.4462 46.7944 7.71054 147.843
98.5991 40.3962 46.8647 7.71036 147.773
98.6991 40.3463 46.9351 7.71016 147.702
98.7991 40.2964 47.0054 7.70993 147.632
98.8991 40.2465 47.0757 7.70968 147.562
98.9991 40.1966 47.146 7.7094 147.491
99.0991 40.1467 47.2163 7.70911 147.421
99.1991 40.0968 47.2865 7.70878 147.351
99.2991 40.0469 47.3567 7.70844 147.281
99.3991 39.9969 47.4269 7.70807 147.21
99.4991 39.947 47.4971 7.70767 147.14
99.5991 39.8971 47.5673 7.70726 147.07
99.6991 39.8472 47.6374 7.70682 147
99.799 39.7973 47.7076 7.70635 146.93
99.899 39.7474 47.7777 7.70586 146.86
99.999 39.6975 47.8478 7.70535 146.79
100.099 39.6476 47.9178 7.70481 146.72
100.199 39.5977 47.9879 7.70425 146.65
100.299 39.5478 48.0579 7.70366 146.58
100.399 39.4979 48.1279 7.70305 146.51
100.499 39.448 48.1979 7.70242 146.44
100.599 39.3981 48.2678 7.70176 146.37
100.699 39.3482 48.3377 7.70108 146.3
100.799 39.2983 48.4076 7.70037 146.23
100.899 39.2484 48.4775 7.69964 146.16
100.999 39.1985 48.5474 7.69889 146.09
101.099 39.1486 48.6172 7.69811 146.02
101.199 39.0987 48.687 7.69731 145.95
101.299 39.0488 48.7568 7.69648 145.881
101.399 38.999 48.8266 7.69563 145.811
101.499 38.9491 48.8963 7.69476 145.741
101.599 38.8992 48.966 7.69386 145.671
101.699 38.8493 49.0357 7.69293 145.602
101.799 38.7994 49.1054 7.69199 145.532
101.899 38.7495 49.175 7.69101 145.462
101.999 38.6996 49.2446 7.69002 145.393
102.099 38.6497 49.3142 7.689 145.323
102.199 38.5999 49.3838 7.68795 145.254
102.299 38.55 49.4533 7.68688 145.184
102.399 38.5001 49.5228 7.68579 145.115
102.499 38.4502 49.5923 7.68467 145.045
102.599 38.4003 49.6618 7.68353 144.976
102.699 38.3505 49.7312 7.68236 144.906
102.799 38.3006 49.8006 7.68117 144.837
102.899 38.2507 49.87 7.67996 144.767
102.999 38.2008 49.9393 7.67872 144.698
103.099 38.151 50.0086 7.67745 144.629
103.199 38.1011 50.0779 7.67616 144.56
103.299 38.0512 50.1472 7.67485 144.49
103.399 38.0013 50.2164 7.67351 144.421
103.499 37.9515 50.2856 7.67215 144.352
103.599 37.9016 50.3548 7.67076 144.283
103.699 37.8517 50.4239 7.66935 144.214
103.799 37.8019 50.493 7.66791 144.144
103.899 37.752 50.5621 7.66645 144.075
103.999 37.7021 50.6312 7.66497 144.006
104.099 37.6522 50.7002 7.66346 143.937
104.199 37.6024 50.7692 7.66192 143.868
104.299 37.5525 50.8382 7.66037 143.799
104.399 37.5027 50.9071 7.65878 143.73
104.499 37.4528 50.976 7.65717 143.661
104.599 37.4029 51.0449 7.65554 143.593
104.699 37.3531 51.1137 7.65388 143.524
104.799 37.3032 51.1825 7.6522 143.455
104.899 37.2534 51.2513 7.6505 143.386
104.999 37.2035 51.32 7.64876 143.317
105.099 37.1536 51.3888 7.64701 143.249
105.199 37.1038 51.4574 7.64523 143.18
105.299 37.0539 51.5261 7.64342 143.111
105.399 37.0041 51.5947 7.64159 143.043
105.499 36.9542 51.6633 7.63974 142.974
105.599 36.9044 51.7318 7.63786 142.906
105.699 36.8545 51.8004 7.63595 142.837
105.799 36.8047 51.8688 7.63402 142.769
105.899 36.7548 51.9373 7.63207 142.7
105.999 36.705 52.0057 7.63009 142.632
106.099 36.6551 52.0741 7.62809 142.563
106.199 36.6053 52.1424 7.62606 142.495
106.299 36.5554 52.2107 7.62401 142.427
106.399 36.5056 52.279 7.62193 142.358
106.499 36.4557 52.3473 7.61982 142.29
106.599 36.4059 52.4155 7.6177 142.222
106.699 36.356 52.4836 7.61554 142.154
106.799 36.3062 52.5518 7.61337 142.086
106.899 36.2564 52.6199 7.61116 142.018
106.999 36.2065 52.6879 7.60893 141.949
107.099 36.1567 52.756 7.60668 141.881
107.199 36.1068 52.824 7.60441 141.813
107.299 36.057 52.8919 7.6021 141.746
107.399 36.0072 52.9598 7.59978 141.678
107.499 35.9573 53.0277 7.59742 141.61
107.599 35.9075 53.0956 7.59505 141.542
107.699 35.8577 53.1634 7.59264 141.474
107.799 35.8078 53.2311 7.59022 141.406
107.899 35.758 53.2989 7.58776 141.339
107.999 35.7082 53.3665 7.58529 141.271
108.099 35.6583 53.4342 7.58278 141.203
108.199 35.6085 53.5018 7.58026 141.136
108.299 35.5587 53.5694 7.5777 141.068
108.399 35.5089 53.6369 7.57513 141.001
108.499 35.459 53.7044 7.57252 140.933
108.599 35.4092 53.7719 7.5699 140.866
108.699 35.3594 53.8393 7.56724 140.798
108.799 35.3095 53.9067 7.56457 140.731
108.899 35.2597 53.974 7.56186 140.663
108.999 35.2099 54.0413 7.55913 140.596
109.099 35.1601 54.1086 7.55638 140.529
109.199 35.1103 54.1758 7.5536 140.462
109.299 35.0604 54.243 7.5508 140.394
109.399 35.0106 54.3101 7.54797 140.327
109.499 34.9608 54.3772 7.54512 140.26
109.599 34.911 54.4442 7.54224 140.193
109.699 34.8612 54.5113 7.53933 140.126
109.799 34.8114 54.5782 7.5364 140.059
109.899 34.7615 54.6452 7.53345 139.992
109.999 34.7117 54.712 7.53047 139.925
110.099 34.6619 54.7789 7.52746 139.859
110.199 34.6121 54.8457 7.52443 139.792
110.299 34.5623 54.9124 7.52138 139.725
110.399 34.5125 54.9792 7.5183 139.658
110.499 34.4627 55.0458 7.51519 139.592
110.599 34.4129 55.1124 7.51206 139.525
110.699 34.3631 55.179 7.5089 139.458
110.799 34.3132 55.2456 7.50572 139.392
110.899 34.2634 55.3121 7.50252 139.325
110.999 34.2136 55.3785 7.49928 139.259
111.099 34.1638 55.4449 7.49603 139.193
111.199 34.114 55.5113 7.49274 139.126
111.299 34.0642 55.5776 7.48943 139.06
111.399 34.0144 55.6439 7.4861 138.994
111.499 33.9646 55.7101 7.48274 138.927
111.599 33.9148 55.7763 7.47936 138.861
111.699 33.865 55.8424 7.47595 138.795
111.799 33.8152 55.9085 7.47251 138.729
111.899 33.7654 55.9745 7.46905 138.663
111.999 33.7156 56.0405 7.46557 138.597
112.099 33.6658 56.1065 7.46206 138.531
112.199 33.616 56.1724 7.45852 138.465
112.299 33.5663 56.2383 7.45496 138.399
112.399 33.5165 56.3041 7.45137 138.333
112.499 33.4667 56.3698 7.44776 138.268
112.599 33.4169 56.4355 7.44412 138.202
112.699 33.3671 56.5012 7.44046 138.136
112.799 33.3173 56.5668 7.43677 138.071
112.899 33.2675 56.6324 7.43306 138.005
112.999 33.2177 56.6979 7.42932 137.94
113.099 33.1679 56.7634 7.42555 137.874
113.199 33.1181 56.8288 7.42176 137.809
113.299 33.0684 56.8942 7.41795 137.743
113.399 33.0186 56.9595 7.4141 137.678
113.499 32.9688 57.0248 7.41024 137.613
113.599 32.919 57.09 7.40635 137.547
113.699 32.8692 57.1552 7.40243 137.482
113.799 32.8194 57.2203 7.39848 137.417
113.899 32.7697 57.2854 7.39452 137.352
113.999 32.7199 57.3504 7.39052 137.287
114.099 32.6701 57.4154 7.3865 137.222
114.199 32.6203 57.4804 7.38246 137.157
114.299 32.5706 57.5452 7.37839 137.092
114.399 32.5208 57.6101 7.37429 137.027
114.499 32.471 57.6748 7.37017 136.963
114.599 32.4212 57.7395 7.36602 136.898
114.699 32.3715 57.8042 7.36185 136.833
114.799 32.3217 57.8688 7.35765 136.769
114.899 32.2719 57.9334 7.35343 136.704
114.999 32.2221 57.9979 7.34918 136.64
115.099 32.1724 58.0624 7.34491 136.575
115.199 32.1226 58.1268 7.34061 136.511
115.299 32.0728 58.1911 7.33628 136.446
115.399 32.0231 58.2554 7.33193 136.382
115.499 31.9733 58.3197 7.32756 136.318
115.599 31.9235 58.3839 7.32315 136.254
115.699 31.8738 58.448 7.31873 136.189
115.799 31.824 58.5121 7.31427 136.125
115.899 31.7742 58.5762 7.3098 136.061
115.999 31.7245 58.6401 7.30529 135.997
116.099 31.6747 58.7041 7.30076 135.933
116.199 31.625 58.7679 7.29621 135.869
116.299 31.5752 58.8318 7.29163 135.806
116.399 31.5254 58.8955 7.28702 135.742
116.499 31.4757 58.9592 7.28239 135.678
116.599 31.4259 59.0229 7.27773 135.615
116.699 31.3762 59.0865 7.27305 135.551
116.799 31.3264 59.15 7.26834 135.487
116.899 31.2767 59.2135 7.26361 135.424
116.999 31.2269 59.2769 7.25885 135.361
117.099 31.1772 59.3403 7.25406 135.297
117.199 31.1274 59.4036 7.24925 135.234
117.299 31.0776 59.4669 7.24441 135.171
117.399 31.0279 59.5301 7.23955 135.107
117.499 30.9781 59.5932 7.23467 135.044
117.599 30.9284 59.6563 7.22975 134.981
117.699 30.8787 59.7193 7.22481 134.918
117.799 30.8289 59.7823 7.21985 134.855
117.899 30.7792 59.8452 7.21486 134.792
117.999 30.7294 59.9081 7.20985 134.729
118.099 30.6797 59.9709 7.20481 134.667
118.199 30.6299 60.0336 7.19974 134.604
118.299 30.5802 60.0963 7.19465 134.541
118.399 30.5304 60.1589 7.18953 134.479
118.499 30.4807 60.2215 7.18439 134.416
118.599 30.431 60.284 7.17922 134.353
118.699 30.3812 60.3464 7.17403 134.291
118.799 30.3315 60.4088 7.16881 134.229
118.899 30.2817 60.4711 7.16356 134.166
118.999 30.232 60.5334 7.15829 134.104
119.099 30.1823 60.5956 7.15299 134.042
119.199 30.1325 60.6577 7.14767 133.98
119.299 30.0828 60.7198 7.14232 133.918
119.399 30.0331 60.7818 7.13695 133.856
119.499 29.9833 60.8438 7.13155 133.794
119.599 29.9336 60.9057 7.12613 133.732
119.699 29.8839 60.9675 7.12068 133.67
119.799 29.8341 61.0293 7.1152 133.608
119.899 29.7844 61.091 7.1097 133.546
119.999 29.7347 61.1527 7.10418 133.485
120.099 29.6849 61.2143 7.09863 133.423
120.199 29.6352 61.2758 7.09305 133.362
120.299 29.5855 61.3373 7.08745 133.3
120.399 29.5358 61.3987 7.08182 133.239
120.499 29.486 61.46 7.07616 133.177
120.599 29.4363 61.5213 7.07048 133.116
120.699 29.3866 61.5825 7.06478 133.055
120.799 29.3369 61.6437 7.05905 132.994
120.899 29.2871 61.7047 7.05329 132.933
120.999 29.2374 61.7658 7.04751 132.872
121.099 29.1877 61.8267 7.0417 132.811
121.199 29.138 61.8876 7.03587 132.75
121.299 29.0883 61.9485 7.03001 132.689
121.399 29.0385 62.0092 7.02413 132.628
121.499 28.9888 62.0699 7.01822 132.568
121.599 28.9391 62.1306 7.01229 132.507
121.699 28.8894 62.1911 7.00633 132.446
121.799 28.8397 62.2516 7.00034 132.386
121.899 28.79 62.3121 6.99433 132.325
121.999 28.7402 62.3725 6.98829 132.265
122.099 28.6905 62.4328 6.98223 132.205
122.199 28.6408 62.493 6.97614 132.144
122.299 28.5911 62.5532 6.97003 132.084
122.399 28.5414 62.6133 6.96389 132.024
122.499 28.4917 62.6733 6.95773 131.964
122.599 28.442 62.7333 6.95154 131.904
122.699 28.3923 62.7932 6.94532 131.844
122.799 28.3426 62.8531 6.93908 131.784
122.899 28.2929 62.9129 6.93282 131.725
122.999 28.2432 62.9726 6.92653 131.665
123.099 28.1934 63.0322 6.92021 131.605
123.199 28.1437 63.0918 6.91387 131.546
123.299 28.094 63.1513 6.9075 131.486
123.399 28.0443 63.2107 6.90111 131.427
123.499 27.9946 63.2701 6.89469 131.367
123.599 27.9449 63.3294 6.88824 131.308
123.699 27.8952 63.3886 6.88178 131.249
123.799 27.8455 63.4478 6.87528 131.19
123.899 27.7958 63.5069 6.86876 131.131
123.999 27.7461 63.5659 6.86222 131.072
124.099 27.6964 63.6249 6.85564 131.013
124.199 27.6467 63.6838 6.84905 130.954
124.299 27.597 63.7426 6.84243 130.895
124.399 27.5474 63.8013 6.83578 130.836
124.499 27.4977 63.86 6.82911 130.777
124.599 27.448 63.9186 6.82241 130.719
124.699 27.3983 63.9771 6.81569 130.66
124.799 27.3486 64.0356 6.80894 130.602
124.899 27.2989 64.094 6.80217 130.543
124.999 27.2492 64.1523 6.79537 130.485
125.099 27.1995 64.2106 6.78855 130.427
125.199 27.1498 64.2687 6.7817 130.369
125.299 27.1001 64.3269 6.77482 130.311
125.399 27.0504 64.3849 6.76792 130.253
125.499 27.0008 64.4429 6.761 130.195
125.599 26.9511 64.5007 6.75405 130.137
125.699 26.9014 64.5586 6.74707 130.079
125.799 26.8517 64.6163 6.74007 130.021
125.899 26.802 64.674 6.73304 129.963
125.999 26.7523 64.7316 6.72599 129.906
126.099 26.7027 64.7891 6.71892 129.848
126.199 26.653 64.8466 6.71182 129.791
126.299 26.6033 64.904 6.70469 129.733
126.399 26.5536 64.9613 6.69754 129.676
126.499 26.5039 65.0185 6.69036 129.619
126.599 26.4543 65.0757 6.68316 129.562
126.699 26.4046 65.1328 6.67593 129.505
126.799 26.3549 65.1898 6.66868 129.448
126.899 26.3052 65.2467 6.6614 129.391
126.999 26.2556 65.3036 6.6541 129.334
127.099 26.2059 65.3604 6.64677 129.277
127.199 26.1562 65.4171 6.63942 129.22
127.299 26.1065 65.4737 6.63204 129.164
127.399 26.0569 65.5303 6.62464 129.107
127.499 26.0072 65.5868 6.61721 129.051
127.599 25.9575 65.6432 6.60976 128.994
127.699 25.9078 65.6995 6.60228 128.938
127.799 25.8582 65.7558 6.59477 128.882
127.899 25.8085 65.812 6.58725 128.825
127.999 25.7588 65.8681 6.57969 128.769
128.099 25.7092 65.9241 6.57211 128.713
128.199 25.6595 65.9801 6.56451 128.657
128.299 25.6098 66.036 6.55688 128.601
128.399 25.5602 66.0918 6.54923 128.546
128.499 25.5105 66.1475 6.54155 128.49
128.599 25.4608 66.2031 6.53385 128.434
128.699 25.4112 66.2587 6.52612 128.379
128.799 25.3615 66.3142 6.51836 128.323
128.899 25.3118 66.3696 6.51059 128.268
128.999 25.2622 66.425 6.50278 128.212
129.099 25.2125 66.4802 6.49496 128.157
129.199 25.1628 66.5354 6.4871 128.102
129.299 25.1132 66.5905 6.47923 128.047
129.399 25.0635 66.6456 6.47132 127.992
129.499 25.0138 66.7005 6.4634 127.937
129.599 24.9642 66.7554 6.45544 127.882
129.699 24.9145 66.8102 6.44747 127.827
129.799 24.8649 66.8649 6.43946 127.773
129.899 24.8152 66.9195 6.43144 127.718
129.999 24.7656 66.9741 6.42339 127.663
130.099 24.7159 67.0285 6.41531 127.609
130.199 24.6662 67.0829 6.40721 127.555
130.299 24.6166 67.1372 6.39909 127.5
130.399 24.5669 67.1915 6.39094 127.446
130.499 24.5173 67.2456 6.38276 127.392
130.599 24.4676 67.2997 6.37456 127.338
130.699 24.418 67.3537 6.36634 127.284
130.799 24.3683 67.4076 6.35809 127.23
130.899 24.3187 67.4614 6.34982 127.176
130.999 24.269 67.5152 6.34152 127.122
131.099 24.2194 67.5688 6.3332 127.069
131.199 24.1697 67.6224 6.32485 127.015
131.299 24.1201 67.6759 6.31648 126.962
131.399 24.0704 67.7293 6.30808 126.908
131.499 24.0208 67.7827 6.29966 126.855
131.599 23.9711 67.8359 6.29122 126.802
131.699 23.9215 67.8891 6.28275 126.748
131.799 23.8718 67.9422 6.27426 126.695
131.899 23.8222 67.9952 6.26574 126.642
131.999 23.7726 68.0481 6.2572 126.589
132.099 23.7229 68.101 6.24863 126.536
132.199 23.6733 68.1537 6.24004 126.484
132.299 23.6236 68.2064 6.23142 126.431
132.399 23.574 68.259 6.22278 126.378
132.499 23.5243 68.3115 6.21412 126.326
132.599 23.4747 68.3639 6.20543 126.274
132.699 23.4251 68.4163 6.19672 126.221
132.799 23.3754 68.4685 6.18798 126.169
132.899 23.3258 68.5207 6.17922 126.117
132.999 23.2762 68.5728 6.17043 126.065
133.099 23.2265 68.6248 6.16163 126.013
133.199 23.1769 68.6767 6.15279 125.961
133.299 23.1273 68.7285 6.14393 125.909
133.399 23.0776 68.7803 6.13505 125.857
133.499 23.028 68.8319 6.12614 125.806
133.599 22.9784 68.8835 6.11721 125.754
133.699 22.9287 68.935 6.10826 125.702
133.799 22.8791 68.9864 6.09928 125.651
133.899 22.8295 69.0377 6.09028 125.6
133.999 22.7798 69.089 6.08125 125.548
134.099 22.7302 69.1401 6.0722 125.497
134.199 22.6806 69.1912 6.06313 125.446
134.299 22.6309 69.2421 6.05403 125.395
134.399 22.5813 69.293 6.04491 125.344
134.499 22.5317 69.3438 6.03576 125.294
134.599 22.4821 69.3945 6.02659 125.243
134.699 22.4324 69.4452 6.0174 125.192
134.799 22.3828 69.4957 6.00818 125.142
134.899 22.3332 69.5461 5.99894 125.091
134.999 22.2836 69.5965 5.98967 125.041
135.099 22.2339 69.6468 5.98038 124.991
135.199 22.1843 69.697 5.97107 124.94
135.299 22.1347 69.7471 5.96173 124.89
135.399 22.0851 69.7971 5.95237 124.84
135.499 22.0355 69.847 5.94299 124.79
135.599 21.9858 69.8968 5.93358 124.741
135.699 21.9362 69.9466 5.92415 124.691
135.799 21.8866 69.9962 5.91469 124.641
135.899 21.837 70.0458 5.90521 124.592
135.999 21.7874 70.0953 5.89571 124.542
136.099 21.7378 70.1447 5.88618 124.493
136.199 21.6881 70.194 5.87663 124.443
136.299 21.6385 70.2432 5.86706 124.394
136.399 21.5889 70.2923 5.85746 124.345
136.499 21.5393 70.3413 5.84784 124.296
136.599 21.4897 70.3902 5.8382 124.247
136.699 21.4401 70.4391 5.82853 124.198
136.799 21.3905 70.4879 5.81884 124.15
136.899 21.3408 70.5365 5.80913 124.101
136.999 21.2912 70.5851 5.79939 124.052
137.099 21.2416 70.6336 5.78963 124.004
137.199 21.192 70.682 5.77985 123.955
137.299 21.1424 70.7303 5.77004 123.907
137.399 21.0928 70.7785 5.76021 123.859
137.499 21.0432 70.8266 5.75036 123.811
137.599 20.9936 70.8746 5.74048 123.763
137.699 20.944 70.9226 5.73058 123.715
137.799 20.8944 70.9704 5.72066 123.667
137.899 20.8448 71.0182 5.71071 123.619
137.999 20.7952 71.0658 5.70075 123.572
138.099 20.7456 71.1134 5.69075 123.524
138.199 20.696 71.1609 5.68074 123.477
138.299 20.6464 71.2083 5.6707 123.429
138.399 20.5968 71.2556 5.66064 123.382
138.499 20.5472 71.3028 5.65056 123.335
138.599 20.4975 71.3499 5.64045 123.288
138.699 20.4479 71.3969 5.63032 123.241
138.799 20.3984 71.4438 5.62017 123.194
138.899 20.3488 71.4906 5.60999 123.147
138.999 20.2992 71.5374 5.59979 123.1
139.099 20.2496 71.584 5.58957 123.053
139.199 20.2 71.6306 5.57933 123.007
139.299 20.1504 71.677 5.56906 122.96
139.399 20.1008 71.7234 5.55877 122.914
139.499 20.0512 71.7696 5.54846 122.868
139.599 20.0016 71.8158 5.53813 122.822
139.699 19.952 71.8619 5.52777 122.776
139.799 19.9024 71.9078 5.51739 122.73
139.899 19.8528 71.9537 5.50699 122.684
139.999 19.8032 71.9995 5.49656 122.638
140.099 19.7536 72.0452 5.48612 122.592
140.199 19.704 72.0908 5.47565 122.547
140.299 19.6544 72.1363 5.46516 122.501
140.399 19.6048 72.1817 5.45464 122.456
140.499 19.5553 72.227 5.44411 122.41
140.599 19.5057 72.2722 5.43355 122.365
140.699 19.4561 72.3174 5.42297 122.32
140.799 19.4065 72.3624 5.41236 122.275
140.899 19.3569 72.4073 5.40174 122.23
140.999 19.3073 72.4521 5.39109 122.185
141.099 19.2577 72.4969 5.38042 122.141
141.199 19.2081 72.5415 5.36973 122.096
141.299 19.1586 72.5861 5.35901 122.051
141.399 19.109 72.6305 5.34827 122.007
141.499 19.0594 72.6748 5.33752 121.963
141.599 19.0098 72.7191 5.32674 121.918
141.699 18.9602 72.7633 5.31593 121.874
141.799 18.9106 72.8073 5.30511 121.83
141.899 18.8611 72.8513 5.29426 121.786
141.999 18.8115 72.8951 5.28339 121.742
142.099 18.7619 72.9389 5.2725 121.699
142.199 18.7123 72.9825 5.26159 121.655
142.299 18.6627 73.0261 5.25066 121.611
142.399 18.6132 73.0696 5.2397 121.568
142.499 18.5636 73.113 5.22872 121.524
142.6 18.514 73.1562 5.21773 121.481
142.7 18.4644 73.1994 5.20671 121.438
142.8 18.4149 73.2425 5.19566 121.395
142.9 18.3653 73.2854 5.1846 121.352
143 18.3157 73.3283 5.17351 121.309
143.1 18.2661 73.3711 5.16241 121.266
143.2 18.2166 73.4138 5.15128 121.224
143.3 18.167 73.4563 5.14013 121.181
143.4 18.1174 73.4988 5.12896 121.139
143.5 18.0678 73.5412 5.11777 121.096
143.6 18.0183 73.5835 5.10655 121.054
143.7 17.9687 73.6257 5.09532 121.012
143.8 17.9191 73.6677 5.08406 120.97
143.9 17.8696 73.7097 5.07278 120.928
144 17.82 73.7516 5.06148 120.886
144.1 17.7704 73.7934 5.05016 120.844
144.2 17.7209 73.835 5.03882 120.802
144.3 17.6713 73.8766 5.02746 120.761
144.4 17.6217 73.9181 5.01608 120.719
144.5 17.5722 73.9595 5.00467 120.678
144.6 17.5226 74.0007 4.99325 120.637
144.7 17.473 74.0419 4.9818 120.596
144.8 17.4235 74.083 4.97033 120.554
144.9 17.3739 74.1239 4.95885 120.513
145 17.3243 74.1648 4.94734 120.473
145.1 17.2748 74.2056 4.93581 120.432
145.2 17.2252 74.2462 4.92426 120.391
145.3 17.1756 74.2868 4.91269 120.351
145.4 17.1261 74.3273 4.90109 120.31
145.5 17.0765 74.3676 4.88948 120.27
145.6 17.027 74.4079 4.87785 120.23
145.7 16.9774 74.448 4.86619 120.189
145.8 16.9278 74.4881 4.85452 120.149
145.9 16.8783 74.528 4.84283 120.109
146 16.8287 74.5679 4.83111 120.07
146.1 16.7792 74.6076 4.81938 120.03
146.2 16.7296 74.6472 4.80762 119.99
146.3 16.68 74.6868 4.79584 119.951
146.4 16.6305 74.7262 4.78405 119.911
146.5 16.5809 74.7655 4.77223 119.872
146.6 16.5314 74.8048 4.76039 119.833
146.7 16.4818 74.8439 4.74854 119.794
146.8 16.4323 74.8829 4.73666 119.755
146.9 16.3827 74.9218 4.72476 119.716
147 16.3332 74.9606 4.71284 119.677
147.1 16.2836 74.9993 4.70091 119.638
147.2 16.2341 75.0379 4.68895 119.6
147.3 16.1845 75.0764 4.67697 119.561
147.4 16.1349 75.1148 4.66498 119.523
147.5 16.0854 75.1531 4.65296 119.484
147.6 16.0358 75.1913 4.64092 119.446
147.7 15.9863 75.2294 4.62887 119.408
147.8 15.9367 75.2673 4.61679 119.37
147.9 15.8872 75.3052 4.60469 119.332
148 15.8376 75.343 4.59258 119.294
148.1 15.7881 75.3806 4.58044 119.257
148.2 15.7386 75.4182 4.56829 119.219
148.3 15.689 75.4556 4.55611 119.182
148.4 15.6395 75.4929 4.54392 119.144
148.5 15.5899 75.5302 4.53171 119.107
148.6 15.5404 75.5673 4.51948 119.07
148.7 15.4908 75.6043 4.50722 119.033
148.8 15.4413 75.6412 4.49495 118.996
148.9 15.3917 75.6781 4.48266 118.959
149 15.3422 75.7148 4.47035 118.923
149.1 15.2926 75.7514 4.45802 118.886
149.2 15.2431 75.7878 4.44568 118.85
149.3 15.1936 75.8242 4.43331 118.813
149.4 15.144 75.8605 4.42092 118.777
149.5 15.0945 75.8967 4.40852 118.741
149.6 15.0449 75.9327 4.39609 118.705
149.7 14.9954 75.9687 4.38365 118.669
149.8 14.9459 76.0045 4.37119 118.633
149.9 14.8963 76.0403 4.35871 118.597
150 14.8468 76.0759 4.34621 118.562
150.1 14.7972 76.1114 4.33369 118.526
150.2 14.7477 76.1469 4.32116 118.491
150.3 14.6982 76.1822 4.3086 118.455
150.4 14.6486 76.2174 4.29603 118.42
150.5 14.5991 76.2525 4.28344 118.385
150.6 14.5495 76.2875 4.27082 118.35
150.7 14.5 76.3223 4.2582 118.315
150.8 14.4505 76.3571 4.24555 118.28
150.9 14.4009 76.3918 4.23288 118.246
151 14.3514 76.4263 4.2202 118.211
151.1 14.3019 76.4608 4.2075 118.177
151.2 14.2523 76.4951 4.19477 118.142
151.3 14.2028 76.5293 4.18204 118.108
151.4 14.1533 76.5634 4.16928 118.074
151.5 14.1037 76.5975 4.1565 118.04
151.6 14.0542 76.6314 4.14371 118.006
151.7 14.0047 76.6651 4.1309 117.972
151.8 13.9551 76.6988 4.11807 117.939
151.9 13.9056 76.7324 4.10522 117.905
152 13.8561 76.7659 4.09236 117.872
152.1 13.8066 76.7992 4.07948 117.838
152.2 13.757 76.8325 4.06658 117.805
152.3 13.7075 76.8656 4.05366 117.772
152.4 13.658 76.8986 4.04072 117.739
152.5 13.6084 76.9315 4.02777 117.706
152.6 13.5589 76.9643 4.0148 117.673
152.7 13.5094 76.997 4.00181 117.64
152.8 13.4599 77.0296 3.98881 117.608
152.9 13.4103 77.0621 3.97578 117.575
153 13.3608 77.0944 3.96274 117.543
153.1 13.3113 77.1267 3.94969 117.511
153.2 13.2618 77.1588 3.93661 117.479
153.3 13.2122 77.1909 3.92352 117.447
153.4 13.1627 77.2228 3.91041 117.415
153.5 13.1132 77.2546 3.89728 117.383
153.6 13.0637 77.2863 3.88414 117.351
153.7 13.0141 77.3179 3.87098 117.32
153.8 12.9646 77.3493 3.8578 117.288
153.9 12.9151 77.3807 3.84461 117.257
154 12.8656 77.4119 3.8314 117.225
154.1 12.816 77.4431 3.81817 117.194
154.2 12.7665 77.4741 3.80493 117.163
154.3 12.717 77.505 3.79167 117.132
154.4 12.6675 77.5358 3.77839 117.102
154.5 12.618 77.5665 3.76509 117.071
154.6 12.5684 77.5971 3.75178 117.04
154.7 12.5189 77.6276 3.73846 117.01
154.8 12.4694 77.6579 3.72511 116.98
154.9 12.4199 77.6882 3.71175 116.949
155 12.3704 77.7183 3.69838 116.919
155.1 12.3208 77.7483 3.68498 116.889
155.2 12.2713 77.7782 3.67157 116.859
155.3 12.2218 77.808 3.65815 116.829
155.4 12.1723 77.8377 3.64471 116.8
155.5 12.1228 77.8672 3.63125 116.77
155.6 12.0733 77.8967 3.61778 116.741
155.7 12.0238 77.926 3.60429 116.711
155.8 11.9742 77.9553 3.59078 116.682
155.9 11.9247 77.9844 3.57726 116.653
156 11.8752 78.0134 3.56373 116.624
156.1 11.8257 78.0423 3.55017 116.595
156.2 11.7762 78.071 3.53661 116.566
156.3 11.7267 78.0997 3.52302 116.538
156.4 11.6772 78.1282 3.50942 116.509
156.5 11.6276 78.1567 3.49581 116.481
156.6 11.5781 78.185 3.48218 116.452
156.7 11.5286 78.2132 3.46853 116.424
156.8 11.4791 78.2413 3.45487 116.396
156.9 11.4296 78.2692 3.44119 116.368
157 11.3801 78.2971 3.4275 116.34
157.1 11.3306 78.3249 3.4138 116.313
157.2 11.2811 78.3525 3.40007 116.285
157.3 11.2316 78.38 3.38634 116.257
157.4 11.182 78.4074 3.37258 116.23
157.5 11.1325 78.4347 3.35882 116.203
157.6 11.083 78.4619 3.34504 116.176
157.7 11.0335 78.4889 3.33124 116.149
157.8 10.984 78.5159 3.31743 116.122
157.9 10.9345 78.5427 3.3036 116.095
158 10.885 78.5694 3.28976 116.068
158.1 10.8355 78.596 3.2759 116.041
158.2 10.786 78.6225 3.26203 116.015
158.3 10.7365 78.6489 3.24815 115.989
158.4 10.687 78.6751 3.23425 115.962
158.5 10.6375 78.7013 3.22034 115.936
158.6 10.588 78.7273 3.20641 115.91
158.7 10.5385 78.7532 3.19247 115.884
158.8 10.489 78.779 3.17851 115.858
158.9 10.4395 78.8047 3.16454 115.833
159.001 10.39 78.8302 3.15056 115.807
159.101 10.3404 78.8557 3.13656 115.782
159.201 10.2909 78.881 3.12254 115.756
159.301 10.2414 78.9062 3.10852 115.731
159.401 10.1919 78.9313 3.09448 115.706
159.501 10.1424 78.9563 3.08042 115.681
159.601 10.0929 78.9811 3.06635 115.656
159.701 10.0434 79.0059 3.05227 115.632
159.801 9.99393 79.0305 3.03818 115.607
159.901 9.94443 79.055 3.02407 115.582
160.001 9.89493 79.0794 3.00994 115.558
160.101 9.84543 79.1037 2.99581 115.534
160.201 9.79593 79.1278 2.98166 115.51
160.301 9.74643 79.1519 2.96749 115.486
160.401 9.69693 79.1758 2.95332 115.462
160.501 9.64744 79.1996 2.93913 115.438
160.601 9.59794 79.2233 2.92493 115.414
160.701 9.54844 79.2469 2.91071 115.391
160.801 9.49894 79.2704 2.89648 115.367
160.901 9.44944 79.2937 2.88224 115.344
161.001 9.39995 79.3169 2.86798 115.321
161.101 9.35045 79.34 2.85372 115.297
161.201 9.30095 79.363 2.83944 115.274
161.301 9.25146 79.3859 2.82514 115.252
161.401 9.20196 79.4087 2.81084 115.229
161.501 9.15246 79.4313 2.79652 115.206
161.601 9.10297 79.4538 2.78219 115.184
161.701 9.05347 79.4762 2.76784 115.161
161.801 9.00398 79.4985 2.75349 115.139
161.901 8.95448 79.5207 2.73912 115.117
162.001 8.90499 79.5427 2.72474 115.095
162.101 8.85549 79.5646 2.71034 115.073
162.201 8.806 79.5865 2.69594 115.051
162.301 8.75651 79.6081 2.68152 115.029
162.401 8.70701 79.6297 2.66709 115.008
162.501 8.65752 79.6512 2.65265 114.986
162.601 8.60803 79.6725 2.6382 114.965
162.701 8.55854 79.6937 2.62373 114.944
162.801 8.50904 79.7148 2.60925 114.923
162.901 8.45955 79.7358 2.59476 114.902
163.001 8.41006 79.7567 2.58026 114.881
163.101 8.36057 79.7774 2.56575 114.86
163.201 8.31108 79.7981 2.55123 114.839
163.301 8.26159 79.8186 2.53669 114.819
163.401 8.2121 79.839 2.52214 114.798
163.501 8.16261 79.8592 2.50758 114.778
163.601 8.11312 79.8794 2.49301 114.758
163.701 8.06363 79.8994 2.47843 114.738
163.801 8.01414 79.9193 2.46384 114.718
163.901 7.96465 79.9391 2.44924 114.698
164.001 7.91516 79.9588 2.43462 114.679
164.101 7.86567 79.9783 2.42 114.659
164.201 7.81618 79.9978 2.40536 114.64
164.301 7.76669 80.0171 2.39071 114.62
164.401 7.71721 80.0363 2.37605 114.601
164.501 7.66772 80.0554 2.36138 114.582
164.601 7.61823 80.0743 2.3467 114.563
164.701 7.56874 80.0931 2.33201 114.544
164.801 7.51926 80.1119 2.31731 114.526
164.901 7.46977 80.1305 2.3026 114.507
165.001 7.42028 80.1489 2.28788 114.489
165.101 7.3708 80.1673 2.27315 114.47
165.201 7.32131 80.1855 2.2584 114.452
165.301 7.27183 80.2036 2.24365 114.434
165.401 7.22234 80.2216 2.22889 114.416
165.501 7.17285 80.2395 2.21411 114.398
165.601 7.12337 80.2573 2.19933 114.38
165.701 7.07388 80.2749 2.18454 114.363
165.801 7.0244 80.2924 2.16973 114.345
165.901 6.97492 80.3098 2.15492 114.328
166.001 6.92543 80.3271 2.1401 114.31
166.101 6.87595 80.3442 2.12526 114.293
166.201 6.82646 80.3613 2.11042 114.276
166.301 6.77698 80.3782 2.09557 114.259
166.401 6.7275 80.395 2.08071 114.242
166.501 6.67801 80.4116 2.06584 114.226
166.601 6.62853 80.4282 2.05096 114.209
166.701 6.57905 80.4446 2.03607 114.193
166.801 6.52957 80.4609 2.02117 114.176
166.901 6.48008 80.4771 2.00626 114.16
167.001 6.4306 80.4932 1.99134 114.144
167.101 6.38112 80.5091 1.97641 114.128
167.201 6.33164 80.525 1.96148 114.112
167.301 6.28216 80.5407 1.94653 114.097
167.401 6.23268 80.5562 1.93158 114.081
167.501 6.18319 80.5717 1.91662 114.066
167.601 6.13371 80.5871 1.90165 114.05
167.701 6.08423 80.6023 1.88667 114.035
167.801 6.03475 80.6174 1.87168 114.02
167.901 5.98527 80.6323 1.85668 114.005
168.001 5.93579 80.6472 1.84168 113.99
168.101 5.88631 80.6619 1.82666 113.976
168.201 5.83683 80.6765 1.81164 113.961
168.301 5.78735 80.691 1.79661 113.946
168.401 5.73787 80.7054 1.78157 113.932
168.501 5.68839 80.7196 1.76652 113.918
168.601 5.63892 80.7338 1.75147 113.904
168.701 5.58944 80.7478 1.73641 113.89
168.801 5.53996 80.7617 1.72133 113.876
168.901 5.49048 80.7754 1.70626 113.862
169.001 5.441 80.7891 1.69117 113.848
169.101 5.39152 80.8026 1.67607 113.835
169.201 5.34205 80.816 1.66097 113.821
169.301 5.29257 80.8292 1.64586 113.808
169.401 5.24309 80.8424 1.63075 113.795
169.501 5.19361 80.8554 1.61562 113.782
169.601 5.14414 80.8683 1.60049 113.769
169.701 5.09466 80.8811 1.58535 113.756
169.801 5.04518 80.8938 1.5702 113.744
169.901 4.99571 80.9063 1.55505 113.731
170.001 4.94623 80.9187 1.53989 113.719
170.101 4.89675 80.931 1.52472 113.706
170.201 4.84728 80.9432 1.50954 113.694
170.301 4.7978 80.9552 1.49436 113.682
170.401 4.74832 80.9672 1.47917 113.67
170.501 4.69885 80.979 1.46398 113.658
170.601 4.64937 80.9906 1.44878 113.647
170.701 4.5999 81.0022 1.43357 113.635
170.801 4.55042 81.0136 1.41835 113.624
170.901 4.50095 81.025 1.40313 113.612
171.001 4.45147 81.0361 1.3879 113.601
171.101 4.402 81.0472 1.37266 113.59
171.201 4.35252 81.0582 1.35742 113.579
171.301 4.30305 81.069 1.34218 113.568
171.401 4.25357 81.0797 1.32692 113.558
171.501 4.2041 81.0903 1.31166 113.547
171.601 4.15463 81.1007 1.2964 113.537
171.701 4.10515 81.111 1.28112 113.526
171.801 4.05568 81.1213 1.26585 113.516
171.901 4.0062 81.1313 1.25056 113.506
172.001 3.95673 81.1413 1.23527 113.496
172.101 3.90726 81.1511 1.21998 113.486
172.201 3.85778 81.1609 1.20468 113.477
172.301 3.80831 81.1705 1.18937 113.467
172.401 3.75884 81.1799 1.17406 113.458
172.501 3.70936 81.1893 1.15874 113.448
172.601 3.65989 81.1985 1.14342 113.439
172.701 3.61042 81.2076 1.12809 113.43
172.801 3.56095 81.2166 1.11276 113.421
172.901 3.51147 81.2254 1.09742 113.412
173.001 3.462 81.2342 1.08208 113.403
173.101 3.41253 81.2428 1.06673 113.395
173.201 3.36306 81.2513 1.05138 113.386
173.301 3.31358 81.2596 1.03602 113.378
173.401 3.26411 81.2679 1.02066 113.37
173.501 3.21464 81.276 1.00529 113.361
173.601 3.16517 81.284 0.989919 113.353
173.701 3.1157 81.2918 0.974542 113.346
173.801 3.06622 81.2996 0.959161 113.338
173.901 3.01675 81.3072 0.943776 113.33
174.001 2.96728 81.3147 0.928386 113.323
174.101 2.91781 81.3221 0.912992 113.315
174.201 2.86834 81.3293 0.897594 113.308
174.301 2.81887 81.3365 0.882192 113.301
174.401 2.7694 81.3435 0.866785 113.294
174.501 2.71993 81.3503 0.851375 113.287
174.601 2.67046 81.3571 0.83596 113.28
174.701 2.62098 81.3637 0.820542 113.274
174.801 2.57151 81.3702 0.80512 113.267
174.901 2.52204 81.3766 0.789695 113.261
175.001 2.47257 81.3829 0.774265 113.255
175.101 2.4231 81.389 0.758832 113.248
175.201 2.37363 81.395 0.743396 113.242
175.301 2.32416 81.4009 0.727956 113.237
175.402 2.27469 81.4067 0.712513 113.231
175.502 2.22522 81.4123 0.697066 113.225
175.602 2.17575 81.4179 0.681616 113.22
175.702 2.12628 81.4233 0.666163 113.214
175.802 2.07681 81.4285 0.650707 113.209
175.902 2.02734 81.4337 0.635248 113.204
176.002 1.97787 81.4387 0.619787 113.199
176.102 1.9284 81.4436 0.604322 113.194
176.202 1.87893 81.4484 0.588854 113.189
176.302 1.82946 81.453 0.573384 113.184
176.402 1.77999 81.4576 0.557911 113.18
176.502 1.73052 81.462 0.542435 113.175
176.602 1.68105 81.4662 0.526957 113.171
176.702 1.63159 81.4704 0.511477 113.167
176.802 1.58212 81.4744 0.495994 113.163
176.902 1.53265 81.4783 0.480509 113.159
177.002 1.48318 81.4821 0.465021 113.155
177.102 1.43371 81.4858 0.449532 113.152
177.202 1.38424 81.4893 0.43404 113.148
177.302 1.33477 81.4927 0.418547 113.145
177.402 1.2853 81.496 0.403051 113.141
177.502 1.23583 81.4992 0.387554 113.138
177.602 1.18636 81.5022 0.372055 113.135
177.702 1.13689 81.5051 0.356554 113.132
177.802 1.08743 81.5079 0.341051 113.13
177.902 1.03796 81.5106 0.325547 113.127
178.002 0.988488 81.5131 0.310041 113.124
178.102 0.939019 81.5156 0.294534 113.122
178.202 0.889551 81.5179 0.279026 113.12
178.302 0.840082 81.52 0.263516 113.117
178.402 0.790613 81.5221 0.248005 113.115
178.502 0.741145 81.524 0.232493 113.113
178.602 0.691676 81.5258 0.21698 113.112
178.702 0.642208 81.5275 0.201466 113.11
178.802 0.592739 81.529 0.185951 113.108
178.902 0.54327 81.5305 0.170435 113.107
179.002 0.493802 81.5318 0.154918 113.106
179.102 0.444333 81.5329 0.139401 113.105
179.202 0.394865 81.534 0.123882 113.103
179.302 0.345396 81.5349 0.108364 113.103
179.402 0.295928 81.5357 0.0928446 113.102
179.502 0.246459 81.5364 0.077325 113.101
179.602 0.196991 81.537 0.061805 113.1
179.702 0.147522 81.5374 0.0462847 113.1
179.802 0.0980539 81.5377 0.0307643 113.1
179.902 0.0485855 81.5379 0.0152436 113.1
