0 4.28401e-13 0.00529183 0 193.892
0.1 6.08191 0.00535291 0.0116431 193.892
0.2 12.0265 0.00553616 0.0232862 193.892
0.3 17.7139 0.00584158 0.0349293 193.892
0.4 23.0544 0.00626916 0.0465723 193.891
0.5 27.9926 0.00681891 0.0582151 193.891
0.6 32.505 0.00749082 0.0698579 193.89
0.7 36.5932 0.00828489 0.0815005 193.889
0.8 40.2764 0.00920111 0.093143 193.888
0.9 43.584 0.0102395 0.104785 193.887
1 46.55 0.0114 0.116427 193.886
1.1 49.2097 0.0126827 0.128069 193.885
1.2 51.597 0.0140875 0.139711 193.883
1.3 53.7435 0.0156145 0.151352 193.882
1.4 55.6775 0.0172636 0.162993 193.88
1.5 57.4243 0.0190349 0.174633 193.878
1.6 59.0061 0.0209282 0.186274 193.877
1.7 60.4424 0.0229437 0.197914 193.874
1.8 61.75 0.0250813 0.209553 193.872
1.9 62.9436 0.027341 0.221192 193.87
2 64.0358 0.0297228 0.232831 193.868
2.1 65.0379 0.0322267 0.244469 193.865
2.2 65.9595 0.0348526 0.256106 193.863
2.3 66.8089 0.0376007 0.267743 193.86
2.4 67.5935 0.0404708 0.27938 193.857
2.5 68.3197 0.043463 0.291016 193.854
2.6 68.9932 0.0465772 0.302651 193.851
2.7 69.619 0.0498135 0.314286 193.848
2.8 70.2014 0.0531718 0.32592 193.844
2.9 70.7445 0.0566521 0.337553 193.841
3 71.2515 0.0602545 0.349186 193.837
3.1 71.7257 0.0639788 0.360818 193.833
3.2 72.1697 0.0678251 0.372449 193.83
3.3 72.586 0.0717934 0.38408 193.826
3.4 72.9768 0.0758837 0.39571 193.822
3.5 73.3441 0.0800959 0.407338 193.817
3.6 73.6897 0.08443 0.418967 193.813
3.7 74.0152 0.0888861 0.430594 193.809
3.8 74.3221 0.0934641 0.44222 193.804
3.9 74.6117 0.098164 0.453845 193.799
4 74.8852 0.102986 0.46547 193.794
4.1 75.1436 0.107929 0.477093 193.79
4.2 75.3881 0.112995 0.488716 193.784
4.3 75.6194 0.118182 0.500337 193.779
4.4 75.8386 0.123491 0.511958 193.774
4.5 76.0462 0.128922 0.523577 193.769
4.6 76.2431 0.134475 0.535196 193.763
4.7 76.4299 0.14015 0.546813 193.757
4.8 76.6071 0.145946 0.558429 193.751
4.9 76.7754 0.151864 0.570044 193.746
5 76.9352 0.157904 0.581658 193.74
5.1 77.0871 0.164065 0.593271 193.733
5.2 77.2314 0.170348 0.604882 193.727
5.3 77.3686 0.176753 0.616492 193.721
5.4 77.4991 0.18328 0.628101 193.714
5.5 77.6232 0.189928 0.639709 193.708
5.6 77.7412 0.196697 0.651315 193.701
5.7 77.8535 0.203589 0.66292 193.694
5.8 77.9602 0.210601 0.674523 193.687
5.9 78.0618 0.217736 0.686126 193.68
6 78.1585 0.224992 0.697726 193.672
6.1 78.2504 0.232369 0.709326 193.665
6.2 78.3379 0.239868 0.720924 193.658
6.3 78.4211 0.247488 0.73252 193.65
6.4 78.5002 0.25523 0.744115 193.642
6.5 78.5753 0.263093 0.755708 193.634
6.6 78.6468 0.271077 0.7673 193.626
6.7 78.7147 0.279183 0.77889 193.618
6.8 78.7792 0.287411 0.790479 193.61
6.9 78.8404 0.295759 0.802066 193.602
7 78.8984 0.304229 0.813651 193.593
7.1 78.9535 0.31282 0.825235 193.585
7.2 79.0057 0.321532 0.836817 193.576
7.3 79.0551 0.330366 0.848397 193.567
7.4 79.1019 0.33932 0.859976 193.558
7.5 79.1461 0.348396 0.871553 193.549
7.6 79.1879 0.357593 0.883128 193.54
7.7 79.2273 0.366911 0.894701 193.531
7.79999 79.2644 0.37635 0.906272 193.521
7.89999 79.2994 0.38591 0.917841 193.512
7.99999 79.3322 0.395591 0.929409 193.502
8.09999 79.3631 0.405394 0.940975 193.492
8.2 79.3919 0.415317 0.952538 193.482
8.3 79.4189 0.425361 0.9641 193.472
8.4 79.4441 0.435526 0.97566 193.462
8.5 79.4675 0.445811 0.987218 193.452
8.6 79.4892 0.456218 0.998774 193.441
8.7 79.5092 0.466745 1.01033 193.431
8.8 79.5277 0.477394 1.02188 193.42
8.9 79.5447 0.488162 1.03343 193.409
9 79.5602 0.499052 1.04498 193.398
9.1 79.5742 0.510062 1.05652 193.387
9.2 79.5869 0.521193 1.06806 193.376
9.3 79.5982 0.532445 1.0796 193.365
9.4 79.6082 0.543817 1.09114 193.354
9.5 79.6169 0.555309 1.10268 193.342
9.6 79.6245 0.566922 1.11421 193.331
9.7 79.6308 0.578656 1.12575 193.319
9.8 79.636 0.59051 1.13728 193.307
9.9 79.6401 0.602484 1.1488 193.295
10 79.6431 0.614579 1.16033 193.283
10.1 79.6451 0.626794 1.17185 193.271
10.2 79.646 0.639129 1.18337 193.258
10.3 79.646 0.651585 1.19489 193.246
10.4 79.645 0.66416 1.2064 193.233
10.5 79.6431 0.676856 1.21791 193.221
10.6 79.6402 0.689672 1.22942 193.208
10.7 79.6365 0.702608 1.24093 193.195
10.8 79.6319 0.715664 1.25244 193.182
10.9 79.6265 0.72884 1.26394 193.169
11 79.6203 0.742136 1.27544 193.155
11.1 79.6133 0.755552 1.28694 193.142
11.2 79.6055 0.769088 1.29843 193.128
11.3 79.5969 0.782744 1.30992 193.115
11.4 79.5877 0.79652 1.32141 193.101
11.5 79.5777 0.810415 1.3329 193.087
11.6 79.567 0.82443 1.34438 193.073
11.7 79.5557 0.838565 1.35586 193.059
11.8 79.5437 0.852819 1.36734 193.045
11.9 79.531 0.867193 1.37882 193.03
12 79.5178 0.881686 1.39029 193.016
12.1 79.5039 0.896299 1.40176 193.001
12.2 79.4894 0.911031 1.41322 192.986
12.3 79.4744 0.925883 1.42469 192.972
12.4 79.4588 0.940854 1.43615 192.957
12.5 79.4426 0.955945 1.44761 192.941
12.6 79.4259 0.971155 1.45906 192.926
12.7 79.4087 0.986484 1.47051 192.911
12.8 79.3909 1.00193 1.48196 192.896
12.9 79.3727 1.0175 1.49341 192.88
13 79.3539 1.03319 1.50485 192.864
13.1 79.3347 1.04899 1.51629 192.848
13.2 79.315 1.06492 1.52772 192.833
13.3 79.2948 1.08096 1.53916 192.816
13.4 79.2742 1.09712 1.55059 192.8
13.5 79.2532 1.1134 1.56201 192.784
13.6 79.2317 1.1298 1.57344 192.768
13.7 79.2098 1.14632 1.58486 192.751
13.8 79.1875 1.16296 1.59627 192.734
13.9 79.1648 1.17971 1.60769 192.718
14 79.1417 1.19659 1.6191 192.701
14.1 79.1182 1.21358 1.63051 192.684
14.2 79.0944 1.23069 1.64191 192.667
14.3 79.0702 1.24792 1.65331 192.65
14.4 79.0456 1.26527 1.66471 192.632
14.5 79.0206 1.28274 1.6761 192.615
14.6 78.9953 1.30032 1.68749 192.597
14.7 78.9697 1.31803 1.69887 192.579
14.8 78.9437 1.33585 1.71026 192.562
14.9 78.9174 1.35379 1.72164 192.544
15 78.8908 1.37184 1.73301 192.526
15.1 78.8639 1.39002 1.74438 192.507
15.2 78.8367 1.40831 1.75575 192.489
15.3 78.8092 1.42672 1.76712 192.471
15.4 78.7813 1.44525 1.77848 192.452
15.5 78.7532 1.4639 1.78984 192.434
15.6 78.7248 1.48267 1.80119 192.415
15.7 78.6961 1.50155 1.81254 192.396
15.8 78.6672 1.52055 1.82389 192.377
15.9 78.638 1.53967 1.83523 192.358
16 78.6085 1.5589 1.84657 192.339
16.1 78.5787 1.57825 1.8579 192.319
16.2 78.5487 1.59772 1.86923 192.3
16.3 78.5185 1.61731 1.88056 192.28
16.4 78.488 1.63701 1.89188 192.26
16.5 78.4573 1.65684 1.9032 192.241
16.6 78.4263 1.67678 1.91452 192.221
16.7 78.3951 1.69683 1.92583 192.201
16.8 78.3637 1.717 1.93714 192.18
16.9 78.332 1.73729 1.94844 192.16
17 78.3002 1.7577 1.95974 192.14
17.1 78.2681 1.77822 1.97103 192.119
17.2 78.2358 1.79886 1.98232 192.099
17.3 78.2033 1.81962 1.99361 192.078
17.4 78.1706 1.84049 2.00489 192.057
17.5 78.1377 1.86149 2.01617 192.036
17.6 78.1046 1.88259 2.02745 192.015
17.7 78.0713 1.90382 2.03872 191.994
17.8 78.0378 1.92515 2.04998 191.972
17.9 78.0041 1.94661 2.06124 191.951
18 77.9702 1.96818 2.0725 191.929
18.1 77.9362 1.98987 2.08375 191.908
18.2 77.902 2.01168 2.095 191.886
18.3 77.8676 2.0336 2.10625 191.864
18.4 77.833 2.05563 2.11749 191.842
18.5 77.7983 2.07778 2.12872 191.82
18.6 77.7634 2.10005 2.13995 191.797
18.7 77.7283 2.12244 2.15118 191.775
18.8 77.6931 2.14494 2.1624 191.753
18.9 77.6577 2.16755 2.17362 191.73
19 77.6221 2.19028 2.18483 191.707
19.1 77.5864 2.21313 2.19604 191.684
19.2 77.5505 2.23609 2.20724 191.661
19.3 77.5145 2.25917 2.21844 191.638
19.4 77.4784 2.28236 2.22964 191.615
19.5 77.4421 2.30567 2.24083 191.592
19.6 77.4056 2.32909 2.25201 191.568
19.7 77.3691 2.35263 2.26319 191.545
19.8 77.3323 2.37628 2.27437 191.521
19.9 77.2955 2.40005 2.28554 191.497
20 77.2585 2.42394 2.29671 191.474
20.1 77.2214 2.44793 2.30787 191.45
20.2 77.1841 2.47205 2.31902 191.425
20.3 77.1467 2.49627 2.33018 191.401
20.4 77.1092 2.52061 2.34132 191.377
20.5 77.0716 2.54507 2.35247 191.352
20.6 77.0338 2.56964 2.3636 191.328
20.7 76.9959 2.59433 2.37473 191.303
20.8 76.9579 2.61913 2.38586 191.278
20.9 76.9198 2.64404 2.39698 191.253
21 76.8816 2.66907 2.4081 191.228
21.1 76.8432 2.69421 2.41921 191.203
21.2 76.8048 2.71946 2.43032 191.178
21.3 76.7662 2.74483 2.44142 191.153
21.4 76.7275 2.77032 2.45252 191.127
21.5 76.6887 2.79591 2.46361 191.102
21.6 76.6498 2.82163 2.4747 191.076
21.7 76.6108 2.84745 2.48578 191.05
21.8 76.5717 2.87339 2.49685 191.024
21.9 76.5325 2.89944 2.50792 190.998
22 76.4932 2.9256 2.51899 190.972
22.1 76.4538 2.95188 2.53005 190.946
22.2 76.4143 2.97827 2.54111 190.919
22.3 76.3747 3.00478 2.55215 190.893
22.4 76.335 3.03139 2.5632 190.866
22.5 76.2952 3.05812 2.57424 190.839
22.6 76.2553 3.08497 2.58527 190.812
22.7001 76.2153 3.11192 2.5963 190.786
22.8001 76.1753 3.13899 2.60732 190.758
22.9001 76.1351 3.16617 2.61834 190.731
23.0001 76.0949 3.19347 2.62935 190.704
23.1001 76.0545 3.22087 2.64036 190.677
23.2001 76.0141 3.24839 2.65136 190.649
23.3001 75.9736 3.27602 2.66235 190.621
23.4001 75.933 3.30377 2.67334 190.594
23.5001 75.8924 3.33162 2.68432 190.566
23.6001 75.8516 3.35959 2.6953 190.538
23.7001 75.8108 3.38767 2.70627 190.51
23.8001 75.7699 3.41586 2.71724 190.482
23.9001 75.7289 3.44416 2.7282 190.453
24.0001 75.6878 3.47258 2.73916 190.425
24.1001 75.6467 3.5011 2.75011 190.396
24.2001 75.6055 3.52974 2.76105 190.368
24.3001 75.5642 3.55849 2.77199 190.339
24.4001 75.5228 3.58735 2.78292 190.31
24.5001 75.4814 3.61632 2.79385 190.281
24.6001 75.4399 3.6454 2.80477 190.252
24.7001 75.3983 3.6746 2.81568 190.223
24.8001 75.3566 3.7039 2.82659 190.194
24.9001 75.3149 3.73332 2.83749 190.164
25.0001 75.2731 3.76285 2.84839 190.135
25.1001 75.2313 3.79248 2.85928 190.105
25.2001 75.1893 3.82223 2.87016 190.075
25.3001 75.1473 3.85209 2.88104 190.045
25.4001 75.1053 3.88206 2.89191 190.015
25.5001 75.0632 3.91214 2.90278 189.985
25.6001 75.021 3.94233 2.91364 189.955
25.7001 74.9787 3.97263 2.92449 189.925
25.8001 74.9364 4.00304 2.93534 189.894
25.9001 74.8941 4.03356 2.94618 189.864
26.0001 74.8516 4.06419 2.95701 189.833
26.1001 74.8091 4.09493 2.96784 189.803
26.2001 74.7666 4.12578 2.97866 189.772
26.3001 74.724 4.15673 2.98948 189.741
26.4001 74.6813 4.1878 3.00029 189.71
26.5001 74.6386 4.21898 3.01109 189.678
26.6001 74.5958 4.25027 3.02189 189.647
26.7001 74.553 4.28166 3.03268 189.616
26.8001 74.5101 4.31317 3.04346 189.584
26.9001 74.4671 4.34478 3.05424 189.553
27.0001 74.4241 4.37651 3.06501 189.521
27.1001 74.3811 4.40834 3.07578 189.489
27.2001 74.338 4.44028 3.08654 189.457
27.3001 74.2948 4.47233 3.09729 189.425
27.4001 74.2516 4.50449 3.10803 189.393
27.5001 74.2083 4.53676 3.11877 189.361
27.6001 74.165 4.56913 3.1295 189.328
27.7001 74.1216 4.60162 3.14023 189.296
27.8001 74.0782 4.63421 3.15095 189.263
27.9001 74.0348 4.66691 3.16166 189.231
28.0001 73.9912 4.69971 3.17236 189.198
28.1001 73.9477 4.73263 3.18306 189.165
28.2001 73.9041 4.76565 3.19375 189.132
28.3001 73.8604 4.79878 3.20444 189.099
28.4001 73.8167 4.83202 3.21511 189.065
28.5001 73.773 4.86537 3.22579 189.032
28.6001 73.7292 4.89882 3.23645 188.999
28.7001 73.6853 4.93238 3.24711 188.965
28.8001 73.6414 4.96605 3.25776 188.931
28.9001 73.5975 4.99983 3.2684 188.898
29.0001 73.5536 5.03371 3.27904 188.864
29.1001 73.5095 5.0677 3.28967 188.83
29.2001 73.4655 5.10179 3.30029 188.796
29.3001 73.4214 5.13599 3.3109 188.761
29.4001 73.3772 5.1703 3.32151 188.727
29.5001 73.3331 5.20472 3.33211 188.693
29.6001 73.2888 5.23924 3.34271 188.658
29.7001 73.2446 5.27387 3.35329 188.624
29.8001 73.2003 5.3086 3.36387 188.589
29.9001 73.1559 5.34344 3.37444 188.554
30.0001 73.1115 5.37839 3.38501 188.519
30.1001 73.0671 5.41344 3.39557 188.484
30.2001 73.0227 5.44859 3.40612 188.449
30.3001 72.9782 5.48386 3.41666 188.414
30.4001 72.9336 5.51922 3.4272 188.378
30.5001 72.889 5.5547 3.43773 188.343
30.6001 72.8444 5.59028 3.44825 188.307
30.7001 72.7998 5.62596 3.45876 188.271
30.8001 72.7551 5.66175 3.46927 188.236
30.9001 72.7104 5.69764 3.47977 188.2
31.0001 72.6656 5.73364 3.49026 188.164
31.1001 72.6208 5.76975 3.50074 188.128
31.2001 72.576 5.80595 3.51122 188.091
31.3001 72.5312 5.84227 3.52169 188.055
31.4001 72.4863 5.87868 3.53215 188.019
31.5001 72.4413 5.91521 3.5426 187.982
31.6001 72.3964 5.95183 3.55305 187.946
31.7001 72.3514 5.98856 3.56349 187.909
31.8001 72.3063 6.02539 3.57392 187.872
31.9001 72.2613 6.06233 3.58434 187.835
32.0001 72.2162 6.09937 3.59476 187.798
32.1001 72.1711 6.13651 3.60516 187.761
32.2001 72.1259 6.17376 3.61556 187.724
32.3001 72.0807 6.21111 3.62596 187.686
32.4001 72.0355 6.24857 3.63634 187.649
32.5001 71.9903 6.28612 3.64672 187.611
32.6001 71.945 6.32378 3.65708 187.574
32.7001 71.8997 6.36155 3.66745 187.536
32.8001 71.8543 6.39941 3.6778 187.498
32.9001 71.809 6.43738 3.68814 187.46
33.0001 71.7636 6.47545 3.69848 187.422
33.1001 71.7181 6.51363 3.70881 187.384
33.2001 71.6727 6.5519 3.71913 187.346
33.3001 71.6272 6.59028 3.72944 187.307
33.4001 71.5817 6.62876 3.73975 187.269
33.5001 71.5361 6.66734 3.75004 187.23
33.6001 71.4906 6.70603 3.76033 187.191
33.7001 71.445 6.74481 3.77061 187.153
33.8001 71.3994 6.7837 3.78088 187.114
33.9001 71.3537 6.82269 3.79115 187.075
34.0001 71.308 6.86178 3.8014 187.036
34.1001 71.2623 6.90097 3.81165 186.996
34.2001 71.2166 6.94026 3.82189 186.957
34.3 71.1708 6.97966 3.83212 186.918
34.4 71.125 7.01915 3.84234 186.878
34.5 71.0792 7.05875 3.85256 186.839
34.6 71.0334 7.09844 3.86276 186.799
34.7 70.9875 7.13824 3.87296 186.759
34.8 70.9417 7.17814 3.88315 186.719
34.9 70.8958 7.21814 3.89333 186.679
35 70.8498 7.25823 3.9035 186.639
35.1 70.8039 7.29843 3.91367 186.599
35.2 70.7579 7.33873 3.92382 186.559
35.3 70.7119 7.37913 3.93397 186.518
35.4 70.6658 7.41963 3.94411 186.478
35.5 70.6198 7.46022 3.95424 186.437
35.6 70.5737 7.50092 3.96436 186.397
35.7 70.5276 7.54171 3.97447 186.356
35.8 70.4815 7.58261 3.98457 186.315
35.9 70.4354 7.6236 3.99467 186.274
36 70.3892 7.6647 4.00476 186.233
36.1 70.343 7.70589 4.01483 186.192
36.2 70.2968 7.74718 4.0249 186.15
36.3 70.2506 7.78857 4.03496 186.109
36.4 70.2043 7.83005 4.04501 186.067
36.5 70.158 7.87164 4.05506 186.026
36.6 70.1117 7.91332 4.06509 185.984
36.7 70.0654 7.95511 4.07511 185.942
36.8 70.0191 7.99699 4.08513 185.9
36.9 69.9727 8.03896 4.09514 185.858
37 69.9263 8.08104 4.10513 185.816
37.1 69.8799 8.12321 4.11512 185.774
37.2 69.8335 8.16548 4.1251 185.732
37.3 69.7871 8.20785 4.13507 185.69
37.4 69.7406 8.25032 4.14504 185.647
37.5 69.6941 8.29288 4.15499 185.605
37.6 69.6476 8.33554 4.16493 185.562
37.7 69.6011 8.37829 4.17487 185.519
37.8 69.5546 8.42115 4.18479 185.476
37.9 69.508 8.4641 4.19471 185.433
38 69.4614 8.50714 4.20461 185.39
38.1 69.4148 8.55028 4.21451 185.347
38.2 69.3682 8.59352 4.2244 185.304
38.3 69.3216 8.63685 4.23428 185.261
38.4 69.2749 8.68028 4.24415 185.217
38.5 69.2283 8.72381 4.25401 185.174
38.6 69.1816 8.76743 4.26386 185.13
38.7 69.1349 8.81115 4.2737 185.086
38.8 69.0881 8.85496 4.28354 185.042
38.9 69.0414 8.89887 4.29336 184.999
39 68.9946 8.94287 4.30317 184.955
39.1 68.9479 8.98696 4.31298 184.91
39.2 68.9011 9.03116 4.32277 184.866
39.3 68.8543 9.07544 4.33256 184.822
39.4 68.8074 9.11982 4.34233 184.778
39.5 68.7606 9.1643 4.3521 184.733
39.6 68.7137 9.20887 4.36185 184.689
39.7 68.6668 9.25353 4.3716 184.644
39.8 68.6199 9.29829 4.38134 184.599
39.9 68.573 9.34314 4.39106 184.554
40 68.5261 9.38809 4.40078 184.509
40.1 68.4792 9.43313 4.41049 184.464
40.2 68.4322 9.47826 4.42019 184.419
40.3 68.3852 9.52349 4.42988 184.374
40.4 68.3382 9.5688 4.43955 184.329
40.5 68.2912 9.61422 4.44922 184.283
40.6 68.2442 9.65972 4.45888 184.238
40.7 68.1972 9.70532 4.46853 184.192
40.7999 68.1501 9.75101 4.47817 184.146
40.8999 68.1031 9.79679 4.4878 184.101
40.9999 68.056 9.84267 4.49742 184.055
41.0999 68.0089 9.88863 4.50703 184.009
41.1999 67.9618 9.93469 4.51663 183.963
41.2999 67.9146 9.98084 4.52622 183.917
41.3999 67.8675 10.0271 4.53579 183.87
41.4999 67.8204 10.0734 4.54536 183.824
41.5999 67.7732 10.1198 4.55492 183.778
41.6999 67.726 10.1664 4.56447 183.731
41.7999 67.6788 10.213 4.57401 183.684
41.8999 67.6316 10.2597 4.58354 183.638
41.9999 67.5844 10.3065 4.59306 183.591
42.0999 67.5371 10.3533 4.60256 183.544
42.1999 67.4899 10.4003 4.61206 183.497
42.2999 67.4426 10.4474 4.62155 183.45
42.3999 67.3953 10.4945 4.63103 183.403
42.4999 67.348 10.5418 4.64049 183.356
42.5999 67.3007 10.5891 4.64995 183.308
42.6999 67.2534 10.6365 4.6594 183.261
42.7999 67.2061 10.684 4.66883 183.213
42.8999 67.1587 10.7316 4.67826 183.166
42.9999 67.1114 10.7793 4.68767 183.118
43.0999 67.064 10.8271 4.69707 183.07
43.1999 67.0166 10.875 4.70647 183.022
43.2999 66.9692 10.923 4.71585 182.974
43.3999 66.9218 10.971 4.72522 182.926
43.4999 66.8744 11.0191 4.73459 182.878
43.5999 66.827 11.0674 4.74394 182.83
43.6999 66.7795 11.1157 4.75328 182.782
43.7999 66.7321 11.1641 4.76261 182.733
43.8999 66.6846 11.2126 4.77193 182.685
43.9999 66.6371 11.2612 4.78124 182.636
44.0999 66.5896 11.3098 4.79054 182.588
44.1999 66.5421 11.3586 4.79982 182.539
44.2999 66.4946 11.4074 4.8091 182.49
44.3999 66.4471 11.4563 4.81836 182.441
44.4999 66.3995 11.5054 4.82762 182.392
44.5999 66.352 11.5545 4.83686 182.343
44.6999 66.3044 11.6037 4.8461 182.294
44.7999 66.2568 11.6529 4.85532 182.245
44.8999 66.2093 11.7023 4.86453 182.195
44.9999 66.1617 11.7518 4.87373 182.146
45.0999 66.1141 11.8013 4.88292 182.096
45.1999 66.0664 11.8509 4.8921 182.047
45.2999 66.0188 11.9006 4.90127 181.997
45.3999 65.9712 11.9504 4.91042 181.947
45.4999 65.9235 12.0003 4.91957 181.897
45.5999 65.8759 12.0503 4.9287 181.847
45.6999 65.8282 12.1003 4.93782 181.797
45.7999 65.7805 12.1505 4.94694 181.747
45.8999 65.7328 12.2007 4.95604 181.697
45.9999 65.6851 12.251 4.96513 181.646
46.0999 65.6374 12.3014 4.9742 181.596
46.1999 65.5897 12.3519 4.98327 181.546
46.2999 65.542 12.4024 4.99233 181.495
46.3999 65.4942 12.4531 5.00137 181.444
46.4999 65.4465 12.5038 5.0104 181.394
46.5999 65.3987 12.5546 5.01942 181.343
46.6999 65.3509 12.6055 5.02843 181.292
46.7999 65.3031 12.6565 5.03743 181.241
46.8999 65.2553 12.7076 5.04642 181.19
46.9999 65.2075 12.7587 5.0554 181.139
47.0999 65.1597 12.8099 5.06436 181.087
47.1999 65.1119 12.8613 5.07331 181.036
47.2999 65.0641 12.9127 5.08225 180.985
47.3998 65.0162 12.9641 5.09118 180.933
47.4998 64.9684 13.0157 5.1001 180.882
47.5998 64.9205 13.0674 5.10901 180.83
47.6998 64.8727 13.1191 5.1179 180.778
47.7998 64.8248 13.1709 5.12679 180.727
47.8998 64.7769 13.2228 5.13566 180.675
47.9998 64.729 13.2748 5.14452 180.623
48.0998 64.6811 13.3268 5.15337 180.571
48.1998 64.6332 13.379 5.1622 180.518
48.2998 64.5853 13.4312 5.17103 180.466
48.3998 64.5373 13.4835 5.17984 180.414
48.4998 64.4894 13.5359 5.18864 180.362
48.5998 64.4415 13.5883 5.19743 180.309
48.6998 64.3935 13.6409 5.20621 180.257
48.7998 64.3455 13.6935 5.21497 180.204
48.8998 64.2976 13.7462 5.22372 180.151
48.9998 64.2496 13.799 5.23246 180.098
49.0998 64.2016 13.8519 5.24119 180.046
49.1998 64.1536 13.9048 5.24991 179.993
49.2998 64.1056 13.9578 5.25862 179.94
49.3998 64.0576 14.0109 5.26731 179.887
49.4998 64.0096 14.0641 5.27599 179.833
49.5998 63.9615 14.1174 5.28466 179.78
49.6998 63.9135 14.1707 5.29332 179.727
49.7998 63.8654 14.2242 5.30196 179.673
49.8998 63.8174 14.2777 5.31059 179.62
49.9998 63.7693 14.3312 5.31921 179.566
50.0998 63.7213 14.3849 5.32782 179.513
50.1998 63.6732 14.4386 5.33642 179.459
50.2998 63.6251 14.4924 5.345 179.405
50.3998 63.577 14.5463 5.35357 179.351
50.4998 63.5289 14.6003 5.36213 179.297
50.5998 63.4808 14.6544 5.37067 179.243
50.6998 63.4327 14.7085 5.37921 179.189
50.7998 63.3846 14.7627 5.38773 179.135
50.8998 63.3364 14.817 5.39624 179.08
50.9998 63.2883 14.8713 5.40474 179.026
51.0998 63.2402 14.9258 5.41322 178.972
51.1998 63.192 14.9803 5.42169 178.917
51.2998 63.1438 15.0349 5.43015 178.863
51.3998 63.0957 15.0895 5.4386 178.808
51.4998 63.0475 15.1443 5.44703 178.753
51.5998 62.9993 15.1991 5.45545 178.698
51.6998 62.9511 15.254 5.46386 178.643
51.7998 62.9029 15.3089 5.47225 178.588
51.8998 62.8547 15.364 5.48064 178.533
51.9998 62.8065 15.4191 5.48901 178.478
52.0998 62.7583 15.4743 5.49737 178.423
52.1998 62.7101 15.5296 5.50571 178.368
52.2998 62.6619 15.5849 5.51404 178.313
52.3998 62.6136 15.6403 5.52236 178.257
52.4998 62.5654 15.6958 5.53067 178.202
52.5998 62.5171 15.7514 5.53896 178.146
52.6998 62.4689 15.807 5.54724 178.09
52.7998 62.4206 15.8628 5.55551 178.035
52.8998 62.3724 15.9185 5.56376 177.979
52.9998 62.3241 15.9744 5.57201 177.923
53.0998 62.2758 16.0303 5.58023 177.867
53.1998 62.2275 16.0864 5.58845 177.811
53.2998 62.1792 16.1424 5.59665 177.755
53.3998 62.1309 16.1986 5.60484 177.699
53.4998 62.0826 16.2548 5.61302 177.643
53.5998 62.0343 16.3111 5.62118 177.586
53.6998 61.986 16.3675 5.62933 177.53
53.7998 61.9377 16.424 5.63747 177.473
53.8997 61.8893 16.4805 5.64559 177.417
53.9997 61.841 16.5371 5.6537 177.36
54.0997 61.7927 16.5937 5.6618 177.304
54.1997 61.7443 16.6505 5.66988 177.247
54.2997 61.696 16.7073 5.67795 177.19
54.3997 61.6476 16.7641 5.68601 177.133
54.4997 61.5992 16.8211 5.69405 177.076
54.5997 61.5509 16.8781 5.70208 177.019
54.6997 61.5025 16.9352 5.7101 176.962
54.7997 61.4541 16.9924 5.7181 176.905
54.8997 61.4057 17.0496 5.72609 176.848
54.9997 61.3573 17.1069 5.73407 176.791
55.0997 61.3089 17.1643 5.74203 176.733
55.1997 61.2605 17.2217 5.74998 176.676
55.2997 61.2121 17.2792 5.75792 176.618
55.3997 61.1637 17.3368 5.76584 176.561
55.4997 61.1153 17.3945 5.77375 176.503
55.5997 61.0668 17.4522 5.78165 176.445
55.6997 61.0184 17.51 5.78953 176.387
55.7997 60.97 17.5678 5.7974 176.33
55.8997 60.9215 17.6258 5.80525 176.272
55.9997 60.8731 17.6837 5.81309 176.214
56.0997 60.8246 17.7418 5.82092 176.156
56.1997 60.7761 17.7999 5.82873 176.097
56.2997 60.7277 17.8581 5.83653 176.039
56.3997 60.6792 17.9164 5.84431 175.981
56.4997 60.6307 17.9747 5.85208 175.923
56.5997 60.5823 18.0331 5.85984 175.864
56.6997 60.5338 18.0916 5.86758 175.806
56.7997 60.4853 18.1501 5.87531 175.747
56.8997 60.4368 18.2087 5.88303 175.689
56.9997 60.3883 18.2674 5.89073 175.63
57.0997 60.3398 18.3262 5.89842 175.571
57.1997 60.2913 18.385 5.90609 175.512
57.2997 60.2428 18.4438 5.91375 175.454
57.3997 60.1942 18.5028 5.9214 175.395
57.4997 60.1457 18.5618 5.92903 175.336
57.5997 60.0972 18.6208 5.93664 175.277
57.6997 60.0486 18.68 5.94425 175.217
57.7997 60.0001 18.7392 5.95184 175.158
57.8997 59.9516 18.7984 5.95941 175.099
57.9997 59.903 18.8577 5.96697 175.04
58.0997 59.8545 18.9171 5.97452 174.98
58.1997 59.8059 18.9766 5.98205 174.921
58.2997 59.7573 19.0361 5.98956 174.861
58.3997 59.7088 19.0957 5.99707 174.802
58.4997 59.6602 19.1553 6.00456 174.742
58.5997 59.6116 19.2151 6.01203 174.682
58.6997 59.563 19.2748 6.01949 174.623
58.7997 59.5145 19.3347 6.02693 174.563
58.8997 59.4659 19.3946 6.03437 174.503
58.9997 59.4173 19.4545 6.04178 174.443
59.0997 59.3687 19.5146 6.04918 174.383
59.1997 59.3201 19.5747 6.05657 174.323
59.2997 59.2715 19.6348 6.06394 174.263
59.3997 59.2229 19.695 6.0713 174.202
59.4997 59.1742 19.7553 6.07864 174.142
59.5997 59.1256 19.8157 6.08597 174.082
59.6997 59.077 19.8761 6.09329 174.021
59.7997 59.0284 19.9365 6.10059 173.961
59.8997 58.9797 19.9971 6.10787 173.9
59.9997 58.9311 20.0576 6.11514 173.84
60.0997 58.8825 20.1183 6.1224 173.779
60.1997 58.8338 20.179 6.12964 173.718
60.2997 58.7852 20.2398 6.13686 173.658
60.3997 58.7365 20.3006 6.14407 173.597
60.4996 58.6879 20.3615 6.15127 173.536
60.5996 58.6392 20.4224 6.15845 173.475
60.6996 58.5905 20.4834 6.16561 173.414
60.7996 58.5419 20.5445 6.17276 173.353
60.8996 58.4932 20.6056 6.1799 173.292
60.9996 58.4445 20.6668 6.18702 173.231
61.0996 58.3958 20.7281 6.19413 173.169
61.1996 58.3472 20.7894 6.20122 173.108
61.2996 58.2985 20.8508 6.20829 173.047
61.3996 58.2498 20.9122 6.21535 172.985
61.4996 58.2011 20.9737 6.2224 172.924
61.5996 58.1524 21.0352 6.22943 172.862
61.6996 58.1037 21.0968 6.23644 172.801
61.7996 58.055 21.1585 6.24344 172.739
61.8996 58.0063 21.2202 6.25043 172.677
61.9996 57.9576 21.282 6.2574 172.615
62.0996 57.9088 21.3438 6.26435 172.554
62.1996 57.8601 21.4057 6.27129 172.492
62.2996 57.8114 21.4676 6.27821 172.43
62.3996 57.7627 21.5296 6.28512 172.368
62.4996 57.7139 21.5917 6.29201 172.306
62.5996 57.6652 21.6538 6.29889 172.244
62.6996 57.6165 21.716 6.30575 172.181
62.7996 57.5677 21.7782 6.3126 172.119
62.8996 57.519 21.8405 6.31943 172.057
62.9996 57.4702 21.9028 6.32625 171.995
63.0996 57.4215 21.9652 6.33305 171.932
63.1996 57.3727 22.0277 6.33983 171.87
63.2996 57.324 22.0902 6.3466 171.807
63.3996 57.2752 22.1527 6.35335 171.745
63.4996 57.2264 22.2153 6.36009 171.682
63.5996 57.1777 22.278 6.36681 171.619
63.6996 57.1289 22.3407 6.37352 171.557
63.7996 57.0801 22.4035 6.38021 171.494
63.8996 57.0313 22.4663 6.38688 171.431
63.9996 56.9826 22.5292 6.39354 171.368
64.0996 56.9338 22.5922 6.40018 171.305
64.1996 56.885 22.6552 6.40681 171.242
64.2996 56.8362 22.7182 6.41342 171.179
64.3996 56.7874 22.7813 6.42002 171.116
64.4996 56.7386 22.8444 6.4266 171.053
64.5996 56.6898 22.9077 6.43316 170.99
64.6996 56.641 22.9709 6.43971 170.927
64.7996 56.5922 23.0342 6.44624 170.863
64.8996 56.5434 23.0976 6.45276 170.8
64.9996 56.4946 23.161 6.45925 170.736
65.0996 56.4458 23.2244 6.46574 170.673
65.1996 56.3969 23.288 6.47221 170.609
65.2996 56.3481 23.3515 6.47866 170.546
65.3996 56.2993 23.4151 6.48509 170.482
65.4996 56.2505 23.4788 6.49151 170.419
65.5996 56.2016 23.5425 6.49792 170.355
65.6996 56.1528 23.6063 6.5043 170.291
65.7996 56.104 23.6701 6.51067 170.227
65.8996 56.0551 23.734 6.51703 170.163
65.9996 56.0063 23.7979 6.52337 170.1
66.0996 55.9574 23.8619 6.52969 170.036
66.1996 55.9086 23.9259 6.53599 169.972
66.2996 55.8597 23.99 6.54228 169.907
66.3996 55.8109 24.0541 6.54856 169.843
66.4996 55.762 24.1182 6.55481 169.779
66.5996 55.7132 24.1825 6.56105 169.715
66.6996 55.6643 24.2467 6.56728 169.651
66.7996 55.6154 24.311 6.57348 169.586
66.8996 55.5666 24.3754 6.57967 169.522
66.9995 55.5177 24.4398 6.58585 169.458
67.0995 55.4688 24.5043 6.59201 169.393
67.1995 55.42 24.5688 6.59815 169.329
67.2995 55.3711 24.6333 6.60427 169.264
67.3995 55.3222 24.6979 6.61038 169.2
67.4995 55.2733 24.7625 6.61647 169.135
67.5995 55.2244 24.8272 6.62254 169.07
67.6995 55.1755 24.892 6.6286 169.005
67.7995 55.1267 24.9568 6.63464 168.941
67.8995 55.0778 25.0216 6.64067 168.876
67.9995 55.0289 25.0865 6.64668 168.811
68.0995 54.98 25.1514 6.65267 168.746
68.1995 54.9311 25.2163 6.65864 168.681
68.2995 54.8822 25.2814 6.6646 168.616
68.3995 54.8333 25.3464 6.67054 168.551
68.4995 54.7843 25.4115 6.67646 168.486
68.5995 54.7354 25.4767 6.68237 168.421
68.6995 54.6865 25.5419 6.68826 168.356
68.7995 54.6376 25.6071 6.69413 168.29
68.8995 54.5887 25.6724 6.69999 168.225
68.9995 54.5398 25.7377 6.70582 168.16
69.0995 54.4909 25.8031 6.71165 168.094
69.1995 54.4419 25.8685 6.71745 168.029
69.2995 54.393 25.9339 6.72324 167.964
69.3995 54.3441 25.9994 6.72901 167.898
69.4995 54.2951 26.065 6.73476 167.832
69.5995 54.2462 26.1306 6.7405 167.767
69.6995 54.1973 26.1962 6.74622 167.701
69.7995 54.1483 26.2619 6.75192 167.636
69.8995 54.0994 26.3276 6.7576 167.57
69.9995 54.0504 26.3933 6.76327 167.504
70.0995 54.0015 26.4591 6.76892 167.438
70.1995 53.9526 26.525 6.77455 167.372
70.2995 53.9036 26.5908 6.78017 167.307
70.3995 53.8547 26.6567 6.78576 167.241
70.4995 53.8057 26.7227 6.79135 167.175
70.5995 53.7567 26.7887 6.79691 167.109
70.6995 53.7078 26.8548 6.80245 167.043
70.7995 53.6588 26.9208 6.80798 166.977
70.8995 53.6099 26.987 6.81349 166.91
70.9995 53.5609 27.0531 6.81899 166.844
71.0995 53.5119 27.1193 6.82446 166.778
71.1995 53.463 27.1856 6.82992 166.712
71.2995 53.414 27.2518 6.83536 166.646
71.3995 53.365 27.3182 6.84078 166.579
71.4995 53.3161 27.3845 6.84619 166.513
71.5995 53.2671 27.4509 6.85158 166.447
71.6995 53.2181 27.5174 6.85695 166.38
71.7995 53.1691 27.5838 6.8623 166.314
71.8995 53.1201 27.6503 6.86763 166.247
71.9995 53.0712 27.7169 6.87295 166.181
72.0995 53.0222 27.7835 6.87825 166.114
72.1995 52.9732 27.8501 6.88353 166.047
72.2995 52.9242 27.9168 6.88879 165.981
72.3995 52.8752 27.9835 6.89404 165.914
72.4995 52.8262 28.0502 6.89927 165.847
72.5995 52.7772 28.117 6.90448 165.78
72.6995 52.7282 28.1838 6.90967 165.714
72.7995 52.6792 28.2506 6.91484 165.647
72.8995 52.6302 28.3175 6.92 165.58
72.9995 52.5812 28.3844 6.92514 165.513
73.0995 52.5322 28.4514 6.93026 165.446
73.1995 52.4832 28.5184 6.93536 165.379
73.2995 52.4342 28.5854 6.94044 165.312
73.3995 52.3852 28.6525 6.94551 165.245
73.4995 52.3362 28.7196 6.95055 165.178
73.5994 52.2872 28.7867 6.95558 165.111
73.6994 52.2381 28.8539 6.96059 165.044
73.7994 52.1891 28.9211 6.96559 164.976
73.8994 52.1401 28.9883 6.97056 164.909
73.9994 52.0911 29.0556 6.97552 164.842
74.0994 52.0421 29.1229 6.98046 164.775
74.1994 51.993 29.1902 6.98538 164.707
74.2994 51.944 29.2576 6.99028 164.64
74.3994 51.895 29.325 6.99516 164.572
74.4994 51.846 29.3924 7.00003 164.505
74.5994 51.7969 29.4599 7.00487 164.438
74.6994 51.7479 29.5274 7.0097 164.37
74.7994 51.6989 29.5949 7.01451 164.303
74.8994 51.6498 29.6625 7.0193 164.235
74.9994 51.6008 29.73 7.02408 164.167
75.0994 51.5517 29.7977 7.02883 164.1
75.1994 51.5027 29.8653 7.03357 164.032
75.2994 51.4537 29.933 7.03828 163.964
75.3994 51.4046 30.0007 7.04298 163.897
75.4994 51.3556 30.0685 7.04766 163.829
75.5994 51.3065 30.1363 7.05233 163.761
75.6994 51.2575 30.2041 7.05697 163.693
75.7994 51.2084 30.2719 7.06159 163.626
75.8994 51.1594 30.3398 7.0662 163.558
75.9994 51.1103 30.4077 7.07078 163.49
76.0994 51.0613 30.4756 7.07535 163.422
76.1994 51.0122 30.5436 7.0799 163.354
76.2994 50.9632 30.6116 7.08443 163.286
76.3994 50.9141 30.6796 7.08894 163.218
76.4994 50.865 30.7476 7.09344 163.15
76.5994 50.816 30.8157 7.09791 163.082
76.6994 50.7669 30.8838 7.10237 163.014
76.7994 50.7179 30.952 7.1068 162.945
76.8994 50.6688 31.0201 7.11122 162.877
76.9994 50.6197 31.0883 7.11562 162.809
77.0994 50.5706 31.1565 7.12 162.741
77.1994 50.5216 31.2248 7.12436 162.673
77.2994 50.4725 31.293 7.1287 162.604
77.3994 50.4234 31.3613 7.13302 162.536
77.4994 50.3744 31.4297 7.13732 162.468
77.5994 50.3253 31.498 7.14161 162.399
77.6994 50.2762 31.5664 7.14587 162.331
77.7994 50.2271 31.6348 7.15012 162.263
77.8994 50.1781 31.7032 7.15435 162.194
77.9994 50.129 31.7717 7.15855 162.126
78.0994 50.0799 31.8401 7.16274 162.057
78.1994 50.0308 31.9086 7.16691 161.989
78.2994 49.9817 31.9772 7.17106 161.92
78.3994 49.9326 32.0457 7.17519 161.852
78.4994 49.8835 32.1143 7.1793 161.783
78.5994 49.8345 32.1829 7.18339 161.715
78.6994 49.7854 32.2515 7.18747 161.646
78.7994 49.7363 32.3202 7.19152 161.577
78.8994 49.6872 32.3889 7.19555 161.509
78.9994 49.6381 32.4576 7.19957 161.44
79.0994 49.589 32.5263 7.20356 161.371
79.1994 49.5399 32.595 7.20754 161.302
79.2994 49.4908 32.6638 7.21149 161.234
79.3994 49.4417 32.7326 7.21543 161.165
79.4994 49.3926 32.8014 7.21935 161.096
79.5994 49.3435 32.8702 7.22325 161.027
79.6994 49.2944 32.9391 7.22712 160.958
79.7994 49.2453 33.008 7.23098 160.889
79.8994 49.1962 33.0769 7.23482 160.821
79.9994 49.1471 33.1458 7.23864 160.752
80.0993 49.098 33.2147 7.24244 160.683
80.1993 49.0489 33.2837 7.24622 160.614
80.2993 48.9998 33.3527 7.24998 160.545
80.3993 48.9507 33.4217 7.25372 160.476
80.4993 48.9016 33.4907 7.25744 160.407
80.5993 48.8524 33.5597 7.26114 160.338
80.6993 48.8033 33.6288 7.26482 160.269
80.7993 48.7542 33.6979 7.26848 160.2
80.8993 48.7051 33.767 7.27212 160.13
80.9993 48.656 33.8361 7.27574 160.061
81.0993 48.6069 33.9053 7.27934 159.992
81.1993 48.5577 33.9744 7.28292 159.923
81.2993 48.5086 34.0436 7.28648 159.854
81.3993 48.4595 34.1128 7.29002 159.785
81.4993 48.4104 34.182 7.29355 159.715
81.5993 48.3613 34.2513 7.29705 159.646
81.6993 48.3121 34.3205 7.30053 159.577
81.7993 48.263 34.3898 7.30399 159.508
81.8993 48.2139 34.4591 7.30743 159.438
81.9993 48.1648 34.5284 7.31085 159.369
82.0993 48.1156 34.5977 7.31425 159.3
82.1993 48.0665 34.667 7.31763 159.23
82.2993 48.0174 34.7364 7.32099 159.161
82.3993 47.9683 34.8058 7.32433 159.092
82.4993 47.9191 34.8752 7.32765 159.022
82.5993 47.87 34.9446 7.33095 158.953
82.6993 47.8209 35.014 7.33423 158.883
82.7993 47.7717 35.0834 7.33749 158.814
82.8993 47.7226 35.1529 7.34073 158.745
82.9993 47.6735 35.2223 7.34395 158.675
83.0993 47.6243 35.2918 7.34715 158.606
83.1993 47.5752 35.3613 7.35032 158.536
83.2993 47.526 35.4308 7.35348 158.467
83.3993 47.4769 35.5003 7.35662 158.397
83.4993 47.4278 35.5699 7.35973 158.328
83.5993 47.3786 35.6394 7.36283 158.258
83.6993 47.3295 35.709 7.36591 158.188
83.7993 47.2803 35.7786 7.36896 158.119
83.8993 47.2312 35.8482 7.372 158.049
83.9993 47.182 35.9178 7.37501 157.98
84.0993 47.1329 35.9874 7.378 157.91
84.1993 47.0838 36.057 7.38098 157.84
84.2993 47.0346 36.1267 7.38393 157.771
84.3993 46.9855 36.1963 7.38686 157.701
84.4993 46.9363 36.266 7.38977 157.631
84.5993 46.8872 36.3357 7.39266 157.562
84.6993 46.838 36.4054 7.39553 157.492
84.7993 46.7889 36.4751 7.39838 157.422
84.8993 46.7397 36.5448 7.40121 157.353
84.9993 46.6906 36.6145 7.40401 157.283
85.0993 46.6414 36.6842 7.4068 157.213
85.1993 46.5923 36.754 7.40957 157.143
85.2993 46.5431 36.8237 7.41231 157.074
85.3993 46.4939 36.8935 7.41503 157.004
85.4993 46.4448 36.9633 7.41774 156.934
85.5993 46.3956 37.0331 7.42042 156.864
85.6993 46.3465 37.1029 7.42308 156.795
85.7993 46.2973 37.1727 7.42572 156.725
85.8993 46.2482 37.2425 7.42834 156.655
85.9993 46.199 37.3123 7.43094 156.585
86.0993 46.1498 37.3821 7.43351 156.515
86.1993 46.1007 37.452 7.43607 156.445
86.2993 46.0515 37.5218 7.4386 156.376
86.3993 46.0023 37.5917 7.44112 156.306
86.4993 45.9532 37.6615 7.44361 156.236
86.5993 45.904 37.7314 7.44608 156.166
86.6992 45.8549 37.8013 7.44853 156.096
86.7992 45.8057 37.8711 7.45096 156.026
86.8992 45.7565 37.941 7.45337 155.956
86.9992 45.7074 38.0109 7.45576 155.887
87.0992 45.6582 38.0808 7.45812 155.817
87.1992 45.609 38.1507 7.46047 155.747
87.2992 45.5599 38.2207 7.46279 155.677
87.3992 45.5107 38.2906 7.46509 155.607
87.4992 45.4615 38.3605 7.46737 155.537
87.5992 45.4123 38.4304 7.46963 155.467
87.6992 45.3632 38.5004 7.47187 155.397
87.7992 45.314 38.5703 7.47409 155.327
87.8992 45.2648 38.6403 7.47628 155.257
87.9992 45.2157 38.7102 7.47846 155.187
88.0992 45.1665 38.7802 7.48061 155.117
88.1992 45.1173 38.8501 7.48274 155.047
88.2992 45.0681 38.9201 7.48485 154.977
88.3992 45.019 38.9901 7.48694 154.907
88.4992 44.9698 39.06 7.489 154.837
88.5992 44.9206 39.13 7.49105 154.767
88.6992 44.8714 39.2 7.49307 154.697
88.7992 44.8222 39.27 7.49507 154.627
88.8992 44.7731 39.3399 7.49705 154.557
88.9992 44.7239 39.4099 7.49901 154.488
89.0992 44.6747 39.4799 7.50095 154.418
89.1992 44.6255 39.5499 7.50287 154.348
89.2992 44.5764 39.6199 7.50476 154.278
89.3992 44.5272 39.6899 7.50663 154.208
89.4992 44.478 39.7599 7.50848 154.138
89.5992 44.4288 39.8299 7.51031 154.068
89.6992 44.3796 39.8999 7.51212 153.998
89.7992 44.3304 39.9699 7.5139 153.928
89.8992 44.2813 40.0398 7.51566 153.858
89.9992 44.2321 40.1098 7.5174 153.788
90.0992 44.1829 40.1798 7.51912 153.718
90.1992 44.1337 40.2498 7.52082 153.648
90.2992 44.0845 40.3198 7.5225 153.578
90.3992 44.0353 40.3898 7.52415 153.508
90.4992 43.9861 40.4598 7.52578 153.438
90.5992 43.937 40.5298 7.52739 153.368
90.6992 43.8878 40.5998 7.52898 153.298
90.7992 43.8386 40.6698 7.53055 153.228
90.8992 43.7894 40.7398 7.53209 153.158
90.9992 43.7402 40.8098 7.53361 153.088
91.0992 43.691 40.8797 7.53511 153.018
91.1992 43.6418 40.9497 7.53659 152.948
91.2992 43.5926 41.0197 7.53804 152.878
91.3992 43.5434 41.0897 7.53948 152.808
91.4992 43.4943 41.1597 7.54089 152.738
91.5992 43.4451 41.2296 7.54228 152.668
91.6992 43.3959 41.2996 7.54365 152.598
91.7992 43.3467 41.3696 7.54499 152.528
91.8992 43.2975 41.4395 7.54631 152.458
91.9992 43.2483 41.5095 7.54761 152.388
92.0992 43.1991 41.5794 7.54889 152.318
92.1992 43.1499 41.6494 7.55015 152.248
92.2992 43.1007 41.7193 7.55138 152.178
92.3992 43.0515 41.7892 7.55259 152.108
92.4992 43.0023 41.8592 7.55378 152.038
92.5992 42.9531 41.9291 7.55495 151.968
92.6992 42.9039 41.999 7.55609 151.898
92.7992 42.8547 42.0689 7.55722 151.828
92.8992 42.8055 42.1388 7.55832 151.759
92.9992 42.7563 42.2087 7.55939 151.689
93.0992 42.7071 42.2786 7.56045 151.619
93.1992 42.6579 42.3485 7.56148 151.549
93.2991 42.6088 42.4184 7.56249 151.479
93.3991 42.5596 42.4883 7.56348 151.409
93.4991 42.5104 42.5582 7.56444 151.339
93.5991 42.4612 42.628 7.56538 151.269
93.6991 42.412 42.6979 7.5663 151.2
93.7991 42.3628 42.7677 7.5672 151.13
93.8991 42.3136 42.8376 7.56808 151.06
93.9991 42.2644 42.9074 7.56893 150.99
94.0991 42.2152 42.9772 7.56976 150.92
94.1991 42.166 43.047 7.57057 150.85
94.2991 42.1168 43.1168 7.57135 150.781
94.3991 42.0676 43.1866 7.57211 150.711
94.4991 42.0183 43.2564 7.57285 150.641
94.5991 41.9691 43.3262 7.57357 150.571
94.6991 41.9199 43.3959 7.57426 150.501
94.7991 41.8707 43.4657 7.57493 150.432
94.8991 41.8215 43.5354 7.57558 150.362
94.9991 41.7723 43.6052 7.5762 150.292
95.0991 41.7231 43.6749 7.57681 150.223
95.1991 41.6739 43.7446 7.57739 150.153
95.2991 41.6247 43.8143 7.57794 150.083
95.3991 41.5755 43.884 7.57848 150.013
95.4991 41.5263 43.9537 7.57899 149.944
95.5991 41.4771 44.0234 7.57948 149.874
95.6991 41.4279 44.093 7.57994 149.804
95.7991 41.3787 44.1627 7.58038 149.735
95.8991 41.3295 44.2323 7.5808 149.665
95.9991 41.2803 44.3019 7.5812 149.596
96.0991 41.2311 44.3715 7.58157 149.526
96.1991 41.1819 44.4411 7.58192 149.456
96.2991 41.1327 44.5107 7.58225 149.387
96.3991 41.0835 44.5803 7.58256 149.317
96.4991 41.0343 44.6498 7.58284 149.248
96.5991 40.985 44.7193 7.5831 149.178
96.6991 40.9358 44.7889 7.58333 149.109
96.7991 40.8866 44.8584 7.58354 149.039
96.8991 40.8374 44.9279 7.58373 148.97
96.9991 40.7882 44.9974 7.5839 148.9
97.0991 40.739 45.0668 7.58404 148.831
97.1991 40.6898 45.1363 7.58416 148.761
97.2991 40.6406 45.2057 7.58426 148.692
97.3991 40.5914 45.2751 7.58433 148.622
97.4991 40.5422 45.3445 7.58438 148.553
97.5991 40.493 45.4139 7.58441 148.484
97.6991 40.4438 45.4833 7.58441 148.414
97.7991 40.3945 45.5527 7.58439 148.345
97.8991 40.3453 45.622 7.58435 148.275
97.9991 40.2961 45.6913 7.58429 148.206
98.0991 40.2469 45.7606 7.5842 148.137
98.1991 40.1977 45.8299 7.58408 148.068
98.2991 40.1485 45.8992 7.58395 147.998
98.3991 40.0993 45.9684 7.58379 147.929
98.4991 40.0501 46.0377 7.58361 147.86
98.5991 40.0009 46.1069 7.5834 147.791
98.6991 39.9517 46.1761 7.58317 147.721
98.7991 39.9024 46.2453 7.58292 147.652
98.8991 39.8532 46.3144 7.58264 147.583
98.9991 39.804 46.3836 7.58234 147.514
99.0991 39.7548 46.4527 7.58202 147.445
99.1991 39.7056 46.5218 7.58167 147.376
99.2991 39.6564 46.5909 7.5813 147.307
99.3991 39.6072 46.66 7.58091 147.237
99.4991 39.558 46.729 7.58049 147.168
99.5991 39.5087 46.798 7.58005 147.099
99.6991 39.4595 46.867 7.57958 147.03
99.799 39.4103 46.936 7.5791 146.961
99.899 39.3611 47.005 7.57859 146.892
99.999 39.3119 47.0739 7.57805 146.824
100.099 39.2627 47.1428 7.57749 146.755
100.199 39.2135 47.2117 7.57691 146.686
100.299 39.1643 47.2806 7.5763 146.617
100.399 39.115 47.3495 7.57567 146.548
100.499 39.0658 47.4183 7.57502 146.479
100.599 39.0166 47.4871 7.57434 146.41
100.699 38.9674 47.5559 7.57364 146.342
100.799 38.9182 47.6247 7.57292 146.273
100.899 38.869 47.6934 7.57217 146.204
100.999 38.8198 47.7622 7.5714 146.135
101.099 38.7706 47.8309 7.5706 146.067
101.199 38.7213 47.8995 7.56978 145.998
101.299 38.6721 47.9682 7.56894 145.929
101.399 38.6229 48.0368 7.56807 145.861
101.499 38.5737 48.1054 7.56718 145.792
101.599 38.5245 48.174 7.56627 145.723
101.699 38.4753 48.2425 7.56533 145.655
101.799 38.4261 48.3111 7.56437 145.586
101.899 38.3768 48.3796 7.56338 145.518
101.999 38.3276 48.4481 7.56237 145.449
102.099 38.2784 48.5165 7.56134 145.381
102.199 38.2292 48.5849 7.56028 145.313
102.299 38.18 48.6533 7.5592 145.244
102.399 38.1308 48.7217 7.55809 145.176
102.499 38.0816 48.7901 7.55696 145.107
102.599 38.0323 48.8584 7.55581 145.039
102.699 37.9831 48.9267 7.55463 144.971
102.799 37.9339 48.9949 7.55343 144.902
102.899 37.8847 49.0632 7.5522 144.834
102.999 37.8355 49.1314 7.55095 144.766
103.099 37.7863 49.1996 7.54968 144.698
103.199 37.737 49.2678 7.54838 144.63
103.299 37.6878 49.3359 7.54706 144.562
103.399 37.6386 49.404 7.54571 144.493
103.499 37.5894 49.4721 7.54434 144.425
103.599 37.5402 49.5401 7.54295 144.357
103.699 37.491 49.6081 7.54153 144.289
103.799 37.4418 49.6761 7.54009 144.221
103.899 37.3925 49.7441 7.53862 144.153
103.999 37.3433 49.812 7.53713 144.085
104.099 37.2941 49.8799 7.53562 144.018
104.199 37.2449 49.9478 7.53408 143.95
104.299 37.1957 50.0156 7.53251 143.882
104.399 37.1465 50.0834 7.53093 143.814
104.499 37.0973 50.1512 7.52932 143.746
104.599 37.048 50.219 7.52768 143.678
104.699 36.9988 50.2867 7.52602 143.611
104.799 36.9496 50.3544 7.52434 143.543
104.899 36.9004 50.422 7.52263 143.475
104.999 36.8512 50.4897 7.52089 143.408
105.099 36.802 50.5573 7.51914 143.34
105.199 36.7528 50.6248 7.51735 143.273
105.299 36.7035 50.6924 7.51555 143.205
105.399 36.6543 50.7599 7.51372 143.138
105.499 36.6051 50.8273 7.51186 143.07
105.599 36.5559 50.8948 7.50999 143.003
105.699 36.5067 50.9622 7.50808 142.935
105.799 36.4575 51.0295 7.50616 142.868
105.899 36.4082 51.0969 7.5042 142.801
105.999 36.359 51.1642 7.50223 142.733
106.099 36.3098 51.2314 7.50023 142.666
106.199 36.2606 51.2987 7.4982 142.599
106.299 36.2114 51.3659 7.49615 142.532
106.399 36.1622 51.433 7.49408 142.464
106.499 36.113 51.5002 7.49198 142.397
106.599 36.0637 51.5673 7.48986 142.33
106.699 36.0145 51.6343 7.48771 142.263
106.799 35.9653 51.7013 7.48554 142.196
106.899 35.9161 51.7683 7.48334 142.129
106.999 35.8669 51.8353 7.48112 142.062
107.099 35.8177 51.9022 7.47888 141.995
107.199 35.7685 51.9691 7.47661 141.928
107.299 35.7193 52.0359 7.47431 141.861
107.399 35.67 52.1028 7.47199 141.795
107.499 35.6208 52.1695 7.46965 141.728
107.599 35.5716 52.2363 7.46728 141.661
107.699 35.5224 52.303 7.46489 141.594
107.799 35.4732 52.3696 7.46247 141.528
107.899 35.424 52.4363 7.46003 141.461
107.999 35.3748 52.5028 7.45757 141.395
108.099 35.3255 52.5694 7.45508 141.328
108.199 35.2763 52.6359 7.45256 141.262
108.299 35.2271 52.7024 7.45002 141.195
108.399 35.1779 52.7688 7.44746 141.129
108.499 35.1287 52.8352 7.44487 141.062
108.599 35.0795 52.9016 7.44225 140.996
108.699 35.0303 52.9679 7.43961 140.93
108.799 34.9811 53.0342 7.43695 140.863
108.899 34.9318 53.1004 7.43426 140.797
108.999 34.8826 53.1666 7.43155 140.731
109.099 34.8334 53.2328 7.42881 140.665
109.199 34.7842 53.2989 7.42605 140.599
109.299 34.735 53.365 7.42326 140.532
109.399 34.6858 53.431 7.42045 140.466
109.499 34.6366 53.497 7.41762 140.4
109.599 34.5874 53.563 7.41476 140.334
109.699 34.5381 53.6289 7.41187 140.269
109.799 34.4889 53.6948 7.40896 140.203
109.899 34.4397 53.7606 7.40603 140.137
109.999 34.3905 53.8264 7.40307 140.071
110.099 34.3413 53.8922 7.40008 140.005
110.199 34.2921 53.9579 7.39707 139.94
110.299 34.2429 54.0236 7.39404 139.874
110.399 34.1937 54.0892 7.39098 139.808
110.499 34.1445 54.1548 7.3879 139.743
110.599 34.0953 54.2203 7.38479 139.677
110.699 34.046 54.2858 7.38165 139.612
110.799 33.9968 54.3513 7.3785 139.546
110.899 33.9476 54.4167 7.37531 139.481
110.999 33.8984 54.4821 7.3721 139.415
111.099 33.8492 54.5474 7.36887 139.35
111.199 33.8 54.6127 7.36561 139.285
111.299 33.7508 54.6779 7.36233 139.22
111.399 33.7016 54.7431 7.35903 139.154
111.499 33.6524 54.8082 7.35569 139.089
111.599 33.6032 54.8733 7.35234 139.024
111.699 33.5539 54.9384 7.34895 138.959
111.799 33.5047 55.0034 7.34555 138.894
111.899 33.4555 55.0684 7.34212 138.829
111.999 33.4063 55.1333 7.33866 138.764
112.099 33.3571 55.1982 7.33518 138.699
112.199 33.3079 55.263 7.33167 138.634
112.299 33.2587 55.3278 7.32814 138.57
112.399 33.2095 55.3925 7.32458 138.505
112.499 33.1603 55.4572 7.321 138.44
112.599 33.1111 55.5219 7.3174 138.376
112.699 33.0619 55.5865 7.31377 138.311
112.799 33.0127 55.651 7.31011 138.246
112.899 32.9635 55.7155 7.30643 138.182
112.999 32.9142 55.78 7.30272 138.117
113.099 32.865 55.8444 7.29899 138.053
113.199 32.8158 55.9087 7.29524 137.989
113.299 32.7666 55.9731 7.29146 137.924
113.399 32.7174 56.0373 7.28765 137.86
113.499 32.6682 56.1015 7.28382 137.796
113.599 32.619 56.1657 7.27997 137.732
113.699 32.5698 56.2298 7.27608 137.668
113.799 32.5206 56.2939 7.27218 137.604
113.899 32.4714 56.3579 7.26825 137.54
113.999 32.4222 56.4219 7.26429 137.476
114.099 32.373 56.4858 7.26031 137.412
114.199 32.3238 56.5497 7.25631 137.348
114.299 32.2746 56.6135 7.25228 137.284
114.399 32.2254 56.6773 7.24822 137.22
114.499 32.1762 56.741 7.24414 137.156
114.599 32.127 56.8046 7.24003 137.093
114.699 32.0778 56.8683 7.2359 137.029
114.799 32.0286 56.9318 7.23175 136.966
114.899 31.9793 56.9953 7.22757 136.902
114.999 31.9301 57.0588 7.22336 136.839
115.099 31.8809 57.1222 7.21913 136.775
115.199 31.8317 57.1856 7.21487 136.712
115.299 31.7825 57.2489 7.21059 136.649
115.399 31.7333 57.3121 7.20629 136.585
115.499 31.6841 57.3753 7.20196 136.522
115.599 31.6349 57.4385 7.1976 136.459
115.699 31.5857 57.5016 7.19322 136.396
115.799 31.5365 57.5646 7.18881 136.333
115.899 31.4873 57.6276 7.18438 136.27
115.999 31.4381 57.6906 7.17993 136.207
116.099 31.3889 57.7535 7.17545 136.144
116.199 31.3397 57.8163 7.17094 136.081
116.299 31.2905 57.8791 7.16641 136.018
116.399 31.2413 57.9418 7.16185 135.956
116.499 31.1921 58.0045 7.15727 135.893
116.599 31.1429 58.0671 7.15266 135.83
116.699 31.0937 58.1296 7.14803 135.768
116.799 31.0445 58.1921 7.14337 135.705
116.899 30.9953 58.2546 7.13869 135.643
116.999 30.9461 58.317 7.13399 135.58
117.099 30.8969 58.3793 7.12925 135.518
117.199 30.8477 58.4416 7.1245 135.456
117.299 30.7985 58.5038 7.11971 135.394
117.399 30.7493 58.566 7.11491 135.331
117.499 30.7001 58.6281 7.11008 135.269
117.599 30.6509 58.6902 7.10522 135.207
117.699 30.6017 58.7522 7.10034 135.145
117.799 30.5525 58.8141 7.09543 135.083
117.899 30.5033 58.876 7.0905 135.021
117.999 30.4541 58.9379 7.08554 134.96
118.099 30.4049 58.9996 7.08056 134.898
118.199 30.3558 59.0613 7.07555 134.836
118.299 30.3066 59.123 7.07051 134.774
118.399 30.2574 59.1846 7.06546 134.713
118.499 30.2082 59.2461 7.06037 134.651
118.599 30.159 59.3076 7.05527 134.59
118.699 30.1098 59.3691 7.05013 134.528
118.799 30.0606 59.4304 7.04497 134.467
118.899 30.0114 59.4917 7.03979 134.406
118.999 29.9622 59.553 7.03458 134.344
119.099 29.913 59.6142 7.02935 134.283
119.199 29.8638 59.6753 7.02409 134.222
119.299 29.8146 59.7364 7.01881 134.161
119.399 29.7654 59.7974 7.0135 134.1
119.499 29.7162 59.8583 7.00816 134.039
119.599 29.667 59.9192 7.00281 133.978
119.699 29.6178 59.9801 6.99742 133.917
119.799 29.5686 60.0408 6.99201 133.857
119.899 29.5194 60.1015 6.98658 133.796
119.999 29.4703 60.1622 6.98112 133.735
120.099 29.4211 60.2228 6.97564 133.675
120.199 29.3719 60.2833 6.97013 133.614
120.299 29.3227 60.3438 6.96459 133.554
120.399 29.2735 60.4042 6.95903 133.493
120.499 29.2243 60.4645 6.95345 133.433
120.599 29.1751 60.5248 6.94784 133.373
120.699 29.1259 60.585 6.9422 133.312
120.799 29.0767 60.6452 6.93655 133.252
120.899 29.0275 60.7053 6.93086 133.192
120.999 28.9783 60.7653 6.92515 133.132
121.099 28.9292 60.8253 6.91942 133.072
121.199 28.88 60.8852 6.91366 133.012
121.299 28.8308 60.945 6.90787 132.952
121.399 28.7816 61.0048 6.90206 132.893
121.499 28.7324 61.0645 6.89623 132.833
121.599 28.6832 61.1242 6.89037 132.773
121.699 28.634 61.1837 6.88449 132.714
121.799 28.5848 61.2433 6.87858 132.654
121.899 28.5357 61.3027 6.87264 132.595
121.999 28.4865 61.3621 6.86668 132.535
122.099 28.4373 61.4214 6.8607 132.476
122.199 28.3881 61.4807 6.85469 132.417
122.299 28.3389 61.5399 6.84865 132.358
122.399 28.2897 61.599 6.84259 132.298
122.499 28.2405 61.6581 6.83651 132.239
122.599 28.1914 61.7171 6.8304 132.18
122.699 28.1422 61.776 6.82427 132.121
122.799 28.093 61.8349 6.81811 132.063
122.899 28.0438 61.8937 6.81192 132.004
122.999 27.9946 61.9524 6.80571 131.945
123.099 27.9454 62.0111 6.79948 131.886
123.199 27.8962 62.0697 6.79322 131.828
123.299 27.8471 62.1283 6.78694 131.769
123.399 27.7979 62.1867 6.78063 131.711
123.499 27.7487 62.2451 6.77429 131.652
123.599 27.6995 62.3035 6.76794 131.594
123.699 27.6503 62.3617 6.76155 131.536
123.799 27.6011 62.4199 6.75514 131.478
123.899 27.552 62.4781 6.74871 131.419
123.999 27.5028 62.5361 6.74225 131.361
124.099 27.4536 62.5941 6.73577 131.303
124.199 27.4044 62.6521 6.72926 131.245
124.299 27.3552 62.7099 6.72273 131.188
124.399 27.3061 62.7677 6.71617 131.13
124.499 27.2569 62.8254 6.70959 131.072
124.599 27.2077 62.8831 6.70298 131.014
124.699 27.1585 62.9407 6.69635 130.957
124.799 27.1093 62.9982 6.6897 130.899
124.899 27.0602 63.0556 6.68301 130.842
124.999 27.011 63.113 6.67631 130.784
125.099 26.9618 63.1703 6.66958 130.727
125.199 26.9126 63.2275 6.66282 130.67
125.299 26.8634 63.2847 6.65604 130.613
125.399 26.8143 63.3418 6.64923 130.556
125.499 26.7651 63.3988 6.6424 130.499
125.599 26.7159 63.4557 6.63555 130.442
125.699 26.6667 63.5126 6.62867 130.385
125.799 26.6176 63.5694 6.62177 130.328
125.899 26.5684 63.6262 6.61484 130.271
125.999 26.5192 63.6828 6.60788 130.215
126.099 26.47 63.7394 6.6009 130.158
126.199 26.4209 63.7959 6.5939 130.101
126.299 26.3717 63.8524 6.58687 130.045
126.399 26.3225 63.9088 6.57982 129.989
126.499 26.2733 63.9651 6.57274 129.932
126.599 26.2242 64.0213 6.56564 129.876
126.699 26.175 64.0775 6.55852 129.82
126.799 26.1258 64.1335 6.55137 129.764
126.899 26.0766 64.1896 6.54419 129.708
126.999 26.0275 64.2455 6.53699 129.652
127.099 25.9783 64.3014 6.52977 129.596
127.199 25.9291 64.3572 6.52252 129.54
127.299 25.8799 64.4129 6.51524 129.485
127.399 25.8308 64.4685 6.50794 129.429
127.499 25.7816 64.5241 6.50062 129.373
127.599 25.7324 64.5796 6.49327 129.318
127.699 25.6833 64.635 6.4859 129.262
127.799 25.6341 64.6903 6.4785 129.207
127.899 25.5849 64.7456 6.47108 129.152
127.999 25.5357 64.8008 6.46364 129.097
128.099 25.4866 64.8559 6.45617 129.042
128.199 25.4374 64.911 6.44867 128.986
128.299 25.3882 64.966 6.44115 128.931
128.399 25.339 65.0209 6.43361 128.877
128.499 25.2899 65.0757 6.42604 128.822
128.599 25.2407 65.1304 6.41845 128.767
128.699 25.1915 65.1851 6.41083 128.712
128.799 25.1424 65.2397 6.40319 128.658
128.899 25.0932 65.2942 6.39552 128.603
128.999 25.044 65.3486 6.38783 128.549
129.099 24.9948 65.403 6.38012 128.494
129.199 24.9457 65.4573 6.37238 128.44
129.299 24.8965 65.5115 6.36462 128.386
129.399 24.8473 65.5656 6.35683 128.332
129.499 24.7982 65.6197 6.34902 128.278
129.599 24.749 65.6737 6.34118 128.224
129.699 24.6998 65.7276 6.33332 128.17
129.799 24.6507 65.7814 6.32544 128.116
129.899 24.6015 65.8351 6.31753 128.062
129.999 24.5523 65.8888 6.3096 128.009
130.099 24.5032 65.9424 6.30164 127.955
130.199 24.454 65.9959 6.29366 127.902
130.299 24.4048 66.0493 6.28565 127.848
130.399 24.3556 66.1027 6.27762 127.795
130.499 24.3065 66.1559 6.26957 127.742
130.599 24.2573 66.2091 6.26149 127.688
130.699 24.2082 66.2622 6.25339 127.635
130.799 24.159 66.3153 6.24526 127.582
130.899 24.1098 66.3682 6.23711 127.529
130.999 24.0607 66.4211 6.22894 127.476
131.099 24.0115 66.4739 6.22074 127.424
131.199 23.9623 66.5266 6.21252 127.371
131.299 23.9132 66.5792 6.20427 127.318
131.399 23.864 66.6318 6.196 127.266
131.499 23.8148 66.6842 6.18771 127.213
131.599 23.7657 66.7366 6.17939 127.161
131.699 23.7165 66.7889 6.17104 127.109
131.799 23.6673 66.8412 6.16268 127.056
131.899 23.6182 66.8933 6.15429 127.004
131.999 23.569 66.9454 6.14587 126.952
132.099 23.5199 66.9973 6.13744 126.9
132.199 23.4707 67.0492 6.12898 126.848
132.299 23.4215 67.1011 6.12049 126.796
132.399 23.3724 67.1528 6.11198 126.745
132.499 23.3232 67.2044 6.10345 126.693
132.599 23.274 67.256 6.09489 126.641
132.699 23.2249 67.3075 6.08631 126.59
132.799 23.1757 67.3589 6.07771 126.539
132.899 23.1266 67.4102 6.06908 126.487
132.999 23.0774 67.4615 6.06043 126.436
133.099 23.0282 67.5126 6.05175 126.385
133.199 22.9791 67.5637 6.04305 126.334
133.299 22.9299 67.6147 6.03433 126.283
133.399 22.8808 67.6656 6.02558 126.232
133.499 22.8316 67.7164 6.01681 126.181
133.599 22.7825 67.7671 6.00802 126.13
133.699 22.7333 67.8178 5.9992 126.08
133.799 22.6841 67.8684 5.99036 126.029
133.899 22.635 67.9188 5.9815 125.979
133.999 22.5858 67.9692 5.97261 125.928
134.099 22.5367 68.0196 5.9637 125.878
134.199 22.4875 68.0698 5.95476 125.828
134.299 22.4384 68.1199 5.9458 125.778
134.399 22.3892 68.17 5.93682 125.727
134.499 22.3401 68.22 5.92782 125.677
134.599 22.2909 68.2698 5.91879 125.628
134.699 22.2417 68.3196 5.90974 125.578
134.799 22.1926 68.3694 5.90066 125.528
134.899 22.1434 68.419 5.89156 125.478
134.999 22.0943 68.4685 5.88244 125.429
135.099 22.0451 68.518 5.8733 125.379
135.199 21.996 68.5673 5.86413 125.33
135.299 21.9468 68.6166 5.85494 125.281
135.399 21.8977 68.6658 5.84572 125.232
135.499 21.8485 68.7149 5.83648 125.183
135.599 21.7994 68.764 5.82722 125.133
135.699 21.7502 68.8129 5.81794 125.085
135.799 21.7011 68.8617 5.80863 125.036
135.899 21.6519 68.9105 5.7993 124.987
135.999 21.6028 68.9592 5.78995 124.938
136.099 21.5536 69.0078 5.78057 124.89
136.199 21.5045 69.0562 5.77117 124.841
136.299 21.4553 69.1047 5.76175 124.793
136.399 21.4062 69.153 5.75231 124.744
136.499 21.357 69.2012 5.74284 124.696
136.599 21.3079 69.2493 5.73335 124.648
136.699 21.2587 69.2974 5.72383 124.6
136.799 21.2096 69.3454 5.7143 124.552
136.899 21.1604 69.3932 5.70474 124.504
136.999 21.1113 69.441 5.69515 124.456
137.099 21.0621 69.4887 5.68555 124.409
137.199 21.013 69.5363 5.67592 124.361
137.299 20.9638 69.5838 5.66627 124.314
137.399 20.9147 69.6313 5.65659 124.266
137.499 20.8655 69.6786 5.6469 124.219
137.599 20.8164 69.7259 5.63718 124.172
137.699 20.7672 69.773 5.62744 124.124
137.799 20.7181 69.8201 5.61767 124.077
137.899 20.669 69.8671 5.60789 124.03
137.999 20.6198 69.9139 5.59808 123.983
138.099 20.5707 69.9607 5.58824 123.937
138.199 20.5215 70.0074 5.57839 123.89
138.299 20.4724 70.0541 5.56851 123.843
138.399 20.4232 70.1006 5.55861 123.797
138.499 20.3741 70.147 5.54869 123.75
138.599 20.325 70.1933 5.53875 123.704
138.699 20.2758 70.2396 5.52878 123.658
138.799 20.2267 70.2857 5.51879 123.612
138.899 20.1775 70.3318 5.50878 123.566
138.999 20.1284 70.3778 5.49875 123.52
139.099 20.0792 70.4237 5.48869 123.474
139.199 20.0301 70.4695 5.47861 123.428
139.299 19.981 70.5151 5.46851 123.382
139.399 19.9318 70.5607 5.45839 123.337
139.499 19.8827 70.6063 5.44825 123.291
139.599 19.8335 70.6517 5.43808 123.246
139.699 19.7844 70.697 5.42789 123.2
139.799 19.7353 70.7422 5.41768 123.155
139.899 19.6861 70.7874 5.40745 123.11
139.999 19.637 70.8324 5.39719 123.065
140.099 19.5878 70.8774 5.38691 123.02
140.199 19.5387 70.9222 5.37662 122.975
140.299 19.4896 70.967 5.36629 122.93
140.399 19.4404 71.0116 5.35595 122.886
140.499 19.3913 71.0562 5.34559 122.841
140.599 19.3422 71.1007 5.3352 122.797
140.699 19.293 71.1451 5.32479 122.752
140.799 19.2439 71.1894 5.31436 122.708
140.899 19.1948 71.2336 5.30391 122.664
140.999 19.1456 71.2777 5.29344 122.62
141.099 19.0965 71.3217 5.28294 122.576
141.199 19.0473 71.3656 5.27243 122.532
141.299 18.9982 71.4094 5.26189 122.488
141.399 18.9491 71.4531 5.25133 122.444
141.499 18.8999 71.4967 5.24075 122.401
141.599 18.8508 71.5403 5.23014 122.357
141.699 18.8017 71.5837 5.21952 122.314
141.799 18.7525 71.627 5.20887 122.27
141.899 18.7034 71.6703 5.19821 122.227
141.999 18.6543 71.7134 5.18752 122.184
142.099 18.6051 71.7565 5.17681 122.141
142.199 18.556 71.7994 5.16608 122.098
142.299 18.5069 71.8423 5.15532 122.055
142.399 18.4577 71.885 5.14455 122.012
142.499 18.4086 71.9277 5.13375 121.97
142.6 18.3595 71.9703 5.12294 121.927
142.7 18.3104 72.0127 5.1121 121.885
142.8 18.2612 72.0551 5.10124 121.842
142.9 18.2121 72.0974 5.09036 121.8
143 18.163 72.1396 5.07946 121.758
143.1 18.1138 72.1816 5.06854 121.716
143.2 18.0647 72.2236 5.0576 121.674
143.3 18.0156 72.2655 5.04663 121.632
143.4 17.9664 72.3073 5.03565 121.59
143.5 17.9173 72.349 5.02464 121.548
143.6 17.8682 72.3906 5.01362 121.507
143.7 17.8191 72.4321 5.00257 121.465
143.8 17.7699 72.4735 4.9915 121.424
143.9 17.7208 72.5148 4.98041 121.383
144 17.6717 72.5559 4.9693 121.341
144.1 17.6225 72.597 4.95817 121.3
144.2 17.5734 72.638 4.94702 121.259
144.3 17.5243 72.6789 4.93585 121.218
144.4 17.4752 72.7197 4.92466 121.178
144.5 17.426 72.7604 4.91345 121.137
144.6 17.3769 72.801 4.90221 121.096
144.7 17.3278 72.8415 4.89096 121.056
144.8 17.2787 72.8819 4.87969 121.015
144.9 17.2295 72.9222 4.86839 120.975
145 17.1804 72.9624 4.85708 120.935
145.1 17.1313 73.0025 4.84574 120.895
145.2 17.0822 73.0425 4.83439 120.855
145.3 17.033 73.0824 4.82301 120.815
145.4 16.9839 73.1222 4.81162 120.775
145.5 16.9348 73.1619 4.8002 120.735
145.6 16.8857 73.2015 4.78877 120.696
145.7 16.8366 73.241 4.77731 120.656
145.8 16.7874 73.2804 4.76583 120.617
145.9 16.7383 73.3197 4.75434 120.578
146 16.6892 73.3589 4.74282 120.539
146.1 16.6401 73.398 4.73129 120.499
146.2 16.5909 73.437 4.71973 120.46
146.3 16.5418 73.4759 4.70816 120.422
146.4 16.4927 73.5147 4.69656 120.383
146.5 16.4436 73.5534 4.68494 120.344
146.6 16.3945 73.592 4.67331 120.305
146.7 16.3453 73.6305 4.66166 120.267
146.8 16.2962 73.6688 4.64998 120.229
146.9 16.2471 73.7071 4.63829 120.19
147 16.198 73.7453 4.62657 120.152
147.1 16.1489 73.7834 4.61484 120.114
147.2 16.0997 73.8213 4.60309 120.076
147.3 16.0506 73.8592 4.59132 120.038
147.4 16.0015 73.897 4.57952 120
147.5 15.9524 73.9346 4.56771 119.963
147.6 15.9033 73.9722 4.55588 119.925
147.7 15.8542 74.0097 4.54403 119.888
147.8 15.805 74.047 4.53217 119.85
147.9 15.7559 74.0843 4.52028 119.813
148 15.7068 74.1214 4.50837 119.776
148.1 15.6577 74.1584 4.49645 119.739
148.2 15.6086 74.1954 4.4845 119.702
148.3 15.5595 74.2322 4.47254 119.665
148.4 15.5103 74.269 4.46055 119.628
148.5 15.4612 74.3056 4.44855 119.592
148.6 15.4121 74.3421 4.43653 119.555
148.7 15.363 74.3785 4.42449 119.519
148.8 15.3139 74.4148 4.41243 119.483
148.9 15.2648 74.451 4.40035 119.446
149 15.2157 74.4872 4.38826 119.41
149.1 15.1665 74.5232 4.37614 119.374
149.2 15.1174 74.5591 4.36401 119.338
149.3 15.0683 74.5948 4.35185 119.303
149.4 15.0192 74.6305 4.33968 119.267
149.5 14.9701 74.6661 4.32749 119.231
149.6 14.921 74.7016 4.31529 119.196
149.7 14.8719 74.737 4.30306 119.16
149.8 14.8228 74.7722 4.29082 119.125
149.9 14.7736 74.8074 4.27855 119.09
150 14.7245 74.8424 4.26627 119.055
150.1 14.6754 74.8774 4.25397 119.02
150.2 14.6263 74.9122 4.24165 118.985
150.3 14.5772 74.947 4.22932 118.95
150.4 14.5281 74.9816 4.21696 118.916
150.5 14.479 75.0161 4.20459 118.881
150.6 14.4299 75.0505 4.1922 118.847
150.7 14.3808 75.0848 4.17979 118.813
150.8 14.3317 75.119 4.16736 118.778
150.9 14.2825 75.1531 4.15492 118.744
151 14.2334 75.1871 4.14246 118.71
151.1 14.1843 75.221 4.12998 118.676
151.2 14.1352 75.2548 4.11748 118.643
151.3 14.0861 75.2885 4.10496 118.609
151.4 14.037 75.322 4.09243 118.575
151.5 13.9879 75.3555 4.07988 118.542
151.6 13.9388 75.3888 4.06731 118.509
151.7 13.8897 75.4221 4.05473 118.475
151.8 13.8406 75.4552 4.04212 118.442
151.9 13.7915 75.4882 4.0295 118.409
152 13.7424 75.5211 4.01686 118.376
152.1 13.6933 75.5539 4.00421 118.343
152.2 13.6441 75.5866 3.99154 118.311
152.3 13.595 75.6192 3.97885 118.278
152.4 13.5459 75.6517 3.96614 118.246
152.5 13.4968 75.6841 3.95341 118.213
152.6 13.4477 75.7164 3.94067 118.181
152.7 13.3986 75.7485 3.92791 118.149
152.8 13.3495 75.7806 3.91514 118.117
152.9 13.3004 75.8125 3.90234 118.085
153 13.2513 75.8444 3.88953 118.053
153.1 13.2022 75.8761 3.87671 118.021
153.2 13.1531 75.9077 3.86386 117.99
153.3 13.104 75.9392 3.851 117.958
153.4 13.0549 75.9706 3.83813 117.927
153.5 13.0058 76.0019 3.82523 117.896
153.6 12.9567 76.0331 3.81232 117.864
153.7 12.9076 76.0641 3.7994 117.833
153.8 12.8585 76.0951 3.78645 117.802
153.9 12.8094 76.126 3.77349 117.771
154 12.7603 76.1567 3.76052 117.741
154.1 12.7112 76.1873 3.74753 117.71
154.2 12.6621 76.2179 3.73452 117.68
154.3 12.613 76.2483 3.72149 117.649
154.4 12.5639 76.2786 3.70845 117.619
154.5 12.5148 76.3088 3.69539 117.589
154.6 12.4657 76.3388 3.68232 117.559
154.7 12.4166 76.3688 3.66923 117.529
154.8 12.3675 76.3987 3.65612 117.499
154.9 12.3184 76.4284 3.643 117.469
155 12.2693 76.4581 3.62986 117.439
155.1 12.2202 76.4876 3.61671 117.41
155.2 12.1711 76.517 3.60354 117.38
155.3 12.122 76.5463 3.59036 117.351
155.4 12.0729 76.5755 3.57716 117.322
155.5 12.0238 76.6046 3.56394 117.293
155.6 11.9747 76.6336 3.55071 117.264
155.7 11.9256 76.6624 3.53746 117.235
155.8 11.8765 76.6912 3.5242 117.206
155.9 11.8274 76.7198 3.51092 117.178
156 11.7783 76.7483 3.49762 117.149
156.1 11.7292 76.7768 3.48431 117.121
156.2 11.6801 76.8051 3.47099 117.092
156.3 11.631 76.8332 3.45765 117.064
156.4 11.5819 76.8613 3.44429 117.036
156.5 11.5328 76.8893 3.43092 117.008
156.6 11.4837 76.9172 3.41754 116.98
156.7 11.4346 76.9449 3.40414 116.953
156.8 11.3855 76.9725 3.39072 116.925
156.9 11.3364 77 3.37729 116.897
157 11.2873 77.0275 3.36385 116.87
157.1 11.2382 77.0548 3.35039 116.843
157.2 11.1891 77.0819 3.33691 116.816
157.3 11.14 77.109 3.32342 116.788
157.4 11.0909 77.136 3.30992 116.761
157.5 11.0419 77.1628 3.2964 116.735
157.6 10.9928 77.1895 3.28287 116.708
157.7 10.9437 77.2162 3.26932 116.681
157.8 10.8946 77.2427 3.25576 116.655
157.9 10.8455 77.2691 3.24218 116.628
158 10.7964 77.2953 3.22859 116.602
158.1 10.7473 77.3215 3.21499 116.576
158.2 10.6982 77.3475 3.20137 116.55
158.3 10.6491 77.3735 3.18773 116.524
158.4 10.6 77.3993 3.17408 116.498
158.5 10.5509 77.425 3.16042 116.472
158.6 10.5018 77.4506 3.14675 116.447
158.7 10.4527 77.4761 3.13306 116.421
158.8 10.4036 77.5015 3.11935 116.396
158.9 10.3546 77.5267 3.10564 116.371
159.001 10.3055 77.5519 3.09191 116.346
159.101 10.2564 77.5769 3.07816 116.321
159.201 10.2073 77.6018 3.0644 116.296
159.301 10.1582 77.6266 3.05063 116.271
159.401 10.1091 77.6513 3.03685 116.246
159.501 10.06 77.6759 3.02305 116.222
159.601 10.0109 77.7003 3.00923 116.197
159.701 9.96183 77.7247 2.99541 116.173
159.801 9.91274 77.7489 2.98157 116.149
159.901 9.86365 77.773 2.96772 116.124
160.001 9.81456 77.797 2.95385 116.1
160.101 9.76547 77.8209 2.93997 116.077
160.201 9.71638 77.8447 2.92608 116.053
160.301 9.66729 77.8683 2.91217 116.029
160.401 9.6182 77.8919 2.89826 116.006
160.501 9.56911 77.9153 2.88433 115.982
160.601 9.52002 77.9386 2.87038 115.959
160.701 9.47094 77.9618 2.85643 115.936
160.801 9.42185 77.9849 2.84246 115.913
160.901 9.37276 78.0078 2.82848 115.89
161.001 9.32367 78.0307 2.81448 115.867
161.101 9.27458 78.0534 2.80047 115.844
161.201 9.2255 78.076 2.78645 115.821
161.301 9.17641 78.0985 2.77242 115.799
161.401 9.12732 78.1209 2.75838 115.777
161.501 9.07824 78.1432 2.74432 115.754
161.601 9.02915 78.1653 2.73025 115.732
161.701 8.98006 78.1874 2.71617 115.71
161.801 8.93098 78.2093 2.70208 115.688
161.901 8.88189 78.2311 2.68797 115.666
162.001 8.8328 78.2528 2.67385 115.645
162.101 8.78372 78.2744 2.65973 115.623
162.201 8.73463 78.2958 2.64558 115.602
162.301 8.68555 78.3171 2.63143 115.58
162.401 8.63646 78.3384 2.61727 115.559
162.501 8.58737 78.3595 2.60309 115.538
162.601 8.53829 78.3805 2.5889 115.517
162.701 8.4892 78.4013 2.5747 115.496
162.801 8.44012 78.4221 2.56049 115.475
162.901 8.39103 78.4427 2.54627 115.455
163.001 8.34195 78.4633 2.53203 115.434
163.101 8.29287 78.4837 2.51779 115.414
163.201 8.24378 78.504 2.50353 115.393
163.301 8.1947 78.5241 2.48926 115.373
163.401 8.14561 78.5442 2.47498 115.353
163.501 8.09653 78.5641 2.46069 115.333
163.601 8.04745 78.584 2.44639 115.313
163.701 7.99836 78.6037 2.43208 115.294
163.801 7.94928 78.6232 2.41775 115.274
163.901 7.9002 78.6427 2.40342 115.255
164.001 7.85111 78.6621 2.38907 115.235
164.101 7.80203 78.6813 2.37472 115.216
164.201 7.75295 78.7004 2.36035 115.197
164.301 7.70387 78.7194 2.34597 115.178
164.401 7.65478 78.7383 2.33158 115.159
164.501 7.6057 78.7571 2.31719 115.14
164.601 7.55662 78.7757 2.30278 115.122
164.701 7.50754 78.7942 2.28836 115.103
164.801 7.45845 78.8127 2.27393 115.085
164.901 7.40937 78.8309 2.25949 115.066
165.001 7.36029 78.8491 2.24504 115.048
165.101 7.31121 78.8672 2.23058 115.03
165.201 7.26213 78.8851 2.21611 115.012
165.301 7.21305 78.9029 2.20163 114.994
165.401 7.16397 78.9206 2.18714 114.977
165.501 7.11489 78.9382 2.17264 114.959
165.601 7.0658 78.9557 2.15813 114.942
165.701 7.01672 78.973 2.14361 114.924
165.801 6.96764 78.9903 2.12908 114.907
165.901 6.91856 79.0074 2.11454 114.89
166.001 6.86948 79.0244 2.09999 114.873
166.101 6.8204 79.0413 2.08543 114.856
166.201 6.77132 79.058 2.07087 114.839
166.301 6.72224 79.0746 2.05629 114.823
166.401 6.67316 79.0912 2.0417 114.806
166.501 6.62408 79.1076 2.02711 114.79
166.601 6.575 79.1238 2.0125 114.774
166.701 6.52593 79.14 1.99789 114.757
166.801 6.47685 79.156 1.98327 114.741
166.901 6.42777 79.172 1.96864 114.725
167.001 6.37869 79.1878 1.954 114.71
167.101 6.32961 79.2035 1.93935 114.694
167.201 6.28053 79.219 1.92469 114.678
167.301 6.23145 79.2345 1.91002 114.663
167.401 6.18237 79.2498 1.89535 114.648
167.501 6.1333 79.265 1.88066 114.632
167.601 6.08422 79.2801 1.86597 114.617
167.701 6.03514 79.2951 1.85127 114.602
167.801 5.98606 79.3099 1.83656 114.588
167.901 5.93698 79.3247 1.82184 114.573
168.001 5.88791 79.3393 1.80711 114.558
168.101 5.83883 79.3538 1.79238 114.544
168.201 5.78975 79.3681 1.77764 114.529
168.301 5.74067 79.3824 1.76289 114.515
168.401 5.6916 79.3965 1.74813 114.501
168.501 5.64252 79.4105 1.73336 114.487
168.601 5.59344 79.4244 1.71859 114.473
168.701 5.54436 79.4382 1.7038 114.459
168.801 5.49529 79.4519 1.68901 114.446
168.901 5.44621 79.4654 1.67422 114.432
169.001 5.39713 79.4788 1.65941 114.419
169.101 5.34806 79.4921 1.6446 114.405
169.201 5.29898 79.5053 1.62978 114.392
169.301 5.2499 79.5183 1.61495 114.379
169.401 5.20083 79.5313 1.60011 114.366
169.501 5.15175 79.5441 1.58527 114.353
169.601 5.10268 79.5568 1.57042 114.341
169.701 5.0536 79.5694 1.55557 114.328
169.801 5.00452 79.5818 1.5407 114.316
169.901 4.95545 79.5942 1.52583 114.303
170.001 4.90637 79.6064 1.51095 114.291
170.101 4.8573 79.6185 1.49607 114.279
170.201 4.80822 79.6304 1.48118 114.267
170.301 4.75915 79.6423 1.46628 114.255
170.401 4.71007 79.654 1.45137 114.243
170.501 4.66099 79.6656 1.43646 114.232
170.601 4.61192 79.6771 1.42154 114.22
170.701 4.56284 79.6885 1.40662 114.209
170.801 4.51377 79.6997 1.39169 114.198
170.901 4.46469 79.7109 1.37675 114.187
171.001 4.41562 79.7219 1.36181 114.176
171.101 4.36655 79.7328 1.34686 114.165
171.201 4.31747 79.7435 1.3319 114.154
171.301 4.2684 79.7542 1.31694 114.143
171.401 4.21932 79.7647 1.30197 114.133
171.501 4.17025 79.7751 1.287 114.122
171.601 4.12117 79.7854 1.27202 114.112
171.701 4.0721 79.7956 1.25703 114.102
171.801 4.02302 79.8056 1.24204 114.092
171.901 3.97395 79.8155 1.22704 114.082
172.001 3.92488 79.8253 1.21204 114.072
172.101 3.8758 79.835 1.19703 114.062
172.201 3.82673 79.8446 1.18202 114.053
172.301 3.77766 79.854 1.167 114.043
172.401 3.72858 79.8633 1.15197 114.034
172.501 3.67951 79.8725 1.13694 114.025
172.601 3.63043 79.8816 1.12191 114.016
172.701 3.58136 79.8906 1.10687 114.007
172.801 3.53229 79.8994 1.09182 113.998
172.901 3.48321 79.9081 1.07677 113.989
173.001 3.43414 79.9167 1.06172 113.981
173.101 3.38507 79.9252 1.04666 113.972
173.201 3.33599 79.9335 1.03159 113.964
173.301 3.28692 79.9417 1.01652 113.956
173.401 3.23785 79.9498 1.00145 113.948
173.501 3.18878 79.9578 0.986371 113.94
173.601 3.1397 79.9657 0.971288 113.932
173.701 3.09063 79.9734 0.9562 113.924
173.801 3.04156 79.981 0.941108 113.916
173.901 2.99248 79.9885 0.926011 113.909
174.001 2.94341 79.9959 0.910911 113.902
174.101 2.89434 80.0032 0.895806 113.894
174.201 2.84527 80.0103 0.880697 113.887
174.301 2.79619 80.0173 0.865584 113.88
174.401 2.74712 80.0242 0.850467 113.873
174.501 2.69805 80.031 0.835346 113.866
174.601 2.64898 80.0376 0.820222 113.86
174.701 2.5999 80.0441 0.805093 113.853
174.801 2.55083 80.0506 0.789961 113.847
174.901 2.50176 80.0568 0.774825 113.841
175.001 2.45269 80.063 0.759686 113.834
175.101 2.40362 80.069 0.744543 113.828
175.201 2.35454 80.0749 0.729397 113.822
175.301 2.30547 80.0807 0.714248 113.817
175.402 2.2564 80.0864 0.699095 113.811
175.502 2.20733 80.092 0.683939 113.805
175.602 2.15826 80.0974 0.66878 113.8
175.702 2.10919 80.1027 0.653618 113.795
175.802 2.06011 80.1079 0.638452 113.79
175.902 2.01104 80.113 0.623284 113.784
176.002 1.96197 80.1179 0.608113 113.78
176.102 1.9129 80.1227 0.59294 113.775
176.202 1.86383 80.1274 0.577763 113.77
176.302 1.81476 80.132 0.562584 113.765
176.402 1.76568 80.1364 0.547402 113.761
176.502 1.71661 80.1408 0.532218 113.757
176.602 1.66754 80.145 0.517031 113.752
176.702 1.61847 80.1491 0.501842 113.748
176.802 1.5694 80.153 0.486651 113.744
176.902 1.52033 80.1569 0.471457 113.741
177.002 1.47126 80.1606 0.456261 113.737
177.102 1.42218 80.1642 0.441064 113.733
177.202 1.37311 80.1677 0.425864 113.73
177.302 1.32404 80.171 0.410662 113.726
177.402 1.27497 80.1743 0.395458 113.723
177.502 1.2259 80.1774 0.380253 113.72
177.602 1.17683 80.1804 0.365045 113.717
177.702 1.12776 80.1833 0.349836 113.714
177.802 1.07869 80.186 0.334626 113.711
177.902 1.02961 80.1886 0.319414 113.709
178.002 0.980543 80.1911 0.3042 113.706
178.102 0.931472 80.1935 0.288985 113.704
178.202 0.882401 80.1958 0.273769 113.702
178.302 0.83333 80.1979 0.258551 113.7
178.402 0.784259 80.1999 0.243333 113.698
178.502 0.735188 80.2018 0.228113 113.696
178.602 0.686117 80.2036 0.212892 113.694
178.702 0.637046 80.2052 0.19767 113.692
178.802 0.587975 80.2067 0.182447 113.691
178.902 0.538904 80.2081 0.167223 113.689
179.002 0.489833 80.2094 0.151999 113.688
179.102 0.440762 80.2106 0.136774 113.687
179.202 0.391691 80.2116 0.121548 113.686
179.302 0.34262 80.2125 0.106322 113.685
179.402 0.293549 80.2133 0.0910952 113.684
179.502 0.244479 80.214 0.075868 113.683
179.602 0.195408 80.2145 0.0606404 113.683
179.702 0.146337 80.215 0.0454126 113.682
179.802 0.0972659 80.2153 0.0301846 113.682
179.902 0.048195 80.2155 0.0149564 113.682
