0 180 496.944 0 627.579
0.1 179.873 496.944 0.0542822 627.579
0.2 179.745 496.945 0.108564 627.578
0.3 179.618 496.948 0.162847 627.575
0.4 179.49 496.951 0.217129 627.572
0.5 179.363 496.955 0.271411 627.568
0.6 179.235 496.961 0.325693 627.562
0.7 179.108 496.967 0.379976 627.556
0.8 178.98 496.974 0.434258 627.549
0.9 178.853 496.982 0.488541 627.541
1 178.725 496.991 0.542823 627.532
1.1 178.598 497.001 0.597106 627.522
1.2 178.47 497.012 0.651389 627.511
1.3 178.343 497.024 0.705672 627.499
1.4 178.215 497.036 0.759955 627.487
1.5 178.088 497.05 0.814238 627.473
1.6 177.96 497.065 0.868521 627.458
1.7 177.833 497.08 0.922805 627.443
1.8 177.705 497.097 0.977088 627.426
1.9 177.578 497.114 1.03137 627.409
2 177.45 497.133 1.08566 627.39
2.1 177.323 497.152 1.13994 627.371
2.2 177.195 497.173 1.19422 627.35
2.3 177.068 497.194 1.24851 627.329
2.4 176.94 497.216 1.30279 627.307
2.5 176.813 497.239 1.35708 627.284
2.6 176.686 497.264 1.41136 627.259
2.7 176.558 497.289 1.46565 627.234
2.8 176.431 497.315 1.51993 627.208
2.9 176.303 497.342 1.57422 627.181
3 176.176 497.37 1.62851 627.153
3.1 176.048 497.398 1.68279 627.125
3.2 175.921 497.428 1.73708 627.095
3.3 175.794 497.459 1.79137 627.064
3.4 175.666 497.491 1.84565 627.032
3.5 175.539 497.523 1.89994 627
3.6 175.411 497.557 1.95423 626.966
3.7 175.284 497.591 2.00852 626.932
3.8 175.157 497.627 2.06281 626.896
3.9 175.029 497.663 2.11709 626.86
4 174.902 497.701 2.17138 626.822
4.1 174.774 497.739 2.22567 626.784
4.2 174.647 497.778 2.27996 626.745
4.3 174.52 497.818 2.33425 626.705
4.4 174.392 497.86 2.38854 626.663
4.5 174.265 497.902 2.44284 626.621
4.6 174.138 497.945 2.49713 626.578
4.7 174.01 497.989 2.55142 626.534
4.8 173.883 498.034 2.60571 626.489
4.9 173.756 498.079 2.66 626.443
5 173.628 498.126 2.7143 626.397
5.1 173.501 498.174 2.76859 626.349
5.2 173.374 498.223 2.82289 626.3
5.3 173.247 498.272 2.87718 626.251
5.4 173.119 498.323 2.93147 626.2
5.5 172.992 498.374 2.98577 626.149
5.6 172.865 498.427 3.04007 626.096
5.7 172.737 498.48 3.09436 626.043
5.8 172.61 498.535 3.14866 625.988
5.9 172.483 498.59 3.20296 625.933
6 172.356 498.646 3.25726 625.877
6.1 172.229 498.703 3.31156 625.82
6.2 172.101 498.762 3.36585 625.761
6.3 171.974 498.821 3.42015 625.702
6.4 171.847 498.881 3.47445 625.642
6.5 171.72 498.942 3.52876 625.581
6.6 171.593 499.003 3.58306 625.52
6.7 171.465 499.066 3.63736 625.457
6.8 171.338 499.13 3.69166 625.393
6.9 171.211 499.195 3.74597 625.328
7 171.084 499.26 3.80027 625.263
7.1 170.957 499.327 3.85458 625.196
7.2 170.83 499.394 3.90888 625.129
7.3 170.703 499.463 3.96319 625.06
7.4 170.576 499.532 4.01749 624.991
7.5 170.448 499.603 4.0718 624.92
7.6 170.321 499.674 4.12611 624.849
7.7 170.194 499.746 4.18042 624.777
7.79999 170.067 499.819 4.23473 624.704
7.89999 169.94 499.893 4.28904 624.63
7.99999 169.813 499.968 4.34335 624.555
8.09999 169.686 500.044 4.39766 624.479
8.2 169.559 500.121 4.45197 624.402
8.3 169.432 500.199 4.50629 624.324
8.4 169.305 500.278 4.5606 624.245
8.5 169.178 500.358 4.61492 624.165
8.6 169.051 500.438 4.66923 624.085
8.7 168.924 500.52 4.72355 624.003
8.8 168.798 500.602 4.77786 623.921
8.9 168.671 500.686 4.83218 623.837
9 168.544 500.77 4.8865 623.753
9.1 168.417 500.856 4.94082 623.667
9.2 168.29 500.942 4.99514 623.581
9.3 168.163 501.029 5.04946 623.494
9.4 168.036 501.117 5.10379 623.406
9.5 167.909 501.206 5.15811 623.317
9.6 167.783 501.296 5.21243 623.227
9.7 167.656 501.387 5.26676 623.136
9.8 167.529 501.479 5.32108 623.044
9.9 167.402 501.572 5.37541 622.951
10 167.276 501.666 5.42974 622.857
10.1 167.149 501.76 5.48407 622.763
10.2 167.022 501.856 5.5384 622.667
10.3 166.895 501.952 5.59273 622.571
10.4 166.769 502.05 5.64706 622.473
10.5 166.642 502.148 5.70139 622.375
10.6 166.515 502.248 5.75572 622.275
10.7 166.389 502.348 5.81006 622.175
10.8 166.262 502.449 5.86439 622.074
10.9 166.135 502.551 5.91873 621.972
11 166.009 502.654 5.97307 621.869
11.1 165.882 502.758 6.0274 621.765
11.2 165.756 502.863 6.08174 621.66
11.3 165.629 502.969 6.13608 621.554
11.4 165.503 503.076 6.19042 621.447
11.5 165.376 503.183 6.24477 621.34
11.6 165.25 503.292 6.29911 621.231
11.7 165.123 503.401 6.35345 621.122
11.8 164.997 503.512 6.4078 621.011
11.9 164.87 503.623 6.46215 620.9
12 164.744 503.736 6.51649 620.787
12.1 164.617 503.849 6.57084 620.674
12.2 164.491 503.963 6.62519 620.56
12.3 164.364 504.078 6.67954 620.445
12.4 164.238 504.194 6.7339 620.329
12.5 164.112 504.311 6.78825 620.212
12.6 163.985 504.429 6.8426 620.094
12.7 163.859 504.548 6.89696 619.975
12.8 163.733 504.668 6.95132 619.855
12.9 163.607 504.788 7.00567 619.735
13 163.48 504.91 7.06003 619.613
13.1 163.354 505.032 7.11439 619.491
13.2 163.228 505.156 7.16875 619.367
13.3 163.102 505.28 7.22312 619.243
13.4 162.976 505.405 7.27748 619.118
13.5 162.849 505.531 7.33185 618.992
13.6 162.723 505.659 7.38621 618.864
13.7 162.597 505.787 7.44058 618.736
13.8 162.471 505.916 7.49495 618.607
13.9 162.345 506.045 7.54932 618.478
14 162.219 506.176 7.60369 618.347
14.1 162.093 506.308 7.65806 618.215
14.2 161.967 506.44 7.71244 618.083
14.3 161.841 506.574 7.76681 617.949
14.4 161.715 506.708 7.82119 617.815
14.5 161.589 506.844 7.87557 617.679
14.6 161.463 506.98 7.92995 617.543
14.7 161.337 507.117 7.98433 617.406
14.8 161.211 507.255 8.03871 617.268
14.9 161.085 507.394 8.09309 617.129
15 160.959 507.534 8.14748 616.989
15.1 160.834 507.675 8.20186 616.848
15.2 160.708 507.817 8.25625 616.706
15.3 160.582 507.96 8.31064 616.563
15.4 160.456 508.103 8.36503 616.42
15.5 160.33 508.248 8.41942 616.275
15.6 160.205 508.393 8.47382 616.13
15.7 160.079 508.54 8.52821 615.983
15.8 159.953 508.687 8.58261 615.836
15.9 159.828 508.835 8.63701 615.688
16 159.702 508.984 8.6914 615.539
16.1 159.577 509.134 8.74581 615.389
16.2 159.451 509.285 8.80021 615.238
16.3 159.325 509.437 8.85461 615.086
16.4 159.2 509.589 8.90902 614.934
16.5 159.074 509.743 8.96342 614.78
16.6 158.949 509.898 9.01783 614.625
16.7 158.823 510.053 9.07224 614.47
16.8 158.698 510.209 9.12665 614.314
16.9 158.572 510.367 9.18106 614.156
17 158.447 510.525 9.23548 613.998
17.1 158.322 510.684 9.2899 613.839
17.2 158.196 510.844 9.34431 613.679
17.3 158.071 511.005 9.39873 613.518
17.4 157.946 511.166 9.45315 613.357
17.5 157.82 511.329 9.50757 613.194
17.6 157.695 511.493 9.562 613.03
17.7 157.57 511.657 9.61642 612.866
17.8 157.445 511.823 9.67085 612.7
17.9 157.32 511.989 9.72528 612.534
18 157.194 512.156 9.77971 612.367
18.1 157.069 512.324 9.83414 612.199
18.2 156.944 512.493 9.88858 612.03
18.3 156.819 512.663 9.94301 611.86
18.4 156.694 512.834 9.99745 611.689
18.5 156.569 513.005 10.0519 611.518
18.6 156.444 513.178 10.1063 611.345
18.7 156.319 513.352 10.1608 611.171
18.8 156.194 513.526 10.2152 610.997
18.9 156.069 513.701 10.2697 610.822
19 155.944 513.877 10.3241 610.646
19.1 155.82 514.054 10.3786 610.469
19.2 155.695 514.232 10.433 610.291
19.3 155.57 514.411 10.4875 610.112
19.4 155.445 514.591 10.5419 609.932
19.5 155.32 514.772 10.5964 609.751
19.6 155.196 514.953 10.6508 609.57
19.7 155.071 515.136 10.7053 609.387
19.8 154.946 515.319 10.7598 609.204
19.9 154.822 515.503 10.8142 609.02
20 154.697 515.688 10.8687 608.835
20.1 154.572 515.874 10.9232 608.649
20.2 154.448 516.061 10.9776 608.462
20.3 154.323 516.249 11.0321 608.274
20.4 154.199 516.437 11.0866 608.086
20.5 154.074 516.627 11.141 607.896
20.6 153.95 516.817 11.1955 607.706
20.7 153.825 517.009 11.25 607.514
20.8 153.701 517.201 11.3045 607.322
20.9 153.577 517.394 11.359 607.129
21 153.452 517.588 11.4135 606.935
21.1 153.328 517.783 11.4679 606.74
21.2 153.204 517.978 11.5224 606.544
21.3 153.079 518.175 11.5769 606.348
21.4 152.955 518.373 11.6314 606.15
21.5 152.831 518.571 11.6859 605.952
21.6 152.707 518.77 11.7404 605.753
21.7 152.583 518.97 11.7949 605.553
21.8 152.459 519.171 11.8494 605.352
21.9 152.335 519.373 11.9039 605.15
22 152.21 519.576 11.9584 604.947
22.1 152.086 519.78 12.0129 604.743
22.2 151.962 519.984 12.0674 604.539
22.3 151.838 520.19 12.1219 604.333
22.4 151.715 520.396 12.1765 604.127
22.5 151.591 520.603 12.231 603.92
22.6 151.467 520.811 12.2855 603.712
22.7001 151.343 521.02 12.34 603.503
22.8001 151.219 521.23 12.3945 603.293
22.9001 151.095 521.441 12.4491 603.082
23.0001 150.972 521.652 12.5036 602.871
23.1001 150.848 521.864 12.5581 602.659
23.2001 150.724 522.078 12.6126 602.445
23.3001 150.601 522.292 12.6672 602.231
23.4001 150.477 522.507 12.7217 602.016
23.5001 150.353 522.723 12.7762 601.8
23.6001 150.23 522.939 12.8308 601.584
23.7001 150.106 523.157 12.8853 601.366
23.8001 149.983 523.376 12.9399 601.147
23.9001 149.859 523.595 12.9944 600.928
24.0001 149.736 523.815 13.049 600.708
24.1001 149.612 524.036 13.1035 600.487
24.2001 149.489 524.258 13.1581 600.265
24.3001 149.366 524.481 13.2126 600.042
24.4001 149.242 524.705 13.2672 599.818
24.5001 149.119 524.929 13.3217 599.594
24.6001 148.996 525.155 13.3763 599.368
24.7001 148.873 525.381 13.4309 599.142
24.8001 148.75 525.608 13.4854 598.915
24.9001 148.626 525.836 13.54 598.687
25.0001 148.503 526.065 13.5946 598.458
25.1001 148.38 526.294 13.6492 598.229
25.2001 148.257 526.525 13.7037 597.998
25.3001 148.134 526.756 13.7583 597.767
25.4001 148.011 526.989 13.8129 597.534
25.5001 147.888 527.222 13.8675 597.301
25.6001 147.765 527.456 13.9221 597.067
25.7001 147.642 527.691 13.9767 596.832
25.8001 147.52 527.926 14.0312 596.597
25.9001 147.397 528.163 14.0858 596.36
26.0001 147.274 528.4 14.1404 596.123
26.1001 147.151 528.638 14.195 595.885
26.2001 147.029 528.877 14.2496 595.646
26.3001 146.906 529.117 14.3042 595.406
26.4001 146.783 529.358 14.3588 595.165
26.5001 146.661 529.6 14.4135 594.923
26.6001 146.538 529.842 14.4681 594.681
26.7001 146.416 530.086 14.5227 594.437
26.8001 146.293 530.33 14.5773 594.193
26.9001 146.171 530.575 14.6319 593.948
27.0001 146.048 530.821 14.6865 593.702
27.1001 145.926 531.067 14.7412 593.456
27.2001 145.803 531.315 14.7958 593.208
27.3001 145.681 531.563 14.8504 592.96
27.4001 145.559 531.813 14.9051 592.71
27.5001 145.436 532.063 14.9597 592.46
27.6001 145.314 532.313 15.0143 592.21
27.7001 145.192 532.565 15.069 591.958
27.8001 145.07 532.818 15.1236 591.705
27.9001 144.948 533.071 15.1783 591.452
28.0001 144.826 533.326 15.2329 591.197
28.1001 144.704 533.581 15.2875 590.942
28.2001 144.582 533.837 15.3422 590.686
28.3001 144.46 534.093 15.3969 590.43
28.4001 144.338 534.351 15.4515 590.172
28.5001 144.216 534.609 15.5062 589.914
28.6001 144.094 534.869 15.5608 589.654
28.7001 143.972 535.129 15.6155 589.394
28.8001 143.85 535.39 15.6702 589.133
28.9001 143.729 535.651 15.7249 588.872
29.0001 143.607 535.914 15.7795 588.609
29.1001 143.485 536.177 15.8342 588.346
29.2001 143.363 536.442 15.8889 588.081
29.3001 143.242 536.707 15.9436 587.816
29.4001 143.12 536.973 15.9983 587.55
29.5001 142.999 537.239 16.0529 587.284
29.6001 142.877 537.507 16.1076 587.016
29.7001 142.756 537.775 16.1623 586.748
29.8001 142.634 538.044 16.217 586.479
29.9001 142.513 538.314 16.2717 586.209
30.0001 142.392 538.585 16.3264 585.938
30.1001 142.27 538.857 16.3811 585.666
30.2001 142.149 539.129 16.4359 585.394
30.3001 142.028 539.403 16.4906 585.12
30.4001 141.906 539.677 16.5453 584.846
30.5001 141.785 539.952 16.6 584.571
30.6001 141.664 540.227 16.6547 584.296
30.7001 141.543 540.504 16.7094 584.019
30.8001 141.422 540.781 16.7642 583.742
30.9001 141.301 541.059 16.8189 583.463
31.0001 141.18 541.338 16.8736 583.185
31.1001 141.059 541.618 16.9284 582.905
31.2001 140.938 541.899 16.9831 582.624
31.3001 140.817 542.18 17.0379 582.343
31.4001 140.696 542.463 17.0926 582.06
31.5001 140.576 542.746 17.1474 581.777
31.6001 140.455 543.029 17.2021 581.494
31.7001 140.334 543.314 17.2569 581.209
31.8001 140.214 543.6 17.3116 580.923
31.9001 140.093 543.886 17.3664 580.637
32.0001 139.972 544.173 17.4211 580.35
32.1001 139.852 544.461 17.4759 580.062
32.2001 139.731 544.749 17.5307 579.774
32.3001 139.611 545.039 17.5855 579.484
32.4001 139.49 545.329 17.6402 579.194
32.5001 139.37 545.62 17.695 578.903
32.6001 139.249 545.912 17.7498 578.611
32.7001 139.129 546.205 17.8046 578.318
32.8001 139.009 546.498 17.8594 578.025
32.9001 138.889 546.792 17.9142 577.73
33.0001 138.768 547.088 17.969 577.435
33.1001 138.648 547.383 18.0238 577.14
33.2001 138.528 547.68 18.0786 576.843
33.3001 138.408 547.977 18.1334 576.546
33.4001 138.288 548.276 18.1882 576.247
33.5001 138.168 548.575 18.243 575.948
33.6001 138.048 548.875 18.2978 575.648
33.7001 137.928 549.175 18.3526 575.348
33.8001 137.808 549.476 18.4074 575.047
33.9001 137.688 549.779 18.4623 574.744
34.0001 137.568 550.082 18.5171 574.441
34.1001 137.449 550.385 18.5719 574.138
34.2001 137.329 550.69 18.6268 573.833
34.3 137.209 550.995 18.6816 573.528
34.4 137.09 551.301 18.7364 573.222
34.5 136.97 551.608 18.7913 572.915
34.6 136.85 551.916 18.8461 572.607
34.7 136.731 552.224 18.901 572.299
34.8 136.611 552.533 18.9558 571.99
34.9 136.492 552.843 19.0107 571.68
35 136.373 553.154 19.0656 571.369
35.1 136.253 553.466 19.1204 571.057
35.2 136.134 553.778 19.1753 570.745
35.3 136.015 554.091 19.2302 570.432
35.4 135.895 554.405 19.285 570.118
35.5 135.776 554.72 19.3399 569.803
35.6 135.657 555.035 19.3948 569.488
35.7 135.538 555.351 19.4497 569.172
35.8 135.419 555.668 19.5046 568.855
35.9 135.3 555.986 19.5595 568.537
36 135.181 556.304 19.6144 568.219
36.1 135.062 556.623 19.6693 567.9
36.2 134.943 556.943 19.7242 567.58
36.3 134.824 557.264 19.7791 567.259
36.4 134.705 557.586 19.834 566.937
36.5 134.586 557.908 19.8889 566.615
36.6 134.468 558.231 19.9438 566.292
36.7 134.349 558.555 19.9988 565.968
36.8 134.23 558.879 20.0537 565.643
36.9 134.111 559.205 20.1086 565.318
37 133.993 559.531 20.1636 564.992
37.1 133.874 559.858 20.2185 564.665
37.2 133.756 560.185 20.2734 564.338
37.3 133.637 560.514 20.3284 564.009
37.4 133.519 560.843 20.3833 563.68
37.5 133.401 561.173 20.4383 563.35
37.6 133.282 561.503 20.4932 563.02
37.7 133.164 561.835 20.5482 562.688
37.8 133.046 562.167 20.6032 562.356
37.9 132.927 562.5 20.6581 562.023
38 132.809 562.833 20.7131 561.69
38.1 132.691 563.168 20.7681 561.355
38.2 132.573 563.503 20.8231 561.02
38.3 132.455 563.838 20.8781 560.685
38.4 132.337 564.175 20.933 560.348
38.5 132.219 564.512 20.988 560.011
38.6 132.101 564.85 21.043 559.673
38.7 131.983 565.189 21.098 559.334
38.8 131.865 565.529 21.153 558.994
38.9 131.748 565.869 21.208 558.654
39 131.63 566.21 21.2631 558.313
39.1 131.512 566.552 21.3181 557.971
39.2 131.395 566.894 21.3731 557.629
39.3 131.277 567.238 21.4281 557.285
39.4 131.159 567.582 21.4831 556.941
39.5 131.042 567.926 21.5382 556.597
39.6 130.924 568.272 21.5932 556.251
39.7 130.807 568.618 21.6482 555.905
39.8 130.689 568.965 21.7033 555.558
39.9 130.572 569.312 21.7583 555.211
40 130.455 569.661 21.8134 554.862
40.1 130.337 570.01 21.8684 554.513
40.2 130.22 570.359 21.9235 554.164
40.3 130.103 570.71 21.9786 553.813
40.4 129.986 571.061 22.0336 553.462
40.5 129.869 571.413 22.0887 553.11
40.6 129.752 571.766 22.1438 552.757
40.7 129.635 572.119 22.1989 552.404
40.7999 129.518 572.473 22.254 552.05
40.8999 129.401 572.828 22.309 551.695
40.9999 129.284 573.184 22.3641 551.339
41.0999 129.167 573.54 22.4192 550.983
41.1999 129.05 573.897 22.4743 550.626
41.2999 128.933 574.254 22.5294 550.269
41.3999 128.817 574.613 22.5846 549.91
41.4999 128.7 574.972 22.6397 549.551
41.5999 128.583 575.332 22.6948 549.191
41.6999 128.467 575.692 22.7499 548.831
41.7999 128.35 576.053 22.805 548.47
41.8999 128.234 576.415 22.8602 548.108
41.9999 128.117 576.778 22.9153 547.745
42.0999 128.001 577.141 22.9705 547.382
42.1999 127.885 577.505 23.0256 547.018
42.2999 127.768 577.87 23.0807 546.653
42.3999 127.652 578.236 23.1359 546.287
42.4999 127.536 578.602 23.1911 545.921
42.5999 127.42 578.969 23.2462 545.554
42.6999 127.303 579.336 23.3014 545.187
42.7999 127.187 579.704 23.3566 544.819
42.8999 127.071 580.073 23.4117 544.45
42.9999 126.955 580.443 23.4669 544.08
43.0999 126.839 580.813 23.5221 543.71
43.1999 126.723 581.184 23.5773 543.339
43.2999 126.607 581.556 23.6325 542.967
43.3999 126.492 581.928 23.6877 542.595
43.4999 126.376 582.301 23.7429 542.222
43.5999 126.26 582.675 23.7981 541.848
43.6999 126.144 583.049 23.8533 541.474
43.7999 126.029 583.425 23.9085 541.098
43.8999 125.913 583.8 23.9638 540.723
43.9999 125.797 584.177 24.019 540.346
44.0999 125.682 584.554 24.0742 539.969
44.1999 125.566 584.932 24.1294 539.591
44.2999 125.451 585.31 24.1847 539.213
44.3999 125.336 585.69 24.2399 538.833
44.4999 125.22 586.07 24.2952 538.453
44.5999 125.105 586.45 24.3504 538.073
44.6999 124.99 586.831 24.4057 537.692
44.7999 124.874 587.213 24.461 537.31
44.8999 124.759 587.596 24.5162 536.927
44.9999 124.644 587.979 24.5715 536.544
45.0999 124.529 588.363 24.6268 536.16
45.1999 124.414 588.748 24.6821 535.775
45.2999 124.299 589.133 24.7374 535.39
45.3999 124.184 589.519 24.7926 535.004
45.4999 124.069 589.905 24.8479 534.618
45.5999 123.954 590.293 24.9032 534.23
45.6999 123.839 590.68 24.9586 533.843
45.7999 123.725 591.069 25.0139 533.454
45.8999 123.61 591.458 25.0692 533.065
45.9999 123.495 591.848 25.1245 532.675
46.0999 123.381 592.239 25.1798 532.284
46.1999 123.266 592.63 25.2352 531.893
46.2999 123.152 593.022 25.2905 531.501
46.3999 123.037 593.414 25.3458 531.109
46.4999 122.923 593.807 25.4012 530.716
46.5999 122.808 594.201 25.4565 530.322
46.6999 122.694 594.596 25.5119 529.927
46.7999 122.579 594.991 25.5673 529.532
46.8999 122.465 595.387 25.6226 529.136
46.9999 122.351 595.783 25.678 528.74
47.0999 122.237 596.18 25.7334 528.343
47.1999 122.123 596.578 25.7888 527.945
47.2999 122.008 596.976 25.8442 527.547
47.3998 121.894 597.375 25.8995 527.148
47.4998 121.78 597.775 25.9549 526.748
47.5998 121.666 598.175 26.0103 526.348
47.6998 121.553 598.576 26.0658 525.947
47.7998 121.439 598.977 26.1212 525.546
47.8998 121.325 599.38 26.1766 525.143
47.9998 121.211 599.782 26.232 524.741
48.0998 121.097 600.186 26.2874 524.337
48.1998 120.984 600.59 26.3429 523.933
48.2998 120.87 600.995 26.3983 523.528
48.3998 120.756 601.4 26.4538 523.123
48.4998 120.643 601.806 26.5092 522.717
48.5998 120.529 602.213 26.5647 522.31
48.6998 120.416 602.62 26.6201 521.903
48.7998 120.302 603.028 26.6756 521.495
48.8998 120.189 603.436 26.7311 521.087
48.9998 120.076 603.845 26.7865 520.678
49.0998 119.962 604.255 26.842 520.268
49.1998 119.849 604.665 26.8975 519.858
49.2998 119.736 605.076 26.953 519.447
49.3998 119.623 605.488 27.0085 519.035
49.4998 119.51 605.9 27.064 518.623
49.5998 119.397 606.313 27.1195 518.21
49.6998 119.284 606.726 27.175 517.797
49.7998 119.171 607.14 27.2305 517.383
49.8998 119.058 607.555 27.2861 516.968
49.9998 118.945 607.97 27.3416 516.553
50.0998 118.832 608.386 27.3971 516.137
50.1998 118.719 608.802 27.4527 515.721
50.2998 118.606 609.22 27.5082 515.303
50.3998 118.494 609.637 27.5638 514.886
50.4998 118.381 610.055 27.6193 514.468
50.5998 118.268 610.474 27.6749 514.049
50.6998 118.156 610.894 27.7305 513.629
50.7998 118.043 611.314 27.786 513.209
50.8998 117.931 611.735 27.8416 512.788
50.9998 117.819 612.156 27.8972 512.367
51.0998 117.706 612.578 27.9528 511.945
51.1998 117.594 613 28.0084 511.523
51.2998 117.481 613.423 28.064 511.1
51.3998 117.369 613.847 28.1196 510.676
51.4998 117.257 614.271 28.1752 510.252
51.5998 117.145 614.696 28.2309 509.827
51.6998 117.033 615.121 28.2865 509.402
51.7998 116.921 615.547 28.3421 508.976
51.8998 116.809 615.974 28.3978 508.549
51.9998 116.697 616.401 28.4534 508.122
52.0998 116.585 616.829 28.509 507.694
52.1998 116.473 617.257 28.5647 507.266
52.2998 116.361 617.686 28.6204 506.837
52.3998 116.249 618.116 28.676 506.407
52.4998 116.138 618.546 28.7317 505.977
52.5998 116.026 618.976 28.7874 505.547
52.6998 115.914 619.408 28.8431 505.115
52.7998 115.803 619.84 28.8988 504.683
52.8998 115.691 620.272 28.9545 504.251
52.9998 115.58 620.705 29.0102 503.818
53.0998 115.468 621.138 29.0659 503.385
53.1998 115.357 621.572 29.1216 502.951
53.2998 115.245 622.007 29.1773 502.516
53.3998 115.134 622.442 29.233 502.081
53.4998 115.023 622.878 29.2888 501.645
53.5998 114.911 623.314 29.3445 501.209
53.6998 114.8 623.751 29.4003 500.772
53.7998 114.689 624.189 29.456 500.334
53.8997 114.578 624.627 29.5118 499.896
53.9997 114.467 625.065 29.5675 499.458
54.0997 114.356 625.505 29.6233 499.018
54.1997 114.245 625.944 29.6791 498.579
54.2997 114.134 626.385 29.7349 498.138
54.3997 114.023 626.825 29.7907 497.698
54.4997 113.912 627.267 29.8465 497.256
54.5997 113.801 627.709 29.9023 496.814
54.6997 113.691 628.151 29.9581 496.372
54.7997 113.58 628.594 30.0139 495.929
54.8997 113.469 629.038 30.0697 495.485
54.9997 113.359 629.482 30.1255 495.041
55.0997 113.248 629.926 30.1814 494.597
55.1997 113.138 630.372 30.2372 494.151
55.2997 113.027 630.817 30.2931 493.706
55.3997 112.917 631.263 30.3489 493.26
55.4997 112.806 631.71 30.4048 492.813
55.5997 112.696 632.158 30.4606 492.365
55.6997 112.586 632.605 30.5165 491.918
55.7997 112.475 633.054 30.5724 491.469
55.8997 112.365 633.503 30.6283 491.02
55.9997 112.255 633.952 30.6842 490.571
56.0997 112.145 634.402 30.7401 490.121
56.1997 112.035 634.853 30.796 489.67
56.2997 111.925 635.304 30.8519 489.219
56.3997 111.815 635.755 30.9078 488.768
56.4997 111.705 636.207 30.9637 488.316
56.5997 111.595 636.66 31.0197 487.863
56.6997 111.485 637.113 31.0756 487.41
56.7997 111.376 637.567 31.1315 486.956
56.8997 111.266 638.021 31.1875 486.502
56.9997 111.156 638.476 31.2434 486.047
57.0997 111.046 638.931 31.2994 485.592
57.1997 110.937 639.387 31.3554 485.136
57.2997 110.827 639.843 31.4114 484.68
57.3997 110.718 640.3 31.4674 484.223
57.4997 110.608 640.757 31.5233 483.766
57.5997 110.499 641.215 31.5793 483.308
57.6997 110.389 641.673 31.6353 482.85
57.7997 110.28 642.132 31.6914 482.391
57.8997 110.171 642.591 31.7474 481.932
57.9997 110.062 643.051 31.8034 481.472
58.0997 109.952 643.511 31.8594 481.012
58.1997 109.843 643.972 31.9155 480.551
58.2997 109.734 644.433 31.9715 480.09
58.3997 109.625 644.895 32.0276 479.628
58.4997 109.516 645.357 32.0836 479.166
58.5997 109.407 645.82 32.1397 478.703
58.6997 109.298 646.283 32.1958 478.24
58.7997 109.189 646.747 32.2519 477.776
58.8997 109.08 647.211 32.308 477.312
58.9997 108.972 647.676 32.3641 476.847
59.0997 108.863 648.141 32.4202 476.382
59.1997 108.754 648.607 32.4763 475.916
59.2997 108.645 649.073 32.5324 475.45
59.3997 108.537 649.54 32.5885 474.983
59.4997 108.428 650.007 32.6446 474.516
59.5997 108.32 650.475 32.7008 474.048
59.6997 108.211 650.943 32.7569 473.58
59.7997 108.103 651.411 32.8131 473.112
59.8997 107.994 651.88 32.8693 472.643
59.9997 107.886 652.35 32.9254 472.173
60.0997 107.778 652.82 32.9816 471.703
60.1997 107.67 653.291 33.0378 471.232
60.2997 107.561 653.762 33.094 470.761
60.3997 107.453 654.233 33.1502 470.29
60.4996 107.345 654.705 33.2064 469.818
60.5996 107.237 655.177 33.2626 469.346
60.6996 107.129 655.65 33.3188 468.873
60.7996 107.021 656.123 33.375 468.4
60.8996 106.913 656.597 33.4313 467.926
60.9996 106.805 657.071 33.4875 467.452
61.0996 106.697 657.546 33.5438 466.977
61.1996 106.589 658.021 33.6 466.502
61.2996 106.482 658.497 33.6563 466.026
61.3996 106.374 658.973 33.7126 465.55
61.4996 106.266 659.449 33.7688 465.074
61.5996 106.159 659.926 33.8251 464.597
61.6996 106.051 660.404 33.8814 464.119
61.7996 105.944 660.882 33.9377 463.641
61.8996 105.836 661.36 33.994 463.163
61.9996 105.729 661.839 34.0504 462.684
62.0996 105.621 662.318 34.1067 462.205
62.1996 105.514 662.797 34.163 461.726
62.2996 105.407 663.277 34.2194 461.246
62.3996 105.299 663.758 34.2757 460.765
62.4996 105.192 664.239 34.3321 460.284
62.5996 105.085 664.72 34.3884 459.803
62.6996 104.978 665.202 34.4448 459.321
62.7996 104.871 665.684 34.5012 458.839
62.8996 104.764 666.167 34.5576 458.356
62.9996 104.657 666.65 34.614 457.873
63.0996 104.55 667.134 34.6704 457.389
63.1996 104.443 667.618 34.7268 456.905
63.2996 104.336 668.102 34.7832 456.421
63.3996 104.229 668.587 34.8396 455.936
63.4996 104.122 669.072 34.8961 455.451
63.5996 104.016 669.558 34.9525 454.965
63.6996 103.909 670.044 35.009 454.479
63.7996 103.802 670.531 35.0654 453.992
63.8996 103.696 671.018 35.1219 453.505
63.9996 103.589 671.505 35.1784 453.018
64.0996 103.483 671.993 35.2349 452.53
64.1996 103.376 672.481 35.2914 452.042
64.2996 103.27 672.969 35.3479 451.554
64.3996 103.163 673.458 35.4044 451.065
64.4996 103.057 673.948 35.4609 450.575
64.5996 102.951 674.438 35.5174 450.085
64.6996 102.844 674.928 35.574 449.595
64.7996 102.738 675.419 35.6305 449.104
64.8996 102.632 675.91 35.6871 448.613
64.9996 102.526 676.401 35.7436 448.122
65.0996 102.42 676.893 35.8002 447.63
65.1996 102.314 677.385 35.8568 447.138
65.2996 102.208 677.878 35.9134 446.645
65.3996 102.102 678.371 35.9699 446.152
65.4996 101.996 678.864 36.0266 445.659
65.5996 101.89 679.358 36.0832 445.165
65.6996 101.784 679.852 36.1398 444.671
65.7996 101.679 680.347 36.1964 444.176
65.8996 101.573 680.842 36.253 443.681
65.9996 101.467 681.337 36.3097 443.186
66.0996 101.362 681.833 36.3663 442.69
66.1996 101.256 682.329 36.423 442.194
66.2996 101.15 682.826 36.4797 441.697
66.3996 101.045 683.323 36.5364 441.2
66.4996 100.939 683.82 36.5931 440.703
66.5996 100.834 684.318 36.6497 440.205
66.6996 100.729 684.816 36.7065 439.707
66.7996 100.623 685.314 36.7632 439.209
66.8996 100.518 685.813 36.8199 438.71
66.9995 100.413 686.312 36.8766 438.211
67.0995 100.308 686.811 36.9334 437.712
67.1995 100.202 687.311 36.9901 437.212
67.2995 100.097 687.812 37.0469 436.711
67.3995 99.9922 688.312 37.1036 436.211
67.4995 99.8872 688.813 37.1604 435.71
67.5995 99.7822 689.315 37.2172 435.208
67.6995 99.6773 689.816 37.274 434.707
67.7995 99.5724 690.318 37.3308 434.205
67.8995 99.4676 690.821 37.3876 433.702
67.9995 99.3628 691.324 37.4444 433.199
68.0995 99.258 691.827 37.5013 432.696
68.1995 99.1533 692.33 37.5581 432.193
68.2995 99.0486 692.834 37.615 431.689
68.3995 98.944 693.338 37.6718 431.185
68.4995 98.8394 693.843 37.7287 430.68
68.5995 98.7348 694.348 37.7856 430.175
68.6995 98.6303 694.853 37.8425 429.67
68.7995 98.5259 695.359 37.8994 429.164
68.8995 98.4215 695.864 37.9563 428.659
68.9995 98.3171 696.371 38.0132 428.152
69.0995 98.2127 696.877 38.0701 427.646
69.1995 98.1085 697.384 38.127 427.139
69.2995 98.0042 697.892 38.184 426.631
69.3995 97.9 698.399 38.2409 426.124
69.4995 97.7958 698.907 38.2979 425.616
69.5995 97.6917 699.415 38.3549 425.108
69.6995 97.5877 699.924 38.4119 424.599
69.7995 97.4836 700.433 38.4688 424.09
69.8995 97.3796 700.942 38.5258 423.581
69.9995 97.2757 701.452 38.5829 423.071
70.0995 97.1718 701.962 38.6399 422.561
70.1995 97.0679 702.472 38.6969 422.051
70.2995 96.9641 702.982 38.7539 421.54
70.3995 96.8603 703.493 38.811 421.03
70.4995 96.7566 704.005 38.8681 420.518
70.5995 96.6529 704.516 38.9251 420.007
70.6995 96.5493 705.028 38.9822 419.495
70.7995 96.4457 705.54 39.0393 418.983
70.8995 96.3421 706.052 39.0964 418.471
70.9995 96.2386 706.565 39.1535 417.958
71.0995 96.1351 707.078 39.2106 417.445
71.1995 96.0317 707.592 39.2677 416.931
71.2995 95.9283 708.105 39.3249 416.418
71.3995 95.8249 708.619 39.382 415.904
71.4995 95.7216 709.134 39.4392 415.389
71.5995 95.6183 709.648 39.4964 414.875
71.6995 95.5151 710.163 39.5535 414.36
71.7995 95.4119 710.678 39.6107 413.845
71.8995 95.3088 711.194 39.6679 413.329
71.9995 95.2057 711.71 39.7251 412.813
72.0995 95.1027 712.226 39.7824 412.297
72.1995 94.9996 712.742 39.8396 411.781
72.2995 94.8967 713.259 39.8968 411.264
72.3995 94.7937 713.775 39.9541 410.747
72.4995 94.6909 714.293 40.0113 410.23
72.5995 94.588 714.81 40.0686 409.713
72.6995 94.4852 715.328 40.1259 409.195
72.7995 94.3824 715.846 40.1832 408.677
72.8995 94.2797 716.364 40.2405 408.159
72.9995 94.177 716.883 40.2978 407.64
73.0995 94.0744 717.402 40.3551 407.121
73.1995 93.9718 717.921 40.4124 406.602
73.2995 93.8693 718.441 40.4698 406.082
73.3995 93.7667 718.96 40.5271 405.563
73.4995 93.6643 719.48 40.5845 405.043
73.5994 93.5619 720.001 40.6419 404.522
73.6994 93.4595 720.521 40.6993 404.002
73.7994 93.3571 721.042 40.7567 403.481
73.8994 93.2548 721.563 40.8141 402.96
73.9994 93.1526 722.084 40.8715 402.439
74.0994 93.0503 722.606 40.9289 401.917
74.1994 92.9482 723.128 40.9864 401.395
74.2994 92.846 723.65 41.0438 400.873
74.3994 92.7439 724.172 41.1013 400.351
74.4994 92.6419 724.695 41.1588 399.828
74.5994 92.5399 725.218 41.2162 399.305
74.6994 92.4379 725.741 41.2737 398.782
74.7994 92.336 726.264 41.3312 398.259
74.8994 92.2341 726.788 41.3888 397.735
74.9994 92.1322 727.312 41.4463 397.211
75.0994 92.0304 727.836 41.5038 396.687
75.1994 91.9286 728.36 41.5614 396.163
75.2994 91.8269 728.885 41.6189 395.638
75.3994 91.7252 729.409 41.6765 395.114
75.4994 91.6236 729.935 41.7341 394.588
75.5994 91.522 730.46 41.7917 394.063
75.6994 91.4204 730.985 41.8493 393.538
75.7994 91.3189 731.511 41.9069 393.012
75.8994 91.2174 732.037 41.9645 392.486
75.9994 91.116 732.563 42.0222 391.96
76.0994 91.0146 733.09 42.0798 391.433
76.1994 90.9132 733.617 42.1375 390.906
76.2994 90.8119 734.143 42.1952 390.38
76.3994 90.7106 734.671 42.2529 389.852
76.4994 90.6094 735.198 42.3106 389.325
76.5994 90.5082 735.726 42.3683 388.797
76.6994 90.4071 736.253 42.426 388.27
76.7994 90.3059 736.781 42.4837 387.742
76.8994 90.2049 737.31 42.5415 387.213
76.9994 90.1038 737.838 42.5992 386.685
77.0994 90.0028 738.367 42.657 386.156
77.1994 89.9019 738.896 42.7148 385.627
77.2994 89.801 739.425 42.7726 385.098
77.3994 89.7001 739.954 42.8304 384.569
77.4994 89.5993 740.484 42.8882 384.039
77.5994 89.4985 741.013 42.946 383.51
77.6994 89.3977 741.543 43.0039 382.98
77.7994 89.297 742.073 43.0617 382.45
77.8994 89.1963 742.604 43.1196 381.919
77.9994 89.0957 743.134 43.1775 381.389
78.0994 88.9951 743.665 43.2354 380.858
78.1994 88.8946 744.196 43.2933 380.327
78.2994 88.7941 744.727 43.3512 379.796
78.3994 88.6936 745.258 43.4091 379.265
78.4994 88.5932 745.79 43.467 378.733
78.5994 88.4928 746.321 43.525 378.202
78.6994 88.3924 746.853 43.5829 377.67
78.7994 88.2921 747.385 43.6409 377.138
78.8994 88.1918 747.917 43.6989 376.606
78.9994 88.0916 748.45 43.7569 376.073
79.0994 87.9914 748.982 43.8149 375.541
79.1994 87.8913 749.515 43.8729 375.008
79.2994 87.7911 750.048 43.931 374.475
79.3994 87.6911 750.581 43.989 373.942
79.4994 87.591 751.115 44.0471 373.408
79.5994 87.491 751.648 44.1052 372.875
79.6994 87.3911 752.182 44.1633 372.341
79.7994 87.2912 752.715 44.2214 371.808
79.8994 87.1913 753.249 44.2795 371.274
79.9994 87.0915 753.784 44.3376 370.739
80.0993 86.9917 754.318 44.3957 370.205
80.1993 86.8919 754.852 44.4539 369.671
80.2993 86.7922 755.387 44.5121 369.136
80.3993 86.6925 755.922 44.5702 368.601
80.4993 86.5929 756.457 44.6284 368.066
80.5993 86.4933 756.992 44.6866 367.531
80.6993 86.3937 757.527 44.7448 366.996
80.7993 86.2942 758.063 44.8031 366.46
80.8993 86.1947 758.598 44.8613 365.925
80.9993 86.0952 759.134 44.9196 365.389
81.0993 85.9958 759.67 44.9778 364.853
81.1993 85.8965 760.206 45.0361 364.317
81.2993 85.7971 760.742 45.0944 363.781
81.3993 85.6978 761.278 45.1527 363.245
81.4993 85.5986 761.815 45.2111 362.708
81.5993 85.4994 762.351 45.2694 362.172
81.6993 85.4002 762.888 45.3277 361.635
81.7993 85.3011 763.425 45.3861 361.098
81.8993 85.202 763.962 45.4445 360.561
81.9993 85.1029 764.499 45.5029 360.024
82.0993 85.0039 765.036 45.5613 359.487
82.1993 84.9049 765.573 45.6197 358.95
82.2993 84.8059 766.111 45.6781 358.412
82.3993 84.707 766.649 45.7366 357.874
82.4993 84.6082 767.186 45.795 357.337
82.5993 84.5093 767.724 45.8535 356.799
82.6993 84.4106 768.262 45.912 356.261
82.7993 84.3118 768.8 45.9705 355.723
82.8993 84.2131 769.339 46.029 355.184
82.9993 84.1144 769.877 46.0876 354.646
83.0993 84.0158 770.415 46.1461 354.108
83.1993 83.9172 770.954 46.2047 353.569
83.2993 83.8186 771.493 46.2632 353.03
83.3993 83.7201 772.032 46.3218 352.491
83.4993 83.6216 772.571 46.3804 351.952
83.5993 83.5232 773.11 46.439 351.413
83.6993 83.4247 773.649 46.4977 350.874
83.7993 83.3264 774.188 46.5563 350.335
83.8993 83.228 774.727 46.615 349.796
83.9993 83.1297 775.267 46.6736 349.256
84.0993 83.0315 775.806 46.7323 348.717
84.1993 82.9333 776.346 46.791 348.177
84.2993 82.8351 776.886 46.8497 347.637
84.3993 82.7369 777.425 46.9085 347.097
84.4993 82.6388 777.965 46.9672 346.558
84.5993 82.5407 778.505 47.026 346.018
84.6993 82.4427 779.046 47.0848 345.477
84.7993 82.3447 779.586 47.1436 344.937
84.8993 82.2468 780.126 47.2024 344.397
84.9993 82.1488 780.666 47.2612 343.857
85.0993 82.0509 781.207 47.32 343.316
85.1993 81.9531 781.747 47.3789 342.776
85.2993 81.8553 782.288 47.4377 342.235
85.3993 81.7575 782.829 47.4966 341.694
85.4993 81.6598 783.369 47.5555 341.154
85.5993 81.5621 783.91 47.6144 340.613
85.6993 81.4644 784.451 47.6733 340.072
85.7993 81.3668 784.992 47.7323 339.531
85.8993 81.2692 785.533 47.7912 338.99
85.9993 81.1717 786.074 47.8502 338.449
86.0993 81.0741 786.615 47.9092 337.908
86.1993 80.9767 787.157 47.9682 337.366
86.2993 80.8792 787.698 48.0272 336.825
86.3993 80.7818 788.239 48.0863 336.284
86.4993 80.6845 788.781 48.1453 335.742
86.5993 80.5871 789.322 48.2044 335.201
86.6992 80.4898 789.864 48.2635 334.659
86.7992 80.3926 790.405 48.3225 334.118
86.8992 80.2954 790.947 48.3817 333.576
86.9992 80.1982 791.489 48.4408 333.034
87.0992 80.101 792.03 48.4999 332.492
87.1992 80.0039 792.572 48.5591 331.951
87.2992 79.9068 793.114 48.6183 331.409
87.3992 79.8098 793.656 48.6775 330.867
87.4992 79.7128 794.198 48.7367 330.325
87.5992 79.6158 794.74 48.7959 329.783
87.6992 79.5189 795.282 48.8551 329.241
87.7992 79.422 795.824 48.9144 328.699
87.8992 79.3252 796.366 48.9737 328.157
87.9992 79.2283 796.908 49.033 327.615
88.0992 79.1315 797.45 49.0923 327.073
88.1992 79.0348 797.993 49.1516 326.53
88.2992 78.9381 798.535 49.2109 325.988
88.3992 78.8414 799.077 49.2703 325.446
88.4992 78.7448 799.619 49.3297 324.904
88.5992 78.6482 800.162 49.3891 324.361
88.6992 78.5516 800.704 49.4485 323.819
88.7992 78.4551 801.246 49.5079 323.277
88.8992 78.3586 801.789 49.5673 322.734
88.9992 78.2621 802.331 49.6268 322.192
89.0992 78.1657 802.873 49.6863 321.65
89.1992 78.0693 803.416 49.7458 321.107
89.2992 77.9729 803.958 49.8053 320.565
89.3992 77.8766 804.501 49.8648 320.022
89.4992 77.7803 805.043 49.9243 319.48
89.5992 77.6841 805.585 49.9839 318.937
89.6992 77.5879 806.128 50.0435 318.395
89.7992 77.4917 806.67 50.1031 317.853
89.8992 77.3955 807.213 50.1627 317.31
89.9992 77.2994 807.755 50.2223 316.768
90.0992 77.2033 808.298 50.282 316.225
90.1992 77.1073 808.84 50.3416 315.683
90.2992 77.0113 809.383 50.4013 315.14
90.3992 76.9153 809.925 50.461 314.598
90.4992 76.8194 810.468 50.5207 314.055
90.5992 76.7235 811.01 50.5805 313.513
90.6992 76.6276 811.553 50.6402 312.97
90.7992 76.5318 812.095 50.7 312.428
90.8992 76.436 812.637 50.7598 311.886
90.9992 76.3403 813.18 50.8196 311.343
91.0992 76.2445 813.722 50.8794 310.801
91.1992 76.1489 814.264 50.9393 310.258
91.2992 76.0532 814.807 50.9991 309.716
91.3992 75.9576 815.349 51.059 309.174
91.4992 75.862 815.891 51.1189 308.632
91.5992 75.7664 816.434 51.1788 308.089
91.6992 75.6709 816.976 51.2387 307.547
91.7992 75.5755 817.518 51.2987 307.005
91.8992 75.48 818.06 51.3587 306.463
91.9992 75.3846 818.603 51.4187 305.92
92.0992 75.2892 819.145 51.4787 305.378
92.1992 75.1939 819.687 51.5387 304.836
92.2992 75.0986 820.229 51.5988 304.294
92.3992 75.0033 820.771 51.6588 303.752
92.4992 74.908 821.313 51.7189 303.21
92.5992 74.8128 821.855 51.779 302.668
92.6992 74.7177 822.397 51.8391 302.126
92.7992 74.6225 822.938 51.8993 301.585
92.8992 74.5274 823.48 51.9594 301.043
92.9992 74.4324 824.022 52.0196 300.501
93.0992 74.3373 824.564 52.0798 299.959
93.1992 74.2423 825.105 52.14 299.418
93.2991 74.1473 825.647 52.2003 298.876
93.3991 74.0524 826.188 52.2605 298.335
93.4991 73.9575 826.73 52.3208 297.793
93.5991 73.8626 827.271 52.3811 297.252
93.6991 73.7678 827.813 52.4414 296.71
93.7991 73.673 828.354 52.5018 296.169
93.8991 73.5782 828.895 52.5621 295.628
93.9991 73.4835 829.436 52.6225 295.087
94.0991 73.3888 829.978 52.6829 294.545
94.1991 73.2941 830.519 52.7433 294.004
94.2991 73.1995 831.06 52.8038 293.463
94.3991 73.1049 831.601 52.8642 292.922
94.4991 73.0103 832.141 52.9247 292.382
94.5991 72.9158 832.682 52.9852 291.841
94.6991 72.8213 833.223 53.0457 291.3
94.7991 72.7268 833.763 53.1063 290.76
94.8991 72.6324 834.304 53.1668 290.219
94.9991 72.538 834.844 53.2274 289.679
95.0991 72.4436 835.385 53.288 289.138
95.1991 72.3493 835.925 53.3486 288.598
95.2991 72.255 836.465 53.4093 288.058
95.3991 72.1607 837.005 53.4699 287.518
95.4991 72.0665 837.545 53.5306 286.978
95.5991 71.9723 838.085 53.5913 286.438
95.6991 71.8781 838.625 53.6521 285.898
95.7991 71.784 839.165 53.7128 285.358
95.8991 71.6899 839.704 53.7736 284.819
95.9991 71.5958 840.244 53.8344 284.279
96.0991 71.5018 840.783 53.8952 283.74
96.1991 71.4078 841.323 53.956 283.2
96.2991 71.3138 841.862 54.0169 282.661
96.3991 71.2199 842.401 54.0778 282.122
96.4991 71.126 842.94 54.1387 281.583
96.5991 71.0321 843.479 54.1996 281.044
96.6991 70.9382 844.018 54.2605 280.505
96.7991 70.8444 844.557 54.3215 279.966
96.8991 70.7506 845.095 54.3825 279.428
96.9991 70.6569 845.634 54.4435 278.889
97.0991 70.5632 846.172 54.5045 278.351
97.1991 70.4695 846.71 54.5656 277.813
97.2991 70.3759 847.249 54.6266 277.274
97.3991 70.2822 847.787 54.6877 276.736
97.4991 70.1887 848.324 54.7489 276.199
97.5991 70.0951 848.862 54.81 275.661
97.6991 70.0016 849.4 54.8712 275.123
97.7991 69.9081 849.937 54.9324 274.586
97.8991 69.8146 850.475 54.9936 274.048
97.9991 69.7212 851.012 55.0548 273.511
98.0991 69.6278 851.549 55.1161 272.974
98.1991 69.5344 852.086 55.1773 272.437
98.2991 69.4411 852.623 55.2387 271.9
98.3991 69.3478 853.16 55.3 271.363
98.4991 69.2545 853.696 55.3613 270.827
98.5991 69.1613 854.233 55.4227 270.29
98.6991 69.0681 854.769 55.4841 269.754
98.7991 68.9749 855.305 55.5455 269.218
98.8991 68.8818 855.841 55.607 268.682
98.9991 68.7887 856.377 55.6684 268.146
99.0991 68.6956 856.913 55.7299 267.61
99.1991 68.6025 857.448 55.7914 267.075
99.2991 68.5095 857.984 55.853 266.539
99.3991 68.4165 858.519 55.9145 266.004
99.4991 68.3236 859.054 55.9761 265.469
99.5991 68.2307 859.589 56.0377 264.934
99.6991 68.1378 860.124 56.0994 264.399
99.799 68.0449 860.658 56.161 263.865
99.899 67.9521 861.193 56.2227 263.33
99.999 67.8593 861.727 56.2844 262.796
100.099 67.7665 862.261 56.3462 262.262
100.199 67.6738 862.795 56.4079 261.728
100.299 67.5811 863.329 56.4697 261.194
100.399 67.4884 863.863 56.5315 260.66
100.499 67.3957 864.396 56.5933 260.127
100.599 67.3031 864.93 56.6552 259.593
100.699 67.2105 865.463 56.7171 259.06
100.799 67.118 865.996 56.779 258.527
100.899 67.0255 866.528 56.8409 257.995
100.999 66.933 867.061 56.9029 257.462
101.099 66.8405 867.593 56.9649 256.93
101.199 66.7481 868.126 57.0269 256.397
101.299 66.6557 868.658 57.0889 255.865
101.399 66.5633 869.19 57.151 255.333
101.499 66.471 869.721 57.2131 254.802
101.599 66.3787 870.253 57.2752 254.27
101.699 66.2864 870.784 57.3373 253.739
101.799 66.1941 871.315 57.3995 253.208
101.899 66.1019 871.846 57.4617 252.677
101.999 66.0097 872.377 57.5239 252.146
102.099 65.9176 872.907 57.5862 251.616
102.199 65.8254 873.438 57.6484 251.085
102.299 65.7333 873.968 57.7107 250.555
102.399 65.6413 874.498 57.7731 250.025
102.499 65.5492 875.027 57.8354 249.496
102.599 65.4572 875.557 57.8978 248.966
102.699 65.3652 876.086 57.9602 248.437
102.799 65.2733 876.615 58.0226 247.908
102.899 65.1814 877.144 58.0851 247.379
102.999 65.0895 877.673 58.1476 246.85
103.099 64.9976 878.201 58.2101 246.322
103.199 64.9058 878.73 58.2726 245.793
103.299 64.814 879.258 58.3352 245.265
103.399 64.7222 879.785 58.3978 244.738
103.499 64.6304 880.313 58.4604 244.21
103.599 64.5387 880.84 58.5231 243.683
103.699 64.447 881.367 58.5858 243.155
103.799 64.3554 881.894 58.6485 242.629
103.899 64.2638 882.421 58.7112 242.102
103.999 64.1722 882.948 58.774 241.575
104.099 64.0806 883.474 58.8368 241.049
104.199 63.9891 884 58.8996 240.523
104.299 63.8976 884.526 58.9625 239.997
104.399 63.8061 885.051 59.0254 239.472
104.499 63.7146 885.576 59.0883 238.947
104.599 63.6232 886.102 59.1512 238.421
104.699 63.5318 886.626 59.2142 237.897
104.799 63.4404 887.151 59.2772 237.372
104.899 63.3491 887.675 59.3402 236.848
104.999 63.2578 888.199 59.4033 236.324
105.099 63.1665 888.723 59.4664 235.8
105.199 63.0753 889.247 59.5295 235.276
105.299 62.984 889.77 59.5926 234.753
105.399 62.8928 890.293 59.6558 234.23
105.499 62.8017 890.816 59.719 233.707
105.599 62.7105 891.339 59.7823 233.184
105.699 62.6194 891.861 59.8455 232.662
105.799 62.5284 892.383 59.9088 232.14
105.899 62.4373 892.905 59.9722 231.618
105.999 62.3463 893.427 60.0355 231.096
106.099 62.2553 893.948 60.0989 230.575
106.199 62.1643 894.469 60.1623 230.054
106.299 62.0734 894.99 60.2258 229.533
106.399 61.9825 895.511 60.2893 229.012
106.499 61.8916 896.031 60.3528 228.492
106.599 61.8007 896.551 60.4163 227.972
106.699 61.7099 897.071 60.4799 227.452
106.799 61.6191 897.59 60.5435 226.933
106.899 61.5284 898.109 60.6072 226.414
106.999 61.4376 898.628 60.6708 225.895
107.099 61.3469 899.147 60.7345 225.376
107.199 61.2562 899.665 60.7983 224.858
107.299 61.1656 900.183 60.8621 224.34
107.399 61.0749 900.701 60.9259 223.822
107.499 60.9843 901.218 60.9897 223.305
107.599 60.8937 901.736 61.0536 222.787
107.699 60.8032 902.253 61.1175 222.27
107.799 60.7127 902.769 61.1814 221.754
107.899 60.6222 903.286 61.2454 221.237
107.999 60.5317 903.802 61.3094 220.721
108.099 60.4413 904.317 61.3734 220.206
108.199 60.3509 904.833 61.4375 219.69
108.299 60.2605 905.348 61.5016 219.175
108.399 60.1701 905.863 61.5657 218.66
108.499 60.0798 906.378 61.6299 218.145
108.599 59.9895 906.892 61.6941 217.631
108.699 59.8992 907.406 61.7583 217.117
108.799 59.809 907.919 61.8226 216.603
108.899 59.7188 908.433 61.8869 216.09
108.999 59.6286 908.946 61.9512 215.577
109.099 59.5384 909.459 62.0156 215.064
109.199 59.4483 909.971 62.08 214.552
109.299 59.3582 910.483 62.1445 214.04
109.399 59.2681 910.995 62.2089 213.528
109.499 59.178 911.507 62.2735 213.016
109.599 59.088 912.018 62.338 212.505
109.699 58.998 912.529 62.4026 211.994
109.799 58.908 913.039 62.4672 211.484
109.899 58.8181 913.55 62.5319 210.973
109.999 58.7281 914.059 62.5966 210.464
110.099 58.6382 914.569 62.6613 209.954
110.199 58.5484 915.078 62.7261 209.445
110.299 58.4585 915.587 62.7909 208.936
110.399 58.3687 916.096 62.8557 208.427
110.499 58.2789 916.604 62.9206 207.919
110.599 58.1891 917.112 62.9855 207.411
110.699 58.0994 917.62 63.0504 206.903
110.799 58.0097 918.127 63.1154 206.396
110.899 57.92 918.634 63.1804 205.889
110.999 57.8304 919.141 63.2455 205.382
111.099 57.7407 919.647 63.3106 204.876
111.199 57.6511 920.153 63.3757 204.37
111.299 57.5615 920.658 63.4409 203.865
111.399 57.472 921.164 63.5061 203.359
111.499 57.3824 921.669 63.5714 202.854
111.599 57.2929 922.173 63.6367 202.35
111.699 57.2035 922.677 63.702 201.846
111.799 57.114 923.181 63.7674 201.342
111.899 57.0246 923.685 63.8328 200.838
111.999 56.9352 924.188 63.8982 200.335
112.099 56.8458 924.691 63.9637 199.832
112.199 56.7565 925.193 64.0292 199.33
112.299 56.6671 925.695 64.0948 198.828
112.399 56.5778 926.197 64.1604 198.326
112.499 56.4886 926.698 64.226 197.825
112.599 56.3993 927.199 64.2917 197.324
112.699 56.3101 927.7 64.3574 196.823
112.799 56.2209 928.2 64.4232 196.323
112.899 56.1317 928.7 64.489 195.823
112.999 56.0426 929.199 64.5549 195.323
113.099 55.9535 929.699 64.6207 194.824
113.199 55.8644 930.197 64.6867 194.326
113.299 55.7753 930.696 64.7526 193.827
113.399 55.6863 931.194 64.8186 193.329
113.499 55.5972 931.692 64.8847 192.831
113.599 55.5082 932.189 64.9508 192.334
113.699 55.4193 932.686 65.0169 191.837
113.799 55.3303 933.182 65.0831 191.341
113.899 55.2414 933.678 65.1493 190.845
113.999 55.1525 934.174 65.2156 190.349
114.099 55.0636 934.67 65.2819 189.853
114.199 54.9748 935.165 65.3482 189.358
114.299 54.886 935.659 65.4146 188.864
114.399 54.7972 936.153 65.4811 188.37
114.499 54.7084 936.647 65.5475 187.876
114.599 54.6197 937.141 65.6141 187.382
114.699 54.5309 937.634 65.6806 186.889
114.799 54.4422 938.126 65.7472 186.397
114.899 54.3536 938.619 65.8139 185.904
114.999 54.2649 939.11 65.8806 185.413
115.099 54.1763 939.602 65.9473 184.921
115.199 54.0877 940.093 66.0141 184.43
115.299 53.9991 940.584 66.0809 183.939
115.399 53.9106 941.074 66.1478 183.449
115.499 53.8221 941.564 66.2148 182.959
115.599 53.7336 942.053 66.2817 182.47
115.699 53.6451 942.542 66.3487 181.981
115.799 53.5566 943.031 66.4158 181.492
115.899 53.4682 943.519 66.4829 181.004
115.999 53.3798 944.007 66.5501 180.516
116.099 53.2914 944.494 66.6173 180.029
116.199 53.2031 944.981 66.6845 179.542
116.299 53.1147 945.468 66.7518 179.055
116.399 53.0264 945.954 66.8191 178.569
116.499 52.9381 946.439 66.8865 178.084
116.599 52.8499 946.925 66.954 177.598
116.699 52.7616 947.409 67.0214 177.114
116.799 52.6734 947.894 67.089 176.629
116.899 52.5852 948.378 67.1566 176.145
116.999 52.4971 948.861 67.2242 175.662
117.099 52.4089 949.345 67.2919 175.178
117.199 52.3208 949.827 67.3596 174.696
117.299 52.2327 950.31 67.4274 174.213
117.399 52.1446 950.791 67.4952 173.732
117.499 52.0566 951.273 67.5631 173.25
117.599 51.9686 951.754 67.631 172.769
117.699 51.8806 952.234 67.699 172.289
117.799 51.7926 952.714 67.767 171.809
117.899 51.7046 953.194 67.8351 171.329
117.999 51.6167 953.673 67.9032 170.85
118.099 51.5288 954.152 67.9714 170.371
118.199 51.4409 954.63 68.0396 169.893
118.299 51.353 955.108 68.1079 169.415
118.399 51.2652 955.585 68.1762 168.937
118.499 51.1774 956.062 68.2446 168.461
118.599 51.0896 956.539 68.313 167.984
118.699 51.0018 957.015 68.3815 167.508
118.799 50.9141 957.491 68.4501 167.032
118.899 50.8263 957.966 68.5187 166.557
118.999 50.7386 958.44 68.5873 166.083
119.099 50.651 958.915 68.656 165.608
119.199 50.5633 959.388 68.7248 165.135
119.299 50.4757 959.862 68.7936 164.661
119.399 50.3881 960.335 68.8624 164.188
119.499 50.3005 960.807 68.9314 163.716
119.599 50.2129 961.279 69.0003 163.244
119.699 50.1254 961.75 69.0694 162.773
119.799 50.0378 962.221 69.1384 162.302
119.899 49.9503 962.692 69.2076 161.831
119.999 49.8629 963.162 69.2768 161.361
120.099 49.7754 963.631 69.346 160.892
120.199 49.688 964.101 69.4153 160.422
120.299 49.6006 964.569 69.4847 159.954
120.399 49.5132 965.037 69.5541 159.486
120.499 49.4258 965.505 69.6236 159.018
120.599 49.3385 965.972 69.6931 158.551
120.699 49.2511 966.439 69.7627 158.084
120.799 49.1638 966.905 69.8324 157.618
120.899 49.0766 967.371 69.9021 157.152
120.999 48.9893 967.836 69.9718 156.687
121.099 48.9021 968.301 70.0417 156.222
121.199 48.8149 968.765 70.1115 155.758
121.299 48.7277 969.229 70.1815 155.294
121.399 48.6405 969.692 70.2515 154.831
121.499 48.5534 970.155 70.3216 154.368
121.599 48.4662 970.617 70.3917 153.906
121.699 48.3791 971.079 70.4619 153.444
121.799 48.2921 971.54 70.5321 152.983
121.899 48.205 972.001 70.6024 152.522
121.999 48.118 972.461 70.6728 152.062
122.099 48.031 972.921 70.7432 151.602
122.199 47.944 973.38 70.8137 151.143
122.299 47.857 973.839 70.8842 150.684
122.399 47.77 974.297 70.9549 150.226
122.499 47.6831 974.755 71.0255 149.768
122.599 47.5962 975.212 71.0963 149.311
122.699 47.5093 975.669 71.1671 148.854
122.799 47.4224 976.125 71.238 148.398
122.899 47.3356 976.581 71.3089 147.942
122.999 47.2488 977.036 71.3799 147.487
123.099 47.162 977.491 71.4509 147.032
123.199 47.0752 977.945 71.5221 146.578
123.299 46.9884 978.399 71.5933 146.124
123.399 46.9017 978.852 71.6645 145.671
123.499 46.815 979.305 71.7358 145.218
123.599 46.7283 979.757 71.8072 144.766
123.699 46.6416 980.208 71.8787 144.315
123.799 46.5549 980.659 71.9502 143.864
123.899 46.4683 981.11 72.0218 143.413
123.999 46.3817 981.56 72.0935 142.963
124.099 46.2951 982.009 72.1652 142.514
124.199 46.2085 982.458 72.237 142.065
124.299 46.122 982.907 72.3089 141.616
124.399 46.0354 983.355 72.3808 141.168
124.499 45.9489 983.802 72.4528 140.721
124.599 45.8624 984.249 72.5249 140.274
124.699 45.776 984.695 72.597 139.828
124.799 45.6895 985.141 72.6692 139.382
124.899 45.6031 985.586 72.7415 138.937
124.999 45.5167 986.031 72.8139 138.492
125.099 45.4303 986.475 72.8863 138.048
125.199 45.3439 986.918 72.9588 137.605
125.299 45.2576 987.361 73.0314 137.162
125.399 45.1713 987.804 73.104 136.719
125.499 45.085 988.246 73.1767 136.277
125.599 44.9987 988.687 73.2495 135.836
125.699 44.9124 989.128 73.3224 135.395
125.799 44.8261 989.568 73.3953 134.955
125.899 44.7399 990.008 73.4683 134.515
125.999 44.6537 990.447 73.5414 134.076
126.099 44.5675 990.886 73.6146 133.637
126.199 44.4814 991.324 73.6878 133.199
126.299 44.3952 991.761 73.7611 132.762
126.399 44.3091 992.198 73.8345 132.325
126.499 44.223 992.634 73.908 131.889
126.599 44.1369 993.07 73.9816 131.453
126.699 44.0508 993.505 74.0552 131.018
126.799 43.9648 993.94 74.1289 130.583
126.899 43.8787 994.374 74.2027 130.149
126.999 43.7927 994.808 74.2765 129.715
127.099 43.7067 995.241 74.3505 129.282
127.199 43.6208 995.673 74.4245 128.85
127.299 43.5348 996.105 74.4986 128.418
127.399 43.4489 996.536 74.5728 127.987
127.499 43.363 996.967 74.647 127.556
127.599 43.2771 997.397 74.7214 127.126
127.699 43.1912 997.826 74.7958 126.697
127.799 43.1053 998.255 74.8703 126.268
127.899 43.0195 998.684 74.9449 125.839
127.999 42.9337 999.111 75.0196 125.412
128.099 42.8479 999.539 75.0943 124.984
128.199 42.7621 999.965 75.1692 124.558
128.299 42.6763 1000.39 75.2441 124.132
128.399 42.5906 1000.82 75.3191 123.706
128.499 42.5049 1001.24 75.3942 123.281
128.599 42.4192 1001.67 75.4694 122.857
128.699 42.3335 1002.09 75.5447 122.433
128.799 42.2478 1002.51 75.6201 122.01
128.899 42.1621 1002.94 75.6955 121.588
128.999 42.0765 1003.36 75.7711 121.166
129.099 41.9909 1003.78 75.8467 120.745
129.199 41.9053 1004.2 75.9224 120.324
129.299 41.8197 1004.62 75.9982 119.904
129.399 41.7341 1005.04 76.0741 119.484
129.499 41.6486 1005.46 76.1501 119.065
129.599 41.5631 1005.88 76.2262 118.647
129.699 41.4776 1006.29 76.3024 118.229
129.799 41.3921 1006.71 76.3786 117.812
129.899 41.3066 1007.13 76.455 117.396
129.999 41.2212 1007.54 76.5314 116.98
130.099 41.1357 1007.96 76.608 116.564
130.199 41.0503 1008.37 76.6846 116.15
130.299 40.9649 1008.79 76.7613 115.736
130.399 40.8796 1009.2 76.8382 115.322
130.499 40.7942 1009.61 76.9151 114.909
130.599 40.7089 1010.03 76.9921 114.497
130.699 40.6235 1010.44 77.0692 114.086
130.799 40.5382 1010.85 77.1464 113.675
130.899 40.453 1011.26 77.2237 113.264
130.999 40.3677 1011.67 77.3011 112.854
131.099 40.2824 1012.08 77.3786 112.445
131.199 40.1972 1012.49 77.4563 112.037
131.299 40.112 1012.89 77.534 111.629
131.399 40.0268 1013.3 77.6118 111.222
131.499 39.9416 1013.71 77.6897 110.815
131.599 39.8564 1014.11 77.7677 110.409
131.699 39.7713 1014.52 77.8458 110.004
131.799 39.6862 1014.92 77.924 109.599
131.899 39.6011 1015.33 78.0023 109.195
131.999 39.516 1015.73 78.0808 108.791
132.099 39.4309 1016.13 78.1593 108.388
132.199 39.3458 1016.54 78.2379 107.986
132.299 39.2608 1016.94 78.3167 107.585
132.399 39.1758 1017.34 78.3955 107.184
132.499 39.0908 1017.74 78.4745 106.783
132.599 39.0058 1018.14 78.5535 106.384
132.699 38.9208 1018.54 78.6327 105.985
132.799 38.8359 1018.94 78.712 105.586
132.899 38.7509 1019.33 78.7914 105.189
132.999 38.666 1019.73 78.8709 104.791
133.099 38.5811 1020.13 78.9505 104.395
133.199 38.4962 1020.52 79.0302 103.999
133.299 38.4114 1020.92 79.11 103.604
133.399 38.3265 1021.31 79.19 103.21
133.499 38.2417 1021.71 79.27 102.816
133.599 38.1569 1022.1 79.3502 102.423
133.699 38.0721 1022.49 79.4305 102.03
133.799 37.9873 1022.88 79.5109 101.638
133.899 37.9025 1023.28 79.5914 101.247
133.999 37.8178 1023.67 79.6721 100.856
134.099 37.7331 1024.06 79.7528 100.466
134.199 37.6483 1024.45 79.8337 100.077
134.299 37.5636 1024.83 79.9147 99.6884
134.399 37.479 1025.22 79.9958 99.3005
134.499 37.3943 1025.61 80.0771 98.9132
134.599 37.3096 1026 80.1584 98.5266
134.699 37.225 1026.38 80.2399 98.1406
134.799 37.1404 1026.77 80.3215 97.7553
134.899 37.0558 1027.15 80.4033 97.3707
134.999 36.9712 1027.54 80.4851 96.9868
135.099 36.8867 1027.92 80.5671 96.6035
135.199 36.8021 1028.3 80.6492 96.2209
135.299 36.7176 1028.68 80.7314 95.8389
135.399 36.633 1029.07 80.8138 95.4577
135.499 36.5485 1029.45 80.8963 95.0771
135.599 36.4641 1029.83 80.9789 94.6971
135.699 36.3796 1030.21 81.0616 94.3179
135.799 36.2951 1030.58 81.1445 93.9393
135.899 36.2107 1030.96 81.2275 93.5615
135.999 36.1263 1031.34 81.3107 93.1843
136.099 36.0419 1031.72 81.3939 92.8077
136.199 35.9575 1032.09 81.4774 92.4319
136.299 35.8731 1032.47 81.5609 92.0567
136.399 35.7888 1032.84 81.6446 91.6823
136.499 35.7044 1033.21 81.7284 91.3085
136.599 35.6201 1033.59 81.8124 90.9354
136.699 35.5358 1033.96 81.8965 90.563
136.799 35.4515 1034.33 81.9807 90.1912
136.899 35.3672 1034.7 82.0651 89.8202
136.999 35.2829 1035.07 82.1496 89.4498
137.099 35.1987 1035.44 82.2342 89.0802
137.199 35.1145 1035.81 82.319 88.7112
137.299 35.0302 1036.18 82.404 88.343
137.399 34.946 1036.55 82.4891 87.9754
137.499 34.8619 1036.91 82.5743 87.6085
137.599 34.7777 1037.28 82.6597 87.2424
137.699 34.6935 1037.65 82.7452 86.8769
137.799 34.6094 1038.01 82.8309 86.5121
137.899 34.5253 1038.37 82.9167 86.1481
137.999 34.4412 1038.74 83.0027 85.7847
138.099 34.3571 1039.1 83.0888 85.422
138.199 34.273 1039.46 83.1751 85.0601
138.299 34.1889 1039.82 83.2615 84.6988
138.399 34.1049 1040.18 83.3481 84.3383
138.499 34.0208 1040.54 83.4348 83.9784
138.599 33.9368 1040.9 83.5217 83.6193
138.699 33.8528 1041.26 83.6088 83.2609
138.799 33.7688 1041.62 83.696 82.9032
138.899 33.6848 1041.98 83.7834 82.5462
138.999 33.6009 1042.33 83.8709 82.1899
139.099 33.5169 1042.69 83.9586 81.8343
139.199 33.433 1043.04 84.0465 81.4795
139.299 33.3491 1043.4 84.1345 81.1254
139.399 33.2652 1043.75 84.2227 80.7719
139.499 33.1813 1044.1 84.311 80.4193
139.599 33.0974 1044.46 84.3996 80.0673
139.699 33.0136 1044.81 84.4883 79.716
139.799 32.9297 1045.16 84.5771 79.3655
139.899 32.8459 1045.51 84.6661 79.0157
139.999 32.7621 1045.86 84.7553 78.6666
140.099 32.6783 1046.2 84.8447 78.3182
140.199 32.5945 1046.55 84.9343 77.9706
140.299 32.5107 1046.9 85.024 77.6237
140.399 32.427 1047.25 85.1139 77.2775
140.499 32.3432 1047.59 85.204 76.9321
140.599 32.2595 1047.94 85.2942 76.5873
140.699 32.1758 1048.28 85.3847 76.2434
140.799 32.0921 1048.62 85.4753 75.9001
140.899 32.0084 1048.97 85.5661 75.5576
140.999 31.9247 1049.31 85.657 75.2158
141.099 31.8411 1049.65 85.7482 74.8748
141.199 31.7574 1049.99 85.8396 74.5344
141.299 31.6738 1050.33 85.9311 74.1949
141.399 31.5902 1050.67 86.0228 73.856
141.499 31.5066 1051.01 86.1148 73.5179
141.599 31.423 1051.34 86.2069 73.1806
141.699 31.3394 1051.68 86.2992 72.844
141.799 31.2559 1052.01 86.3917 72.5081
141.899 31.1723 1052.35 86.4844 72.173
141.999 31.0888 1052.68 86.5773 71.8386
142.099 31.0053 1053.02 86.6704 71.505
142.199 30.9218 1053.35 86.7636 71.1721
142.299 30.8383 1053.68 86.8571 70.8399
142.399 30.7548 1054.01 86.9508 70.5086
142.499 30.6713 1054.35 87.0447 70.1779
142.6 30.5879 1054.67 87.1388 69.848
142.7 30.5045 1055 87.2331 69.5189
142.8 30.421 1055.33 87.3277 69.1905
142.9 30.3376 1055.66 87.4224 68.8629
143 30.2542 1055.99 87.5173 68.536
143.1 30.1708 1056.31 87.6125 68.2099
143.2 30.0875 1056.64 87.7079 67.8845
143.3 30.0041 1056.96 87.8034 67.5599
143.4 29.9208 1057.29 87.8992 67.2361
143.5 29.8374 1057.61 87.9953 66.913
143.6 29.7541 1057.93 88.0915 66.5907
143.7 29.6708 1058.25 88.188 66.2691
143.8 29.5875 1058.57 88.2847 65.9483
143.9 29.5042 1058.89 88.3816 65.6283
144 29.421 1059.21 88.4787 65.3091
144.1 29.3377 1059.53 88.5761 64.9906
144.2 29.2545 1059.85 88.6737 64.6728
144.3 29.1712 1060.17 88.7715 64.3559
144.4 29.088 1060.48 88.8696 64.0397
144.5 29.0048 1060.8 88.9679 63.7242
144.6 28.9216 1061.11 89.0664 63.4096
144.7 28.8385 1061.43 89.1652 63.0957
144.8 28.7553 1061.74 89.2642 62.7826
144.9 28.6721 1062.05 89.3635 62.4703
145 28.589 1062.36 89.463 62.1587
145.1 28.5059 1062.68 89.5628 61.8479
145.2 28.4228 1062.99 89.6628 61.5379
145.3 28.3397 1063.29 89.763 61.2287
145.4 28.2566 1063.6 89.8635 60.9202
145.5 28.1735 1063.91 89.9643 60.6125
145.6 28.0904 1064.22 90.0653 60.3056
145.7 28.0074 1064.52 90.1666 59.9995
145.8 27.9243 1064.83 90.2681 59.6942
145.9 27.8413 1065.13 90.3699 59.3897
146 27.7583 1065.44 90.472 59.0859
146.1 27.6753 1065.74 90.5743 58.7829
146.2 27.5923 1066.04 90.6769 58.4807
146.3 27.5093 1066.34 90.7797 58.1793
146.4 27.4263 1066.64 90.8829 57.8787
146.5 27.3434 1066.94 90.9863 57.5789
146.6 27.2604 1067.24 91.09 57.2798
146.7 27.1775 1067.54 91.194 56.9816
146.8 27.0946 1067.84 91.2982 56.6841
146.9 27.0117 1068.14 91.4027 56.3875
147 26.9288 1068.43 91.5075 56.0916
147.1 26.8459 1068.73 91.6127 55.7965
147.2 26.763 1069.02 91.718 55.5022
147.3 26.6802 1069.31 91.8237 55.2088
147.4 26.5973 1069.61 91.9297 54.9161
147.5 26.5145 1069.9 92.036 54.6242
147.6 26.4317 1070.19 92.1426 54.3331
147.7 26.3488 1070.48 92.2494 54.0428
147.8 26.266 1070.77 92.3566 53.7533
147.9 26.1832 1071.06 92.4641 53.4646
148 26.1005 1071.35 92.5719 53.1767
148.1 26.0177 1071.63 92.68 52.8896
148.2 25.9349 1071.92 92.7884 52.6034
148.3 25.8522 1072.21 92.8972 52.3179
148.4 25.7695 1072.49 93.0062 52.0332
148.5 25.6867 1072.77 93.1156 51.7493
148.6 25.604 1073.06 93.2253 51.4663
148.7 25.5213 1073.34 93.3353 51.184
148.8 25.4386 1073.62 93.4457 50.9026
148.9 25.3559 1073.9 93.5564 50.622
149 25.2733 1074.18 93.6674 50.3421
149.1 25.1906 1074.46 93.7787 50.0631
149.2 25.108 1074.74 93.8904 49.7849
149.3 25.0253 1075.02 94.0025 49.5076
149.4 24.9427 1075.29 94.1149 49.231
149.5 24.8601 1075.57 94.2276 48.9552
149.6 24.7775 1075.84 94.3407 48.6803
149.7 24.6949 1076.12 94.4541 48.4062
149.8 24.6123 1076.39 94.5679 48.1329
149.9 24.5298 1076.66 94.6821 47.8604
150 24.4472 1076.93 94.7966 47.5887
150.1 24.3647 1077.21 94.9115 47.3179
150.2 24.2821 1077.48 95.0268 47.0479
150.3 24.1996 1077.74 95.1424 46.7787
150.4 24.1171 1078.01 95.2584 46.5103
150.5 24.0346 1078.28 95.3748 46.2427
150.6 23.9521 1078.55 95.4916 45.976
150.7 23.8696 1078.81 95.6087 45.7101
150.8 23.7871 1079.08 95.7263 45.445
150.9 23.7046 1079.34 95.8442 45.1807
151 23.6222 1079.61 95.9625 44.9173
151.1 23.5397 1079.87 96.0813 44.6547
151.2 23.4573 1080.13 96.2004 44.3929
151.3 23.3749 1080.39 96.3199 44.132
151.4 23.2925 1080.65 96.4399 43.8719
151.5 23.2101 1080.91 96.5602 43.6126
151.6 23.1277 1081.17 96.681 43.3542
151.7 23.0453 1081.43 96.8022 43.0966
151.8 22.9629 1081.68 96.9238 42.8398
151.9 22.8806 1081.94 97.0459 42.5838
152 22.7982 1082.19 97.1683 42.3287
152.1 22.7159 1082.45 97.2913 42.0744
152.2 22.6335 1082.7 97.4146 41.821
152.3 22.5512 1082.95 97.5384 41.5684
152.4 22.4689 1083.21 97.6626 41.3166
152.5 22.3866 1083.46 97.7873 41.0657
152.6 22.3043 1083.71 97.9125 40.8156
152.7 22.222 1083.96 98.0381 40.5664
152.8 22.1397 1084.2 98.1641 40.318
152.9 22.0575 1084.45 98.2907 40.0704
153 21.9752 1084.7 98.4177 39.8237
153.1 21.893 1084.95 98.5451 39.5779
153.2 21.8107 1085.19 98.6731 39.3328
153.3 21.7285 1085.43 98.8015 39.0887
153.4 21.6463 1085.68 98.9305 38.8453
153.5 21.5641 1085.92 99.0599 38.6028
153.6 21.4819 1086.16 99.1898 38.3612
153.7 21.3997 1086.4 99.3202 38.1204
153.8 21.3175 1086.64 99.4511 37.8804
153.9 21.2353 1086.88 99.5826 37.6414
154 21.1532 1087.12 99.7145 37.4031
154.1 21.071 1087.36 99.847 37.1657
154.2 20.9889 1087.59 99.98 36.9292
154.3 20.9067 1087.83 100.114 36.6935
154.4 20.8246 1088.06 100.248 36.4586
154.5 20.7425 1088.3 100.382 36.2247
154.6 20.6604 1088.53 100.517 35.9915
154.7 20.5783 1088.76 100.653 35.7593
154.8 20.4962 1089 100.789 35.5279
154.9 20.4141 1089.23 100.926 35.2973
155 20.3321 1089.46 101.063 35.0676
155.1 20.25 1089.68 101.201 34.8388
155.2 20.1679 1089.91 101.34 34.6108
155.3 20.0859 1090.14 101.479 34.3836
155.4 20.0039 1090.37 101.619 34.1574
155.5 19.9218 1090.59 101.759 33.932
155.6 19.8398 1090.82 101.9 33.7074
155.7 19.7578 1091.04 102.041 33.4838
155.8 19.6758 1091.26 102.183 33.2609
155.9 19.5938 1091.48 102.326 33.039
156 19.5118 1091.71 102.469 32.8179
156.1 19.4299 1091.93 102.613 32.5977
156.2 19.3479 1092.14 102.758 32.3783
156.3 19.2659 1092.36 102.903 32.1598
156.4 19.184 1092.58 103.049 31.9422
156.5 19.102 1092.8 103.195 31.7254
156.6 19.0201 1093.01 103.343 31.5096
156.7 18.9382 1093.23 103.49 31.2945
156.8 18.8563 1093.44 103.639 31.0804
156.9 18.7743 1093.66 103.788 30.8671
157 18.6924 1093.87 103.938 30.6547
157.1 18.6106 1094.08 104.088 30.4432
157.2 18.5287 1094.29 104.24 30.2325
157.3 18.4468 1094.5 104.392 30.0227
157.4 18.3649 1094.71 104.544 29.8138
157.5 18.2831 1094.92 104.698 29.6058
157.6 18.2012 1095.12 104.852 29.3986
157.7 18.1194 1095.33 105.007 29.1923
157.8 18.0375 1095.54 105.162 28.9869
157.9 17.9557 1095.74 105.318 28.7823
158 17.8739 1095.94 105.476 28.5787
158.1 17.7921 1096.15 105.633 28.3759
158.2 17.7103 1096.35 105.792 28.174
158.3 17.6285 1096.55 105.951 27.973
158.4 17.5467 1096.75 106.111 27.7728
158.5 17.4649 1096.95 106.272 27.5735
158.6 17.3831 1097.15 106.434 27.3752
158.7 17.3013 1097.35 106.597 27.1776
158.8 17.2196 1097.54 106.76 26.981
158.9 17.1378 1097.74 106.924 26.7853
159.001 17.0561 1097.93 107.089 26.5904
159.101 16.9743 1098.13 107.255 26.3965
159.201 16.8926 1098.32 107.422 26.2034
159.301 16.8109 1098.51 107.589 26.0112
159.401 16.7292 1098.7 107.758 25.8199
159.501 16.6475 1098.89 107.927 25.6294
159.601 16.5658 1099.08 108.097 25.4399
159.701 16.4841 1099.27 108.268 25.2512
159.801 16.4024 1099.46 108.44 25.0635
159.901 16.3207 1099.65 108.613 24.8766
160.001 16.239 1099.83 108.787 24.6906
160.101 16.1574 1100.02 108.962 24.5055
160.201 16.0757 1100.2 109.138 24.3213
160.301 15.994 1100.39 109.314 24.138
160.401 15.9124 1100.57 109.492 23.9555
160.501 15.8308 1100.75 109.67 23.774
160.601 15.7491 1100.93 109.85 23.5934
160.701 15.6675 1101.11 110.03 23.4136
160.801 15.5859 1101.29 110.212 23.2348
160.901 15.5043 1101.47 110.395 23.0568
161.001 15.4227 1101.64 110.578 22.8797
161.101 15.3411 1101.82 110.763 22.7036
161.201 15.2595 1101.99 110.948 22.5283
161.301 15.1779 1102.17 111.135 22.3539
161.401 15.0963 1102.34 111.323 22.1804
161.501 15.0147 1102.52 111.512 22.0078
161.601 14.9332 1102.69 111.702 21.8362
161.701 14.8516 1102.86 111.893 21.6654
161.801 14.7701 1103.03 112.085 21.4955
161.901 14.6885 1103.2 112.278 21.3265
162.001 14.607 1103.36 112.472 21.1584
162.101 14.5254 1103.53 112.668 20.9912
162.201 14.4439 1103.7 112.864 20.8249
162.301 14.3624 1103.86 113.062 20.6595
162.401 14.2809 1104.03 113.261 20.4951
162.501 14.1994 1104.19 113.462 20.3315
162.601 14.1179 1104.35 113.663 20.1688
162.701 14.0364 1104.52 113.866 20.007
162.801 13.9549 1104.68 114.069 19.8462
162.901 13.8734 1104.84 114.275 19.6862
163.001 13.7919 1105 114.481 19.5271
163.101 13.7105 1105.15 114.689 19.369
163.201 13.629 1105.31 114.898 19.2117
163.301 13.5475 1105.47 115.108 19.0554
163.401 13.4661 1105.62 115.319 18.9
163.501 13.3846 1105.78 115.532 18.7454
163.601 13.3032 1105.93 115.746 18.5918
163.701 13.2217 1106.08 115.962 18.4391
163.801 13.1403 1106.24 116.179 18.2873
163.901 13.0589 1106.39 116.397 18.1364
164.001 12.9775 1106.54 116.617 17.9864
164.101 12.8961 1106.69 116.838 17.8373
164.201 12.8146 1106.83 117.061 17.6892
164.301 12.7332 1106.98 117.285 17.5419
164.401 12.6518 1107.13 117.51 17.3956
164.501 12.5705 1107.27 117.737 17.2502
164.601 12.4891 1107.42 117.965 17.1056
164.701 12.4077 1107.56 118.195 16.962
164.801 12.3263 1107.7 118.427 16.8194
164.901 12.2449 1107.85 118.66 16.6776
165.001 12.1636 1107.99 118.894 16.5367
165.101 12.0822 1108.13 119.13 16.3968
165.201 12.0009 1108.27 119.368 16.2577
165.301 11.9195 1108.4 119.607 16.1196
165.401 11.8382 1108.54 119.848 15.9824
165.501 11.7568 1108.68 120.091 15.8461
165.601 11.6755 1108.81 120.335 15.7108
165.701 11.5942 1108.95 120.581 15.5763
165.801 11.5128 1109.08 120.828 15.4428
165.901 11.4315 1109.21 121.077 15.3102
166.001 11.3502 1109.34 121.328 15.1785
166.101 11.2689 1109.48 121.581 15.0477
166.201 11.1876 1109.61 121.836 14.9178
166.301 11.1063 1109.73 122.092 14.7889
166.401 11.025 1109.86 122.35 14.6609
166.501 10.9437 1109.99 122.61 14.5338
166.601 10.8624 1110.12 122.871 14.4076
166.701 10.7811 1110.24 123.135 14.2824
166.801 10.6999 1110.36 123.4 14.158
166.901 10.6186 1110.49 123.668 14.0346
167.001 10.5373 1110.61 123.937 13.9121
167.101 10.4561 1110.73 124.208 13.7906
167.201 10.3748 1110.85 124.481 13.6699
167.301 10.2936 1110.97 124.756 13.5502
167.401 10.2123 1111.09 125.033 13.4314
167.501 10.1311 1111.21 125.312 13.3135
167.601 10.0498 1111.33 125.593 13.1966
167.701 9.96858 1111.44 125.876 13.0805
167.801 9.88735 1111.56 126.161 12.9654
167.901 9.80613 1111.67 126.449 12.8513
168.001 9.7249 1111.78 126.738 12.738
168.101 9.64368 1111.9 127.029 12.6257
168.201 9.56247 1112.01 127.323 12.5143
168.301 9.48126 1112.12 127.619 12.4038
168.401 9.40005 1112.23 127.917 12.2943
168.501 9.31885 1112.34 128.217 12.1857
168.601 9.23765 1112.44 128.519 12.078
168.701 9.15646 1112.55 128.824 11.9712
168.801 9.07527 1112.66 129.131 11.8654
168.901 8.99408 1112.76 129.44 11.7605
169.001 8.9129 1112.87 129.752 11.6566
169.101 8.83172 1112.97 130.065 11.5535
169.201 8.75055 1113.07 130.382 11.4514
169.301 8.66938 1113.17 130.7 11.3502
169.401 8.58821 1113.27 131.021 11.25
169.501 8.50704 1113.37 131.344 11.1506
169.601 8.42588 1113.47 131.67 11.0523
169.701 8.34473 1113.57 131.998 10.9548
169.801 8.26358 1113.66 132.329 10.8583
169.901 8.18243 1113.76 132.662 10.7627
170.001 8.10128 1113.85 132.998 10.668
170.101 8.02014 1113.95 133.336 10.5743
170.201 7.939 1114.04 133.677 10.4815
170.301 7.85787 1114.13 134.02 10.3896
170.401 7.77673 1114.22 134.366 10.2987
170.501 7.69561 1114.31 134.715 10.2087
170.601 7.61448 1114.4 135.066 10.1197
170.701 7.53336 1114.49 135.419 10.0315
170.801 7.45224 1114.58 135.776 9.94433
170.901 7.37113 1114.66 136.135 9.85807
171.001 7.29001 1114.75 136.497 9.77275
171.101 7.2089 1114.83 136.861 9.68836
171.201 7.1278 1114.92 137.229 9.60491
171.301 7.0467 1115 137.599 9.52239
171.401 6.9656 1115.08 137.971 9.44081
171.501 6.8845 1115.16 138.347 9.36017
171.601 6.80341 1115.24 138.725 9.28046
171.701 6.72231 1115.32 139.107 9.20169
171.801 6.64123 1115.4 139.491 9.12385
171.901 6.56014 1115.48 139.877 9.04696
172.001 6.47906 1115.55 140.267 8.971
172.101 6.39798 1115.63 140.66 8.89598
172.201 6.3169 1115.7 141.055 8.82189
172.301 6.23583 1115.77 141.453 8.74875
172.401 6.15476 1115.85 141.855 8.67654
172.501 6.07369 1115.92 142.259 8.60527
172.601 5.99262 1115.99 142.666 8.53494
172.701 5.91156 1116.06 143.076 8.46555
172.801 5.8305 1116.13 143.489 8.3971
172.901 5.74944 1116.19 143.904 8.32959
173.001 5.66839 1116.26 144.323 8.26301
173.101 5.58733 1116.33 144.745 8.19738
173.201 5.50628 1116.39 145.17 8.13269
173.301 5.42523 1116.45 145.597 8.06894
173.401 5.34419 1116.52 146.028 8.00613
173.501 5.26314 1116.58 146.462 7.94425
173.601 5.1821 1116.64 146.898 7.88332
173.701 5.10106 1116.7 147.338 7.82333
173.801 5.02002 1116.76 147.78 7.76429
173.901 4.93899 1116.82 148.226 7.70618
174.001 4.85796 1116.87 148.674 7.64901
174.101 4.77692 1116.93 149.126 7.59279
174.201 4.6959 1116.99 149.58 7.53751
174.301 4.61487 1117.04 150.038 7.48317
174.401 4.53384 1117.09 150.498 7.42977
174.501 4.45282 1117.15 150.961 7.37732
174.601 4.3718 1117.2 151.427 7.32581
174.701 4.29078 1117.25 151.896 7.27524
174.801 4.20976 1117.3 152.368 7.22561
174.901 4.12875 1117.35 152.843 7.17693
175.001 4.04774 1117.39 153.321 7.12919
175.101 3.96672 1117.44 153.801 7.08239
175.201 3.88571 1117.49 154.285 7.03653
175.301 3.8047 1117.53 154.771 6.99162
175.402 3.7237 1117.58 155.26 6.94766
175.502 3.64269 1117.62 155.751 6.90464
175.602 3.56169 1117.66 156.246 6.86256
175.702 3.48069 1117.7 156.743 6.82142
175.802 3.39969 1117.74 157.242 6.78123
175.902 3.31869 1117.78 157.745 6.74199
176.002 3.23769 1117.82 158.25 6.70368
176.102 3.15669 1117.86 158.757 6.66633
176.202 3.0757 1117.89 159.268 6.62992
176.302 2.99471 1117.93 159.78 6.59445
176.402 2.91371 1117.96 160.295 6.55993
176.502 2.83272 1118 160.813 6.52635
176.602 2.75173 1118.03 161.332 6.49372
176.702 2.67074 1118.06 161.855 6.46203
176.802 2.58976 1118.09 162.379 6.43129
176.902 2.50877 1118.12 162.906 6.40149
177.002 2.42778 1118.15 163.435 6.37264
177.102 2.3468 1118.18 163.966 6.34474
177.202 2.26582 1118.21 164.499 6.31778
177.302 2.18483 1118.23 165.034 6.29177
177.402 2.10385 1118.26 165.571 6.2667
177.502 2.02287 1118.28 166.11 6.24258
177.602 1.94189 1118.3 166.651 6.2194
177.702 1.86091 1118.33 167.194 6.19717
177.802 1.77994 1118.35 167.738 6.17589
177.902 1.69896 1118.37 168.284 6.15555
178.002 1.61798 1118.39 168.832 6.13616
178.102 1.53701 1118.41 169.381 6.11772
178.202 1.45603 1118.42 169.932 6.10022
178.302 1.37506 1118.44 170.484 6.08367
178.402 1.29408 1118.45 171.037 6.06806
178.502 1.21311 1118.47 171.592 6.0534
178.602 1.13214 1118.48 172.147 6.03969
178.702 1.05117 1118.5 172.704 6.02693
178.802 0.970194 1118.51 173.262 6.01511
178.902 0.889222 1118.52 173.821 6.00424
179.002 0.808251 1118.53 174.381 5.99431
179.102 0.727281 1118.54 174.942 5.98533
179.202 0.64631 1118.55 175.503 5.9773
179.302 0.56534 1118.55 176.065 5.97022
179.402 0.48437 1118.56 176.627 5.96408
179.502 0.403401 1118.56 177.19 5.95889
179.602 0.322431 1118.57 177.754 5.95464
179.702 0.241462 1118.57 178.318 5.95135
179.802 0.160493 1118.57 178.882 5.949
179.902 0.0795238 1118.58 179.446 5.94759
